28 1 0.0011 -0.0005 100.0 518.67 641.68 1583.42 1400.12 14.62 21.61 554.34 2388.03 9068.23 1.3 47.5 522.42 2388.02 8144.41 8.3839 0.03 392 2388 100.0 38.92 23.4233
28 2 -0.0001 -0.0003 100.0 518.67 642.44 1586.09 1398.13 14.62 21.61 553.78 2388.06 9069.07 1.3 47.34 521.61 2388.03 8148.12 8.4456 0.03 392 2388 100.0 38.91 23.307
28 3 -0.0015 0.0003 100.0 518.67 641.95 1590.34 1398.64 14.62 21.61 554.72 2388.0 9066.4 1.3 47.19 522.36 2388.02 8144.37 8.4285 0.03 393 2388 100.0 39.02 23.4584
28 4 -0.0022 0.0001 100.0 518.67 642.54 1587.52 1396.58 14.62 21.61 553.64 2388.05 9059.79 1.3 47.52 522.3 2388.06 8137.96 8.4226 0.03 391 2388 100.0 38.9 23.3523
28 5 -0.0064 -0.0001 100.0 518.67 641.98 1587.03 1400.98 14.62 21.61 553.71 2388.05 9067.6 1.3 47.3 521.76 2388.05 8142.08 8.4673 0.03 392 2388 100.0 39.13 23.4429
28 6 0.0002 0.0005 100.0 518.67 642.4 1579.74 1400.36 14.62 21.61 554.71 2388.09 9055.85 1.3 47.44 521.75 2388.04 8146.19 8.4215 0.03 393 2388 100.0 38.98 23.3571
28 7 -0.0 -0.0001 100.0 518.67 641.76 1583.91 1397.49 14.62 21.61 553.94 2388.06 9069.95 1.3 47.26 521.72 2388.04 8141.88 8.4242 0.03 393 2388 100.0 38.82 23.3116
28 8 -0.0017 0.0003 100.0 518.67 641.92 1584.7 1404.18 14.62 21.61 554.04 2388.06 9060.12 1.3 47.48 521.92 2388.04 8144.84 8.4424 0.03 393 2388 100.0 39.07 23.4067
28 9 -0.0003 0.0005 100.0 518.67 642.83 1589.6 1403.85 14.62 21.61 555.09 2388.03 9067.07 1.3 47.35 521.72 2388.05 8146.88 8.3926 0.03 391 2388 100.0 39.04 23.2564
28 10 -0.0043 -0.0005 100.0 518.67 642.64 1589.25 1404.03 14.62 21.61 553.87 2388.08 9057.02 1.3 47.45 522.32 2388.09 8136.13 8.4245 0.03 392 2388 100.0 38.84 23.3951
28 11 0.0011 -0.0002 100.0 518.67 642.5 1580.24 1399.47 14.62 21.61 553.95 2388.05 9058.92 1.3 47.38 521.91 2388.06 8145.18 8.4221 0.03 391 2388 100.0 39.1 23.4408
28 12 -0.0002 -0.0003 100.0 518.67 641.88 1584.72 1406.79 14.62 21.61 553.95 2388.06 9067.16 1.3 47.17 521.34 2388.03 8146.81 8.4395 0.03 392 2388 100.0 38.96 23.3187
28 13 0.0006 0.0004 100.0 518.67 642.45 1587.17 1403.39 14.62 21.61 554.41 2388.03 9055.71 1.3 47.29 521.61 2388.03 8151.08 8.4074 0.03 393 2388 100.0 38.88 23.378
28 14 -0.0017 0.0 100.0 518.67 642.42 1590.6 1405.76 14.62 21.6 554.07 2388.07 9062.06 1.3 47.33 522.31 2388.04 8142.42 8.4513 0.03 391 2388 100.0 38.88 23.3789
28 15 0.001 -0.0 100.0 518.67 642.46 1584.17 1402.75 14.62 21.61 553.9 2388.05 9064.67 1.3 47.25 522.25 2388.02 8153.89 8.4317 0.03 393 2388 100.0 38.89 23.3569
28 16 -0.0036 -0.0002 100.0 518.67 642.88 1591.97 1406.93 14.62 21.6 553.75 2388.0 9066.96 1.3 47.31 522.19 2388.04 8142.26 8.4026 0.03 392 2388 100.0 39.03 23.3817
28 17 -0.0036 0.0001 100.0 518.67 642.04 1592.89 1403.18 14.62 21.61 554.2 2388.02 9064.97 1.3 47.47 522.61 2388.07 8141.41 8.4408 0.03 392 2388 100.0 38.81 23.3442
28 18 -0.0007 0.0001 100.0 518.67 642.42 1584.93 1406.36 14.62 21.61 554.01 2388.0 9059.62 1.3 47.24 521.65 2388.08 8145.56 8.4484 0.03 393 2388 100.0 38.97 23.4535
28 19 0.0015 0.0 100.0 518.67 642.11 1589.01 1400.42 14.62 21.61 554.11 2388.05 9069.23 1.3 47.4 522.15 2388.03 8140.25 8.4116 0.03 391 2388 100.0 38.96 23.2456
28 20 0.002 0.0001 100.0 518.67 642.66 1589.01 1399.96 14.62 21.61 554.12 2388.04 9073.2 1.3 47.16 522.08 2388.05 8148.37 8.4203 0.03 393 2388 100.0 39.02 23.332
28 21 0.0015 0.0005 100.0 518.67 641.95 1592.69 1403.89 14.62 21.61 553.58 2388.0 9067.05 1.3 47.29 522.07 2388.0 8146.04 8.408 0.03 393 2388 100.0 38.98 23.4409
28 22 0.0048 -0.0004 100.0 518.67 642.58 1591.3 1398.88 14.62 21.61 554.36 2388.1 9065.28 1.3 47.38 521.89 2388.0 8143.36 8.3768 0.03 391 2388 100.0 38.97 23.3026
28 23 -0.0006 -0.0005 100.0 518.67 642.14 1589.13 1402.68 14.62 21.61 553.63 2388.04 9064.62 1.3 47.33 521.91 2388.02 8150.38 8.4192 0.03 393 2388 100.0 38.91 23.2143
28 24 -0.0034 0.0004 100.0 518.67 642.46 1583.67 1401.1 14.62 21.61 554.07 2388.02 9056.71 1.3 47.27 522.22 2388.02 8139.85 8.3797 0.03 392 2388 100.0 38.98 23.3411
28 25 -0.0004 -0.0004 100.0 518.67 642.75 1583.05 1394.91 14.62 21.61 553.47 2388.03 9067.5 1.3 47.42 522.18 2388.05 8143.93 8.4595 0.03 393 2388 100.0 39.1 23.39
28 26 0.0044 -0.0005 100.0 518.67 642.21 1586.99 1402.34 14.62 21.61 553.81 2388.05 9060.49 1.3 47.31 521.97 2388.05 8141.87 8.4121 0.03 391 2388 100.0 38.88 23.3812
28 27 -0.0015 -0.0003 100.0 518.67 642.58 1584.09 1406.46 14.62 21.61 553.69 2388.09 9069.29 1.3 47.51 521.76 2388.02 8143.78 8.4132 0.03 394 2388 100.0 39.07 23.4052
28 28 0.0007 0.0004 100.0 518.67 642.2 1586.59 1401.3 14.62 21.61 554.15 2388.06 9063.02 1.3 47.39 522.16 2388.07 8147.17 8.4253 0.03 391 2388 100.0 38.85 23.3882
28 29 0.0005 -0.0002 100.0 518.67 641.59 1590.26 1398.26 14.62 21.61 553.93 2388.04 9061.58 1.3 47.38 522.53 2388.1 8142.89 8.4213 0.03 392 2388 100.0 38.71 23.3171
28 30 0.0012 0.0 100.0 518.67 642.23 1589.16 1402.74 14.62 21.61 553.88 2388.0 9067.53 1.3 47.34 521.86 2388.04 8140.41 8.4106 0.03 394 2388 100.0 38.86 23.4008
28 31 -0.0007 0.0004 100.0 518.67 642.69 1583.39 1405.88 14.62 21.61 553.6 2387.96 9055.84 1.3 47.52 521.59 2388.04 8142.67 8.4162 0.03 391 2388 100.0 38.94 23.3097
28 32 -0.004 -0.0001 100.0 518.67 642.65 1589.93 1391.87 14.62 21.61 553.93 2388.08 9059.98 1.3 47.31 521.99 2388.06 8142.81 8.4156 0.03 392 2388 100.0 38.97 23.2803
28 33 -0.0012 -0.0005 100.0 518.67 642.09 1579.64 1411.49 14.62 21.61 553.88 2388.04 9059.1 1.3 47.45 522.16 2388.02 8145.51 8.4324 0.03 391 2388 100.0 39.05 23.4461
28 34 0.0012 0.0003 100.0 518.67 642.82 1586.94 1396.49 14.62 21.61 553.38 2387.97 9060.49 1.3 47.28 522.0 2388.02 8148.23 8.4094 0.03 391 2388 100.0 38.9 23.3709
28 35 -0.0009 -0.0004 100.0 518.67 642.49 1587.6 1403.23 14.62 21.61 553.49 2388.0 9065.85 1.3 47.26 521.45 2388.06 8144.66 8.4 0.03 392 2388 100.0 38.84 23.4049
28 36 -0.0003 0.0004 100.0 518.67 642.44 1586.2 1398.29 14.62 21.61 553.75 2388.05 9062.72 1.3 47.37 522.0 2388.02 8143.53 8.4384 0.03 391 2388 100.0 39.04 23.4275
28 37 -0.0006 -0.0003 100.0 518.67 642.16 1590.65 1402.34 14.62 21.61 553.95 2388.02 9059.67 1.3 47.27 521.93 2388.09 8140.06 8.4179 0.03 393 2388 100.0 38.96 23.3404
28 38 -0.0024 -0.0004 100.0 518.67 642.29 1583.95 1401.63 14.62 21.61 553.4 2388.12 9056.43 1.3 47.46 521.93 2388.06 8145.11 8.4252 0.03 393 2388 100.0 39.06 23.4098
28 39 -0.0016 0.0003 100.0 518.67 642.15 1590.53 1403.93 14.62 21.61 554.54 2388.01 9058.46 1.3 47.25 521.88 2388.03 8148.01 8.392 0.03 391 2388 100.0 38.87 23.3155
28 40 0.0028 0.0004 100.0 518.67 642.51 1585.4 1409.1 14.62 21.61 554.85 2388.06 9055.6 1.3 47.32 521.87 2388.03 8142.96 8.4093 0.03 391 2388 100.0 38.98 23.2159
28 41 -0.0026 0.0002 100.0 518.67 642.16 1588.63 1406.24 14.62 21.61 554.99 2388.03 9066.66 1.3 47.22 522.26 2388.08 8138.46 8.4427 0.03 392 2388 100.0 39.01 23.3717
28 42 -0.0008 -0.0001 100.0 518.67 642.33 1589.0 1403.92 14.62 21.61 553.13 2388.07 9056.32 1.3 47.41 521.71 2388.03 8143.96 8.3981 0.03 392 2388 100.0 38.99 23.4476
28 43 -0.0017 0.0004 100.0 518.67 642.4 1583.23 1401.03 14.62 21.61 554.43 2388.03 9063.26 1.3 47.1 521.97 2388.09 8146.69 8.4084 0.03 392 2388 100.0 38.97 23.2472
28 44 -0.0041 0.0001 100.0 518.67 642.57 1583.3 1404.79 14.62 21.61 554.42 2388.02 9059.74 1.3 47.39 522.12 2388.04 8146.48 8.4237 0.03 394 2388 100.0 38.93 23.2021
28 45 -0.0006 -0.0004 100.0 518.67 642.13 1589.55 1402.59 14.62 21.61 553.72 2388.03 9070.77 1.3 47.5 521.88 2388.05 8144.93 8.4383 0.03 391 2388 100.0 38.72 23.3535
28 46 0.0011 -0.0005 100.0 518.67 642.73 1591.19 1397.11 14.62 21.61 553.63 2388.06 9062.15 1.3 47.29 522.52 2388.06 8145.77 8.4213 0.03 392 2388 100.0 39.01 23.4192
28 47 0.0007 0.0002 100.0 518.67 642.51 1586.68 1405.18 14.62 21.61 554.13 2388.04 9063.06 1.3 47.36 521.56 2388.06 8141.39 8.3798 0.03 391 2388 100.0 39.01 23.2318
28 48 0.003 0.0004 100.0 518.67 642.08 1585.53 1400.88 14.62 21.61 553.86 2388.03 9059.04 1.3 47.25 521.98 2388.05 8141.86 8.4346 0.03 392 2388 100.0 39.05 23.3119
28 49 0.0007 0.0002 100.0 518.67 643.25 1588.25 1402.11 14.62 21.61 553.75 2388.06 9049.5 1.3 47.42 521.32 2387.99 8145.35 8.4454 0.03 391 2388 100.0 38.98 23.3562
28 50 -0.0001 0.0002 100.0 518.67 642.54 1581.97 1402.87 14.62 21.61 553.65 2388.06 9067.23 1.3 47.46 522.44 2388.06 8148.16 8.429 0.03 393 2388 100.0 38.97 23.3524
28 51 -0.0016 0.0004 100.0 518.67 642.71 1585.92 1403.72 14.62 21.61 554.36 2388.03 9062.21 1.3 47.37 521.67 2388.04 8145.72 8.4075 0.03 394 2388 100.0 38.9 23.3529
28 52 0.0032 0.0004 100.0 518.67 642.55 1582.14 1411.42 14.62 21.61 553.89 2388.07 9059.94 1.3 47.32 521.97 2388.06 8150.48 8.3909 0.03 393 2388 100.0 38.93 23.3572
28 53 -0.0014 -0.0001 100.0 518.67 642.14 1586.74 1405.64 14.62 21.61 553.65 2388.05 9067.23 1.3 47.27 522.15 2388.04 8144.49 8.4445 0.03 391 2388 100.0 38.79 23.355
28 54 0.0045 0.0004 100.0 518.67 642.88 1583.54 1404.45 14.62 21.61 554.12 2388.08 9069.19 1.3 47.45 521.71 2388.02 8142.91 8.4206 0.03 392 2388 100.0 38.96 23.3802
28 55 -0.0036 0.0004 100.0 518.67 641.98 1577.88 1407.12 14.62 21.61 554.41 2388.03 9068.7 1.3 47.39 521.86 2388.03 8142.75 8.4214 0.03 392 2388 100.0 38.95 23.3569
28 56 0.0 -0.0002 100.0 518.67 642.13 1583.73 1406.79 14.62 21.61 553.8 2388.05 9060.87 1.3 47.51 521.88 2388.05 8143.07 8.4281 0.03 392 2388 100.0 39.17 23.3867
28 57 -0.0002 0.0002 100.0 518.67 642.81 1589.43 1406.0 14.62 21.61 553.66 2388.02 9058.15 1.3 47.46 521.68 2388.04 8145.76 8.4245 0.03 391 2388 100.0 39.03 23.3791
28 58 -0.0 -0.0002 100.0 518.67 642.79 1590.04 1404.64 14.62 21.61 553.4 2388.1 9053.34 1.3 47.48 522.04 2388.07 8148.84 8.4325 0.03 392 2388 100.0 38.94 23.3038
28 59 -0.0028 0.0001 100.0 518.67 642.59 1593.34 1403.5 14.62 21.61 554.22 2388.04 9065.09 1.3 47.29 521.76 2388.06 8146.33 8.426 0.03 393 2388 100.0 38.74 23.1978
28 60 0.0003 0.0004 100.0 518.67 642.23 1594.11 1404.44 14.62 21.61 553.92 2388.07 9058.45 1.3 47.34 521.37 2388.07 8145.33 8.4145 0.03 391 2388 100.0 38.84 23.2932
28 61 0.0005 0.0004 100.0 518.67 641.43 1588.43 1404.37 14.62 21.61 553.97 2388.01 9068.69 1.3 47.31 521.44 2388.04 8143.99 8.4345 0.03 393 2388 100.0 38.74 23.3279
28 62 0.0008 -0.0002 100.0 518.67 642.17 1583.7 1402.55 14.62 21.61 554.34 2388.1 9062.49 1.3 47.39 521.9 2388.02 8143.9 8.4068 0.03 391 2388 100.0 38.98 23.3342
28 63 0.0011 -0.0004 100.0 518.67 642.8 1588.24 1397.01 14.62 21.61 553.74 2388.05 9066.2 1.3 47.49 521.89 2388.09 8146.16 8.4408 0.03 392 2388 100.0 38.94 23.3668
28 64 -0.0004 0.0004 100.0 518.67 642.53 1589.82 1397.18 14.62 21.61 554.42 2388.02 9061.61 1.3 47.32 521.79 2388.03 8142.96 8.4345 0.03 392 2388 100.0 38.95 23.367
28 65 -0.0028 -0.0003 100.0 518.67 642.32 1586.0 1401.4 14.62 21.61 554.33 2388.04 9060.65 1.3 47.25 521.89 2388.03 8148.01 8.4298 0.03 392 2388 100.0 39.03 23.3325
28 66 0.0015 -0.0002 100.0 518.67 642.41 1596.0 1404.58 14.62 21.6 554.47 2388.05 9065.17 1.3 47.41 522.0 2388.1 8148.95 8.4335 0.03 392 2388 100.0 38.97 23.2463
28 67 0.0011 0.0005 100.0 518.67 642.78 1588.99 1401.97 14.62 21.61 553.23 2388.02 9059.37 1.3 47.34 521.95 2388.04 8143.52 8.4354 0.03 393 2388 100.0 38.97 23.4141
28 68 -0.0012 -0.0005 100.0 518.67 642.13 1587.61 1406.81 14.62 21.61 553.41 2388.04 9061.11 1.3 47.42 521.78 2388.08 8137.02 8.4288 0.03 392 2388 100.0 38.75 23.3603
28 69 0.0019 0.0002 100.0 518.67 642.38 1593.91 1402.22 14.62 21.61 553.13 2388.06 9062.74 1.3 47.31 522.14 2388.05 8141.94 8.4258 0.03 392 2388 100.0 38.82 23.399
28 70 -0.0008 -0.0003 100.0 518.67 642.08 1583.79 1403.66 14.62 21.61 553.78 2388.02 9061.22 1.3 47.12 522.2 2388.07 8147.95 8.4149 0.03 392 2388 100.0 38.85 23.3643
28 71 0.0006 -0.0004 100.0 518.67 642.81 1584.72 1401.31 14.62 21.6 553.84 2388.09 9061.5 1.3 47.33 521.88 2388.08 8149.47 8.4262 0.03 393 2388 100.0 38.98 23.3085
28 72 0.0009 -0.0004 100.0 518.67 641.92 1590.45 1412.17 14.62 21.61 553.84 2388.11 9064.29 1.3 47.25 521.95 2388.12 8141.26 8.4003 0.03 393 2388 100.0 39.04 23.3513
28 73 0.0035 0.0001 100.0 518.67 642.43 1588.93 1396.23 14.62 21.61 554.42 2388.1 9067.04 1.3 47.38 521.89 2388.07 8143.27 8.4113 0.03 392 2388 100.0 38.85 23.3309
28 74 0.0027 -0.0004 100.0 518.67 642.47 1583.0 1403.38 14.62 21.61 554.06 2388.05 9063.57 1.3 47.41 521.91 2388.05 8140.69 8.4501 0.03 392 2388 100.0 38.91 23.3189
28 75 -0.0009 -0.0005 100.0 518.67 642.76 1587.41 1411.23 14.62 21.61 553.24 2388.06 9068.8 1.3 47.31 521.65 2388.03 8141.44 8.4077 0.03 394 2388 100.0 38.93 23.3805
28 76 -0.0013 -0.0005 100.0 518.67 641.86 1591.22 1407.66 14.62 21.61 553.54 2388.01 9065.25 1.3 47.3 521.86 2388.1 8147.27 8.4186 0.03 391 2388 100.0 38.94 23.3404
28 77 -0.0015 -0.0 100.0 518.67 642.24 1592.38 1402.65 14.62 21.61 553.63 2388.02 9061.22 1.3 47.29 522.03 2388.05 8143.47 8.4127 0.03 394 2388 100.0 39.01 23.3444
28 78 0.001 -0.0004 100.0 518.67 642.04 1588.11 1393.5 14.62 21.61 554.11 2388.08 9069.23 1.3 47.6 521.96 2388.09 8145.3 8.4167 0.03 391 2388 100.0 38.81 23.3439
28 79 -0.0013 -0.0003 100.0 518.67 642.31 1594.34 1395.17 14.62 21.61 554.34 2388.01 9064.47 1.3 47.3 521.98 2388.0 8141.68 8.4294 0.03 392 2388 100.0 38.93 23.4102
28 80 0.0005 -0.0004 100.0 518.67 642.47 1590.77 1401.52 14.62 21.61 553.88 2388.09 9065.76 1.3 47.55 521.4 2388.12 8147.41 8.3959 0.03 392 2388 100.0 38.97 23.3099
28 81 0.0043 0.0 100.0 518.67 642.37 1597.05 1416.41 14.62 21.61 554.03 2388.04 9069.8 1.3 47.45 522.21 2388.06 8140.87 8.4035 0.03 393 2388 100.0 39.01 23.354
28 82 0.0008 -0.0003 100.0 518.67 642.74 1591.28 1401.91 14.62 21.61 553.09 2388.01 9060.55 1.3 47.38 521.75 2387.99 8143.15 8.4318 0.03 393 2388 100.0 38.75 23.2705
28 83 -0.0004 0.0003 100.0 518.67 642.71 1591.12 1406.06 14.62 21.61 554.08 2388.07 9059.07 1.3 47.35 521.81 2388.04 8149.22 8.4382 0.03 392 2388 100.0 38.83 23.3037
28 84 -0.0013 0.0 100.0 518.67 642.32 1594.97 1410.0 14.62 21.61 553.78 2388.06 9065.25 1.3 47.38 522.34 2388.07 8142.17 8.4091 0.03 392 2388 100.0 38.97 23.3885
28 85 -0.0013 -0.0004 100.0 518.67 642.9 1589.78 1396.08 14.62 21.61 553.3 2388.07 9063.24 1.3 47.44 521.93 2388.03 8141.93 8.4296 0.03 393 2388 100.0 38.83 23.295
28 86 -0.0 0.0003 100.0 518.67 642.57 1580.79 1406.04 14.62 21.61 554.84 2388.07 9051.13 1.3 47.38 522.32 2388.06 8144.69 8.4183 0.03 393 2388 100.0 38.85 23.2795
28 87 0.0012 -0.0002 100.0 518.67 642.85 1592.88 1413.86 14.62 21.61 554.27 2388.07 9054.76 1.3 47.36 521.85 2388.09 8141.53 8.4182 0.03 394 2388 100.0 38.94 23.2959
28 88 0.0011 -0.0004 100.0 518.67 642.69 1592.25 1397.27 14.62 21.61 553.87 2388.01 9064.51 1.3 47.22 521.52 2388.04 8146.26 8.4327 0.03 391 2388 100.0 38.73 23.4355
28 89 0.0044 -0.0002 100.0 518.67 642.57 1590.94 1407.7 14.62 21.61 553.73 2388.07 9063.92 1.3 47.49 521.54 2388.07 8144.69 8.4334 0.03 392 2388 100.0 38.89 23.3108
28 90 0.0002 -0.0005 100.0 518.67 642.31 1585.08 1401.32 14.62 21.61 553.22 2388.08 9064.79 1.3 47.52 521.15 2388.11 8142.69 8.4343 0.03 393 2388 100.0 38.82 23.3555
28 91 -0.0003 -0.0003 100.0 518.67 642.62 1592.03 1407.33 14.62 21.61 553.87 2388.1 9067.0 1.3 47.42 521.57 2388.11 8144.73 8.4323 0.03 392 2388 100.0 38.99 23.3892
28 92 0.0 -0.0 100.0 518.67 642.23 1592.17 1403.84 14.62 21.61 553.83 2388.12 9063.85 1.3 47.43 522.28 2388.11 8149.15 8.4232 0.03 392 2388 100.0 38.77 23.2613
28 93 0.001 0.0001 100.0 518.67 642.46 1591.21 1401.47 14.62 21.61 553.69 2388.07 9069.71 1.3 47.34 521.62 2388.04 8142.82 8.4246 0.03 395 2388 100.0 38.82 23.3499
28 94 -0.0014 -0.0003 100.0 518.67 641.77 1595.85 1415.07 14.62 21.61 553.52 2388.05 9068.46 1.3 47.44 521.86 2388.06 8143.02 8.4419 0.03 395 2388 100.0 38.63 23.3495
28 95 -0.0011 -0.0 100.0 518.67 642.49 1593.02 1406.15 14.62 21.61 553.62 2388.05 9065.71 1.3 47.29 522.42 2388.01 8137.16 8.4277 0.03 392 2388 100.0 38.9 23.3391
28 96 -0.0009 -0.0002 100.0 518.67 642.27 1592.82 1403.76 14.62 21.61 554.18 2388.05 9068.68 1.3 47.4 521.87 2388.0 8139.34 8.3892 0.03 392 2388 100.0 38.95 23.2076
28 97 -0.0001 0.0003 100.0 518.67 642.73 1583.1 1403.29 14.62 21.61 554.17 2388.05 9064.06 1.3 47.46 521.99 2388.07 8150.5 8.4319 0.03 391 2388 100.0 38.91 23.2886
28 98 -0.002 0.0003 100.0 518.67 642.59 1591.1 1406.33 14.62 21.61 553.07 2387.99 9060.68 1.3 47.41 521.67 2388.05 8139.79 8.4168 0.03 393 2388 100.0 39.01 23.1712
28 99 -0.0028 0.0002 100.0 518.67 642.56 1593.33 1409.46 14.62 21.61 553.2 2388.1 9061.51 1.3 47.51 521.93 2388.12 8145.01 8.4569 0.03 394 2388 100.0 38.82 23.2181
28 100 -0.0019 0.0002 100.0 518.67 642.21 1589.73 1409.37 14.62 21.61 554.65 2388.06 9061.09 1.3 47.36 521.81 2388.05 8145.71 8.4457 0.03 394 2388 100.0 38.85 23.3992
28 101 -0.0026 -0.0 100.0 518.67 642.6 1582.39 1398.98 14.62 21.61 553.2 2388.08 9067.18 1.3 47.57 521.55 2388.06 8143.44 8.4343 0.03 392 2388 100.0 38.76 23.2882
28 102 -0.0016 -0.0003 100.0 518.67 642.43 1587.62 1407.15 14.62 21.61 553.99 2388.06 9084.69 1.3 47.45 521.14 2388.08 8149.22 8.424 0.03 393 2388 100.0 38.77 23.2494
28 103 0.0015 -0.0005 100.0 518.67 642.63 1579.06 1406.32 14.62 21.61 553.96 2388.06 9066.53 1.3 47.44 521.99 2388.06 8140.19 8.4411 0.03 392 2388 100.0 38.86 23.4082
28 104 0.0066 -0.0005 100.0 518.67 642.89 1590.63 1404.38 14.62 21.61 554.09 2388.09 9065.42 1.3 47.38 521.79 2388.05 8147.02 8.4463 0.03 393 2388 100.0 39.02 23.3246
28 105 -0.0025 -0.0004 100.0 518.67 642.27 1584.48 1405.56 14.62 21.61 554.14 2388.14 9071.85 1.3 47.65 522.01 2388.07 8142.73 8.4487 0.03 393 2388 100.0 38.82 23.2879
28 106 -0.0023 -0.0002 100.0 518.67 642.58 1583.87 1400.71 14.62 21.61 553.68 2388.08 9063.8 1.3 47.33 521.57 2388.06 8142.48 8.4561 0.03 393 2388 100.0 38.89 23.2509
28 107 -0.0005 0.0002 100.0 518.67 642.77 1587.25 1410.03 14.62 21.61 553.43 2388.12 9060.25 1.3 47.31 521.72 2388.04 8140.72 8.419 0.03 391 2388 100.0 38.76 23.2758
28 108 0.0011 -0.0001 100.0 518.67 643.2 1587.07 1405.89 14.62 21.61 553.6 2388.09 9067.24 1.3 47.39 521.12 2388.04 8145.46 8.4291 0.03 392 2388 100.0 38.97 23.2544
28 109 0.0013 -0.0003 100.0 518.67 642.18 1585.79 1411.16 14.62 21.61 553.65 2387.97 9066.8 1.3 47.41 521.69 2388.03 8134.25 8.4163 0.03 391 2388 100.0 38.81 23.3563
28 110 -0.0016 0.0004 100.0 518.67 642.66 1584.84 1410.72 14.62 21.61 553.04 2388.08 9067.54 1.3 47.4 521.59 2388.11 8145.36 8.4068 0.03 393 2388 100.0 38.96 23.3095
28 111 -0.001 -0.0005 100.0 518.67 642.86 1592.75 1410.83 14.62 21.61 553.58 2388.12 9067.77 1.3 47.52 521.29 2388.06 8149.26 8.4235 0.03 393 2388 100.0 38.92 23.2769
28 112 0.0051 -0.0005 100.0 518.67 642.94 1589.64 1403.63 14.62 21.61 553.11 2388.06 9063.02 1.3 47.48 521.2 2388.03 8148.68 8.4316 0.03 393 2388 100.0 38.81 23.3788
28 113 -0.0017 0.0004 100.0 518.67 642.88 1591.99 1408.4 14.62 21.61 554.63 2388.09 9064.42 1.3 47.48 521.81 2388.07 8151.65 8.4019 0.03 394 2388 100.0 38.97 23.3136
28 114 -0.0008 0.0001 100.0 518.67 642.53 1587.29 1408.15 14.62 21.61 553.57 2388.04 9066.98 1.3 47.48 521.29 2388.05 8148.07 8.3758 0.03 394 2388 100.0 38.75 23.2878
28 115 0.0036 0.0004 100.0 518.67 641.87 1582.96 1402.22 14.62 21.61 553.55 2388.06 9072.72 1.3 47.62 521.57 2388.1 8142.05 8.4219 0.03 393 2388 100.0 38.91 23.2472
28 116 0.0023 0.0004 100.0 518.67 642.8 1587.11 1409.37 14.62 21.61 552.98 2388.07 9052.78 1.3 47.56 521.39 2388.1 8141.18 8.4599 0.03 392 2388 100.0 38.77 23.3301
28 117 -0.0033 -0.0002 100.0 518.67 643.03 1589.44 1405.14 14.62 21.61 554.23 2388.07 9063.81 1.3 47.43 521.98 2388.14 8143.03 8.4381 0.03 390 2388 100.0 38.76 23.194
28 118 0.0018 -0.0003 100.0 518.67 642.83 1589.56 1411.63 14.62 21.61 553.7 2388.08 9060.5 1.3 47.52 522.05 2388.03 8145.68 8.4051 0.03 392 2388 100.0 38.74 23.3134
28 119 0.0014 0.0003 100.0 518.67 642.73 1587.16 1407.34 14.62 21.61 553.19 2388.09 9065.63 1.3 47.59 521.25 2388.1 8144.0 8.4499 0.03 393 2388 100.0 38.6 23.2578
28 120 -0.0005 0.0003 100.0 518.67 642.99 1586.7 1400.66 14.62 21.61 553.13 2388.06 9061.73 1.3 47.69 521.12 2388.07 8142.74 8.3949 0.03 394 2388 100.0 38.9 23.2935
28 121 0.003 0.0004 100.0 518.67 642.32 1590.8 1405.29 14.62 21.61 553.01 2388.04 9063.13 1.3 47.62 521.97 2388.07 8140.53 8.5001 0.03 393 2388 100.0 38.94 23.4277
28 122 -0.0002 -0.0 100.0 518.67 642.72 1591.06 1408.23 14.62 21.61 554.26 2388.11 9065.52 1.3 47.46 521.41 2388.07 8138.96 8.4471 0.03 393 2388 100.0 38.94 23.2923
28 123 -0.0023 -0.0001 100.0 518.67 642.36 1586.12 1404.98 14.62 21.61 553.34 2388.12 9066.52 1.3 47.54 521.2 2388.11 8144.3 8.4595 0.03 393 2388 100.0 38.88 23.2926
28 124 -0.0037 0.0 100.0 518.67 642.76 1591.22 1415.73 14.62 21.61 553.62 2388.04 9062.75 1.3 47.41 521.95 2388.08 8143.49 8.4393 0.03 394 2388 100.0 38.84 23.311
28 125 0.0011 -0.0002 100.0 518.67 642.41 1594.03 1408.73 14.62 21.61 553.86 2388.07 9065.42 1.3 47.54 521.42 2388.1 8142.51 8.421 0.03 393 2388 100.0 38.8 23.2438
28 126 -0.0036 0.0004 100.0 518.67 642.84 1596.33 1410.61 14.62 21.61 553.69 2388.08 9064.66 1.3 47.55 521.2 2388.15 8141.05 8.4558 0.03 392 2388 100.0 38.81 23.2425
28 127 -0.0007 -0.0001 100.0 518.67 642.88 1588.78 1409.21 14.62 21.61 552.93 2388.13 9059.22 1.3 47.66 521.35 2388.12 8141.25 8.4572 0.03 392 2388 100.0 38.77 23.3191
28 128 -0.0034 -0.0004 100.0 518.67 642.15 1595.85 1413.77 14.62 21.61 553.1 2388.14 9059.77 1.3 47.58 521.34 2388.07 8142.9 8.4414 0.03 392 2388 100.0 38.89 23.2413
28 129 0.0011 -0.0003 100.0 518.67 642.3 1597.66 1413.78 14.62 21.61 553.29 2388.09 9061.31 1.3 47.62 520.89 2388.12 8138.75 8.4512 0.03 394 2388 100.0 38.65 23.2707
28 130 0.0005 -0.0002 100.0 518.67 642.93 1592.93 1411.1 14.62 21.61 553.84 2388.18 9062.66 1.3 47.44 520.8 2388.15 8143.19 8.4376 0.03 393 2388 100.0 38.9 23.3007
28 131 -0.0004 0.0001 100.0 518.67 643.34 1595.64 1409.75 14.62 21.61 553.08 2388.14 9067.73 1.3 47.66 521.85 2388.11 8136.9 8.4415 0.03 396 2388 100.0 39.03 23.281
28 132 0.0017 0.0001 100.0 518.67 642.94 1594.07 1414.15 14.62 21.61 553.55 2388.1 9066.72 1.3 47.47 521.04 2388.11 8141.33 8.4541 0.03 394 2388 100.0 38.76 23.2334
28 133 -0.0001 0.0002 100.0 518.67 642.4 1588.39 1409.22 14.62 21.61 553.5 2388.11 9065.9 1.3 47.57 521.21 2388.1 8141.7 8.4316 0.03 393 2388 100.0 38.85 23.3953
28 134 0.0018 0.0004 100.0 518.67 642.78 1588.78 1418.4 14.62 21.61 553.4 2388.13 9062.65 1.3 47.5 521.49 2388.1 8143.0 8.4322 0.03 393 2388 100.0 38.76 23.3192
28 135 0.0023 0.0001 100.0 518.67 642.41 1585.78 1403.79 14.62 21.61 554.06 2388.15 9064.74 1.3 47.59 521.01 2388.13 8143.51 8.4282 0.03 393 2388 100.0 38.75 23.2992
28 136 -0.0006 -0.0003 100.0 518.67 642.64 1594.93 1410.16 14.62 21.61 553.34 2388.09 9064.6 1.3 47.66 521.14 2388.09 8143.11 8.447 0.03 396 2388 100.0 38.88 23.1612
28 137 -0.0019 -0.0004 100.0 518.67 642.45 1589.87 1411.77 14.62 21.61 554.08 2388.05 9065.01 1.3 47.57 521.45 2388.1 8147.41 8.4484 0.03 392 2388 100.0 38.79 23.2583
28 138 0.0021 0.0001 100.0 518.67 642.34 1593.65 1408.22 14.62 21.61 552.12 2388.07 9056.1 1.3 47.89 521.11 2388.11 8146.04 8.4788 0.03 394 2388 100.0 38.84 23.1741
28 139 -0.0032 0.0004 100.0 518.67 643.11 1591.1 1417.25 14.62 21.61 553.55 2388.04 9065.54 1.3 47.5 521.47 2388.1 8145.64 8.4671 0.03 393 2388 100.0 38.9 23.2879
28 140 -0.0007 -0.0004 100.0 518.67 642.74 1587.72 1413.66 14.62 21.61 553.04 2388.14 9068.07 1.3 47.6 521.24 2388.11 8144.18 8.4584 0.03 393 2388 100.0 38.79 23.3321
28 141 0.0002 -0.0004 100.0 518.67 642.88 1596.62 1417.33 14.62 21.61 552.76 2388.14 9059.38 1.3 47.48 521.44 2388.14 8144.42 8.5063 0.03 393 2388 100.0 38.75 23.2483
28 142 0.0005 -0.0005 100.0 518.67 642.79 1596.18 1411.11 14.62 21.61 553.32 2388.1 9063.22 1.3 47.5 521.13 2388.15 8141.3 8.4741 0.03 393 2388 100.0 38.73 23.316
28 143 0.0009 0.0 100.0 518.67 642.78 1594.91 1411.7 14.62 21.61 553.1 2388.13 9064.06 1.3 47.72 521.35 2388.12 8143.32 8.4578 0.03 394 2388 100.0 38.74 23.2369
28 144 -0.0 -0.0002 100.0 518.67 642.85 1586.92 1416.6 14.62 21.61 553.14 2388.12 9058.74 1.3 47.29 521.5 2388.09 8148.81 8.4751 0.03 393 2388 100.0 38.82 23.295
28 145 0.0005 -0.0004 100.0 518.67 643.24 1588.74 1402.13 14.62 21.61 552.99 2388.14 9068.53 1.3 47.58 521.01 2388.07 8148.55 8.424 0.03 393 2388 100.0 38.67 23.2539
28 146 0.0005 -0.0001 100.0 518.67 642.97 1594.34 1409.73 14.62 21.61 552.75 2388.14 9074.22 1.3 47.63 521.63 2388.14 8142.37 8.4767 0.03 393 2388 100.0 38.6 23.3824
28 147 0.0008 0.0004 100.0 518.67 642.79 1589.58 1410.96 14.62 21.61 553.02 2388.16 9061.44 1.3 47.71 521.04 2388.13 8145.11 8.4323 0.03 394 2388 100.0 38.8 23.2432
28 148 0.0036 -0.0002 100.0 518.67 642.73 1597.53 1418.11 14.62 21.61 552.44 2388.14 9065.87 1.3 47.69 520.56 2388.12 8140.3 8.4289 0.03 394 2388 100.0 38.8 23.2919
28 149 0.0013 0.0003 100.0 518.67 642.83 1588.88 1412.32 14.62 21.61 552.64 2388.09 9056.42 1.3 47.63 521.36 2388.1 8146.32 8.4544 0.03 394 2388 100.0 38.67 23.2208
28 150 -0.0018 0.0001 100.0 518.67 642.31 1593.17 1411.59 14.62 21.61 552.69 2388.07 9062.12 1.3 47.78 520.85 2388.16 8136.76 8.4467 0.03 394 2388 100.0 38.69 23.2092
28 151 -0.0002 -0.0005 100.0 518.67 642.86 1592.35 1413.22 14.62 21.61 552.71 2388.08 9072.49 1.3 47.61 521.28 2388.14 8139.71 8.4692 0.03 392 2388 100.0 38.78 23.3441
28 152 -0.0001 -0.0003 100.0 518.67 642.7 1591.61 1419.42 14.62 21.61 553.18 2388.14 9070.68 1.3 47.77 521.35 2388.15 8143.06 8.4425 0.03 394 2388 100.0 38.88 23.3409
28 153 -0.0007 -0.0 100.0 518.67 643.32 1594.81 1412.97 14.62 21.61 553.24 2388.19 9069.72 1.3 47.47 520.88 2388.16 8145.8 8.4405 0.03 394 2388 100.0 38.68 23.2155
28 154 -0.0032 0.0003 100.0 518.67 642.86 1592.05 1405.13 14.62 21.61 552.61 2388.13 9063.14 1.3 47.83 521.14 2388.13 8146.53 8.4526 0.03 394 2388 100.0 38.81 23.1963
28 155 -0.0005 -0.0001 100.0 518.67 642.9 1594.51 1410.45 14.62 21.61 552.84 2388.09 9062.7 1.3 47.62 520.45 2388.1 8136.79 8.4413 0.03 396 2388 100.0 38.74 23.1848
28 156 -0.0022 -0.0004 100.0 518.67 642.52 1599.94 1414.87 14.62 21.61 552.62 2388.11 9062.45 1.3 47.69 521.03 2388.12 8144.96 8.4804 0.03 395 2388 100.0 38.72 23.2971
28 157 0.0002 -0.0005 100.0 518.67 642.96 1589.61 1410.52 14.62 21.61 552.68 2388.17 9067.21 1.3 47.73 521.17 2388.18 8139.95 8.4491 0.03 393 2388 100.0 38.48 23.3441
28 158 -0.0019 -0.0004 100.0 518.67 642.61 1588.47 1414.54 14.62 21.61 552.97 2388.13 9063.54 1.3 47.7 520.82 2388.1 8147.12 8.4361 0.03 393 2388 100.0 38.89 23.1395
28 159 -0.0021 -0.0001 100.0 518.67 643.47 1591.19 1411.71 14.62 21.61 552.65 2388.12 9061.52 1.3 47.67 521.05 2388.1 8143.64 8.4503 0.03 395 2388 100.0 38.79 23.1585
28 160 -0.0001 0.0003 100.0 518.67 643.59 1598.88 1411.93 14.62 21.61 552.75 2388.14 9061.03 1.3 47.54 520.55 2388.13 8141.09 8.4968 0.03 392 2388 100.0 38.72 23.2818
28 161 0.0017 0.0004 100.0 518.67 643.3 1604.9 1418.8 14.62 21.61 552.96 2388.15 9072.39 1.3 47.72 521.17 2388.15 8142.94 8.4185 0.03 393 2388 100.0 38.69 23.3023
28 162 -0.0011 0.0004 100.0 518.67 642.85 1597.4 1412.1 14.62 21.61 552.53 2388.11 9065.69 1.3 47.7 521.24 2388.19 8142.61 8.4573 0.03 395 2388 100.0 38.78 23.1081
28 163 0.0004 -0.0004 100.0 518.67 642.66 1598.43 1414.72 14.62 21.61 552.64 2388.14 9065.28 1.3 47.64 520.75 2388.16 8135.85 8.4584 0.03 395 2388 100.0 38.59 23.1489
28 164 0.0002 0.0004 100.0 518.67 642.98 1591.97 1419.8 14.62 21.61 552.47 2388.15 9068.59 1.3 47.77 520.53 2388.17 8141.28 8.405 0.03 395 2388 100.0 38.87 23.312
28 165 -0.0013 0.0003 100.0 518.67 642.61 1588.86 1423.17 14.62 21.61 552.29 2388.21 9062.36 1.3 47.88 520.74 2388.16 8137.03 8.4795 0.03 394 2388 100.0 38.75 23.1876
28 166 0.0021 0.0004 100.0 518.67 643.26 1593.09 1416.84 14.62 21.61 553.3 2388.15 9061.4 1.3 47.82 520.61 2388.15 8134.44 8.5008 0.03 396 2388 100.0 38.54 23.1533
28 167 -0.0012 -0.0002 100.0 518.67 643.03 1594.88 1416.69 14.62 21.61 552.6 2388.17 9067.74 1.3 47.71 520.58 2388.16 8144.54 8.4868 0.03 395 2388 100.0 38.85 23.2265
28 168 0.0005 0.0003 100.0 518.67 642.93 1596.3 1414.39 14.62 21.61 552.32 2388.17 9061.91 1.3 47.86 520.82 2388.17 8144.94 8.4959 0.03 394 2388 100.0 38.61 23.2018
28 169 -0.0014 -0.0004 100.0 518.67 643.46 1596.76 1423.98 14.62 21.61 551.94 2388.12 9060.33 1.3 47.64 520.56 2388.19 8145.27 8.5033 0.03 395 2388 100.0 38.78 23.2124
28 170 0.0011 0.0003 100.0 518.67 642.85 1593.88 1419.1 14.62 21.61 553.23 2388.09 9068.11 1.3 47.83 520.63 2388.21 8144.7 8.4933 0.03 395 2388 100.0 38.73 23.2241
28 171 0.0013 -0.0005 100.0 518.67 643.4 1592.98 1418.06 14.62 21.61 552.18 2388.18 9063.51 1.3 47.81 521.19 2388.14 8139.16 8.4584 0.03 393 2388 100.0 38.42 23.1631
28 172 0.0036 -0.0004 100.0 518.67 642.51 1596.9 1417.26 14.62 21.61 552.75 2388.16 9062.2 1.3 47.69 519.94 2388.22 8142.4 8.4838 0.03 394 2388 100.0 38.68 23.1403
28 173 0.0029 0.0003 100.0 518.67 642.52 1593.39 1426.83 14.62 21.61 552.41 2388.11 9053.6 1.3 47.95 520.65 2388.18 8136.41 8.4488 0.03 395 2388 100.0 38.66 23.1788
28 174 0.0009 -0.0003 100.0 518.67 643.4 1592.25 1413.76 14.62 21.61 552.28 2388.12 9067.57 1.3 47.89 520.07 2388.16 8144.77 8.4893 0.03 395 2388 100.0 38.48 23.2321
28 175 0.0021 0.0001 100.0 518.67 643.2 1595.04 1423.55 14.62 21.61 551.97 2388.22 9065.16 1.3 47.68 520.35 2388.21 8134.46 8.4618 0.03 394 2388 100.0 38.52 23.1941
28 176 -0.0047 -0.0002 100.0 518.67 643.04 1590.98 1419.53 14.62 21.61 552.69 2388.24 9064.07 1.3 47.68 520.28 2388.16 8138.67 8.4436 0.03 395 2388 100.0 38.69 23.2748
28 177 0.0048 -0.0004 100.0 518.67 643.54 1597.11 1419.66 14.62 21.61 552.59 2388.16 9068.13 1.3 47.94 521.08 2388.18 8135.96 8.5165 0.03 396 2388 100.0 38.76 23.1742
28 178 0.0004 -0.0 100.0 518.67 643.62 1590.84 1425.0 14.62 21.61 551.88 2388.2 9057.95 1.3 47.88 520.56 2388.24 8137.13 8.4916 0.03 395 2388 100.0 38.77 23.1265
28 179 -0.0026 0.0003 100.0 518.67 642.68 1590.16 1424.42 14.62 21.61 552.04 2388.2 9068.14 1.3 47.77 520.85 2388.25 8140.98 8.4724 0.03 394 2388 100.0 38.57 23.0966
28 180 0.0012 -0.0004 100.0 518.67 643.26 1596.84 1420.46 14.62 21.61 552.55 2388.21 9072.82 1.3 47.81 519.97 2388.21 8137.31 8.5003 0.03 394 2388 100.0 38.48 23.1554
28 181 0.0007 -0.0004 100.0 518.67 642.91 1602.6 1420.35 14.62 21.61 552.91 2388.2 9065.63 1.3 47.97 520.16 2388.22 8134.04 8.4822 0.03 397 2388 100.0 38.8 23.0095
28 182 -0.0008 -0.0005 100.0 518.67 643.25 1596.5 1426.95 14.62 21.61 552.05 2388.19 9061.67 1.3 47.9 520.82 2388.17 8141.41 8.5052 0.03 394 2388 100.0 38.4 23.0913
28 183 0.0008 0.0003 100.0 518.67 643.18 1596.35 1422.89 14.62 21.61 551.68 2388.2 9067.38 1.3 47.94 520.55 2388.17 8136.34 8.4746 0.03 395 2388 100.0 38.47 23.1732
28 184 -0.0006 -0.0004 100.0 518.67 643.78 1597.6 1426.45 14.62 21.61 552.21 2388.16 9065.81 1.3 48.08 519.31 2388.2 8139.61 8.4956 0.03 394 2388 100.0 38.54 23.2164
28 185 0.0003 -0.0002 100.0 518.67 643.36 1600.58 1421.45 14.62 21.61 551.68 2388.18 9065.62 1.3 47.94 520.11 2388.19 8141.91 8.4927 0.03 396 2388 100.0 38.69 23.1433
28 186 0.0005 0.0001 100.0 518.67 643.11 1600.51 1426.09 14.62 21.61 551.52 2388.19 9061.34 1.3 47.9 520.38 2388.26 8140.61 8.5099 0.03 397 2388 100.0 38.65 23.171
28 187 -0.0069 0.0004 100.0 518.67 643.45 1596.12 1419.41 14.62 21.61 552.24 2388.21 9065.0 1.3 47.93 519.98 2388.2 8137.77 8.4679 0.03 395 2388 100.0 38.59 23.175
28 188 0.0001 -0.0004 100.0 518.67 644.24 1595.22 1422.13 14.62 21.61 551.4 2388.2 9071.35 1.3 47.96 519.94 2388.22 8140.54 8.5137 0.03 395 2388 100.0 38.52 23.2027
28 189 -0.001 -0.0002 100.0 518.67 643.04 1596.14 1426.38 14.62 21.61 552.27 2388.23 9059.19 1.3 48.07 520.41 2388.24 8139.02 8.484 0.03 394 2388 100.0 38.38 23.175
28 190 0.0011 0.0 100.0 518.67 643.41 1602.59 1426.85 14.62 21.61 551.74 2388.23 9055.63 1.3 47.93 519.87 2388.23 8139.77 8.487 0.03 396 2388 100.0 38.49 23.1304
28 191 -0.0001 0.0004 100.0 518.67 643.16 1596.13 1420.37 14.62 21.61 552.12 2388.24 9075.41 1.3 48.02 519.64 2388.19 8139.81 8.4958 0.03 396 2388 100.0 38.47 23.0661
28 192 -0.003 -0.0003 100.0 518.67 643.54 1595.83 1417.93 14.62 21.61 552.11 2388.2 9072.47 1.3 47.98 520.01 2388.21 8135.03 8.5093 0.03 396 2388 100.0 38.4 23.1252
28 193 -0.0002 -0.0002 100.0 518.67 643.93 1600.5 1425.06 14.62 21.61 551.82 2388.24 9068.19 1.3 48.24 519.97 2388.19 8137.7 8.4998 0.03 396 2388 100.0 38.36 22.9691
28 194 0.0017 -0.0005 100.0 518.67 643.28 1599.3 1425.28 14.62 21.61 551.59 2388.27 9069.76 1.3 48.2 520.14 2388.25 8135.04 8.4725 0.03 394 2388 100.0 38.45 22.9964
28 195 -0.002 -0.0001 100.0 518.67 643.76 1597.62 1419.41 14.62 21.61 552.0 2388.23 9064.3 1.3 48.06 519.92 2388.19 8138.89 8.5227 0.03 396 2388 100.0 38.4 23.1954
28 196 0.0006 0.0004 100.0 518.67 643.63 1604.77 1429.09 14.62 21.61 551.46 2388.3 9066.57 1.3 48.11 519.19 2388.25 8136.56 8.4872 0.03 397 2388 100.0 38.48 23.1101
28 197 0.0028 0.0001 100.0 518.67 643.37 1609.61 1426.69 14.62 21.61 550.84 2388.27 9066.67 1.3 48.11 520.18 2388.27 8140.49 8.5191 0.03 395 2388 100.0 38.69 23.1128
28 198 -0.001 0.0 100.0 518.67 643.41 1598.16 1416.61 14.62 21.61 551.55 2388.25 9061.24 1.3 48.05 519.84 2388.26 8133.21 8.514 0.03 396 2388 100.0 38.56 23.2008
28 199 0.0003 -0.0005 100.0 518.67 643.44 1598.19 1421.11 14.62 21.61 551.78 2388.28 9064.12 1.3 48.07 519.73 2388.25 8142.11 8.4896 0.03 397 2388 100.0 38.43 23.0936
28 200 -0.0043 -0.0001 100.0 518.67 643.06 1601.06 1425.89 14.62 21.61 551.63 2388.23 9065.28 1.3 48.17 519.35 2388.24 8134.3 8.4979 0.03 396 2388 100.0 38.44 23.0279
91 1 0.0019 -0.0002 100.0 518.67 641.47 1590.6 1405.18 14.62 21.61 553.65 2388.04 9067.66 1.3 47.24 522.09 2387.98 8146.17 8.3756 0.03 392 2388 100.0 39.02 23.4153
91 2 0.0025 0.0 100.0 518.67 642.11 1585.19 1397.13 14.62 21.61 554.36 2388.01 9063.79 1.3 47.39 521.89 2388.0 8147.02 8.3908 0.03 392 2388 100.0 39.05 23.3266
91 3 -0.0011 -0.0005 100.0 518.67 641.49 1584.55 1396.74 14.62 21.61 554.37 2388.0 9062.99 1.3 47.15 522.18 2388.03 8153.51 8.3903 0.03 392 2388 100.0 39.12 23.4336
91 4 -0.0009 -0.0004 100.0 518.67 641.92 1590.04 1401.26 14.62 21.6 554.12 2388.05 9067.66 1.3 47.25 521.76 2388.03 8152.47 8.3817 0.03 390 2388 100.0 39.0 23.2557
91 5 -0.0011 0.0001 100.0 518.67 642.75 1589.06 1398.97 14.62 21.61 554.33 2388.04 9073.82 1.3 47.14 522.63 2388.02 8148.74 8.3987 0.03 392 2388 100.0 39.13 23.4364
91 6 0.0019 -0.0005 100.0 518.67 641.81 1591.81 1391.65 14.62 21.61 554.27 2388.0 9074.54 1.3 47.16 522.22 2388.02 8151.32 8.3847 0.03 392 2388 100.0 38.93 23.3595
91 7 -0.0042 -0.0003 100.0 518.67 642.37 1588.26 1400.69 14.62 21.61 554.51 2388.02 9062.52 1.3 47.16 522.59 2388.02 8142.14 8.3859 0.03 391 2388 100.0 38.93 23.3453
91 8 -0.0018 -0.0005 100.0 518.67 642.23 1584.28 1391.56 14.62 21.61 554.29 2387.99 9069.15 1.3 47.28 522.56 2388.01 8157.69 8.3965 0.03 392 2388 100.0 39.09 23.4481
91 9 0.0027 0.0004 100.0 518.67 642.31 1589.01 1391.2 14.62 21.61 553.89 2387.98 9062.87 1.3 47.24 522.03 2388.03 8151.45 8.3832 0.03 393 2388 100.0 39.0 23.2691
91 10 0.0024 -0.0004 100.0 518.67 642.51 1587.63 1400.41 14.62 21.61 554.02 2388.0 9066.07 1.3 47.11 522.55 2387.98 8155.63 8.378 0.03 390 2388 100.0 38.8 23.2767
91 11 0.0012 -0.0001 100.0 518.67 642.35 1590.61 1397.36 14.62 21.61 554.38 2388.0 9070.54 1.3 47.33 521.98 2387.96 8146.49 8.401 0.03 392 2388 100.0 39.0 23.3286
91 12 -0.0031 -0.0005 100.0 518.67 641.77 1579.3 1398.37 14.62 21.61 554.32 2388.03 9069.19 1.3 47.4 522.78 2388.03 8147.51 8.3915 0.03 391 2388 100.0 39.01 23.4507
91 13 -0.0012 -0.0003 100.0 518.67 641.86 1580.17 1395.17 14.62 21.61 554.85 2388.0 9069.76 1.3 47.15 522.54 2387.97 8150.72 8.4203 0.03 390 2388 100.0 39.01 23.4362
91 14 0.0016 0.0001 100.0 518.67 642.55 1586.37 1399.08 14.62 21.61 554.67 2387.97 9068.47 1.3 47.47 522.78 2388.01 8156.09 8.3912 0.03 391 2388 100.0 39.1 23.4501
91 15 -0.0002 -0.0003 100.0 518.67 642.41 1582.94 1396.59 14.62 21.61 554.34 2388.01 9064.38 1.3 47.39 522.38 2387.93 8149.47 8.4084 0.03 390 2388 100.0 39.02 23.3956
91 16 0.0015 -0.0002 100.0 518.67 641.86 1584.1 1406.34 14.62 21.61 554.62 2388.01 9069.58 1.3 47.23 522.29 2387.98 8148.57 8.4356 0.03 391 2388 100.0 39.01 23.3567
91 17 -0.0009 -0.0003 100.0 518.67 642.41 1582.11 1407.27 14.62 21.61 554.55 2388.0 9058.11 1.3 47.17 523.22 2388.05 8141.54 8.3936 0.03 391 2388 100.0 38.9 23.432
91 18 -0.003 -0.0003 100.0 518.67 642.62 1587.67 1402.32 14.62 21.61 554.11 2387.93 9071.15 1.3 47.22 522.66 2388.01 8152.16 8.3728 0.03 392 2388 100.0 38.96 23.4261
91 19 0.0008 0.0002 100.0 518.67 642.13 1590.17 1397.78 14.62 21.61 554.42 2387.97 9069.33 1.3 47.05 522.38 2388.0 8153.76 8.41 0.03 392 2388 100.0 39.08 23.4685
91 20 0.0004 -0.0 100.0 518.67 642.48 1584.41 1398.1 14.62 21.61 553.96 2388.01 9068.84 1.3 47.2 522.55 2387.99 8142.07 8.4139 0.03 393 2388 100.0 39.0 23.3705
91 21 -0.0024 0.0001 100.0 518.67 641.97 1581.76 1396.78 14.62 21.61 555.15 2388.07 9062.41 1.3 47.38 522.52 2387.98 8151.93 8.421 0.03 391 2388 100.0 38.97 23.2847
91 22 0.0037 0.0001 100.0 518.67 641.34 1583.87 1391.49 14.62 21.61 554.46 2387.98 9068.2 1.3 46.89 522.43 2388.03 8146.58 8.3987 0.03 391 2388 100.0 39.0 23.3398
91 23 -0.0032 -0.0004 100.0 518.67 642.18 1582.32 1396.46 14.62 21.61 554.49 2388.0 9063.74 1.3 47.26 522.53 2388.0 8150.57 8.3952 0.03 392 2388 100.0 39.1 23.3054
91 24 -0.0026 0.0001 100.0 518.67 641.97 1586.94 1398.76 14.62 21.61 554.38 2387.98 9063.72 1.3 47.26 522.29 2388.04 8147.58 8.4101 0.03 391 2388 100.0 38.92 23.4546
91 25 -0.0007 -0.0003 100.0 518.67 642.34 1585.34 1392.62 14.62 21.61 554.29 2388.03 9068.15 1.3 47.19 521.63 2388.01 8145.24 8.3798 0.03 393 2388 100.0 39.01 23.4228
91 26 0.0013 0.0002 100.0 518.67 641.89 1585.02 1397.89 14.62 21.61 554.05 2388.03 9066.56 1.3 47.2 522.25 2387.98 8144.8 8.3885 0.03 393 2388 100.0 38.92 23.3468
91 27 0.0004 0.0002 100.0 518.67 642.24 1588.36 1405.71 14.62 21.61 554.16 2388.01 9062.94 1.3 47.26 521.99 2387.96 8151.14 8.3669 0.03 392 2388 100.0 38.97 23.4479
91 28 -0.0016 0.0 100.0 518.67 641.54 1586.69 1400.29 14.62 21.61 553.65 2387.97 9065.27 1.3 47.18 521.97 2388.01 8147.28 8.4046 0.03 391 2388 100.0 39.14 23.3812
91 29 -0.0027 0.0001 100.0 518.67 641.92 1581.99 1401.7 14.62 21.6 554.72 2387.99 9076.43 1.3 47.1 522.56 2387.99 8147.71 8.4117 0.03 391 2388 100.0 38.87 23.303
91 30 0.0024 -0.0001 100.0 518.67 641.75 1584.63 1403.61 14.62 21.61 554.14 2387.96 9068.04 1.3 47.2 521.87 2388.01 8146.46 8.4499 0.03 393 2388 100.0 38.99 23.4222
91 31 0.0003 -0.0002 100.0 518.67 642.13 1584.52 1406.11 14.62 21.61 554.84 2387.98 9067.37 1.3 47.17 522.47 2388.01 8148.46 8.4073 0.03 392 2388 100.0 38.83 23.4599
91 32 -0.0005 -0.0006 100.0 518.67 642.73 1584.28 1403.92 14.62 21.61 554.04 2388.02 9069.16 1.3 47.24 521.81 2388.06 8145.48 8.4028 0.03 392 2388 100.0 38.9 23.3262
91 33 0.0005 -0.0002 100.0 518.67 642.06 1584.73 1397.7 14.62 21.61 555.35 2388.0 9069.23 1.3 47.23 522.08 2388.01 8147.17 8.4159 0.03 392 2388 100.0 38.98 23.4544
91 34 -0.0023 -0.0 100.0 518.67 642.77 1587.11 1405.21 14.62 21.61 554.28 2388.05 9066.74 1.3 47.32 522.31 2388.04 8147.7 8.3902 0.03 392 2388 100.0 39.05 23.4123
91 35 0.0001 0.0002 100.0 518.67 642.17 1584.72 1403.54 14.62 21.61 554.61 2388.0 9068.16 1.3 47.31 521.63 2388.02 8151.9 8.3573 0.03 392 2388 100.0 38.97 23.4387
91 36 0.0029 0.0001 100.0 518.67 641.63 1581.94 1404.11 14.62 21.61 554.56 2388.01 9069.15 1.3 47.2 522.15 2388.08 8148.52 8.4397 0.03 391 2388 100.0 38.9 23.3623
91 37 0.0013 0.0003 100.0 518.67 642.01 1585.33 1401.56 14.62 21.61 554.25 2388.04 9072.46 1.3 47.19 521.93 2388.04 8154.26 8.3908 0.03 392 2388 100.0 38.97 23.2455
91 38 0.0003 -0.0001 100.0 518.67 642.19 1581.86 1397.41 14.62 21.61 554.6 2387.93 9062.03 1.3 47.13 522.05 2388.01 8146.14 8.4055 0.03 391 2388 100.0 39.19 23.4394
91 39 -0.0008 -0.0002 100.0 518.67 642.39 1593.91 1398.38 14.62 21.61 553.54 2388.04 9065.34 1.3 47.08 522.09 2387.98 8149.52 8.3714 0.03 392 2388 100.0 39.16 23.4413
91 40 0.0027 -0.0004 100.0 518.67 642.57 1581.27 1405.0 14.62 21.61 554.3 2388.02 9074.67 1.3 47.22 521.81 2388.05 8151.19 8.4336 0.03 391 2388 100.0 39.02 23.3735
91 41 -0.0024 -0.0004 100.0 518.67 642.11 1586.19 1400.41 14.62 21.61 554.44 2388.01 9073.32 1.3 47.24 522.2 2388.04 8152.08 8.3857 0.03 393 2388 100.0 39.04 23.4384
91 42 -0.0004 0.0004 100.0 518.67 642.45 1586.31 1402.85 14.62 21.61 554.45 2388.02 9064.46 1.3 47.45 522.48 2388.0 8150.96 8.3974 0.03 391 2388 100.0 39.19 23.3823
91 43 -0.0013 -0.0001 100.0 518.67 642.26 1582.2 1404.28 14.62 21.61 554.61 2388.06 9071.25 1.3 47.18 521.99 2388.01 8144.16 8.423 0.03 393 2388 100.0 38.84 23.5238
91 44 0.0026 -0.0001 100.0 518.67 642.99 1581.97 1403.05 14.62 21.61 554.75 2388.0 9064.33 1.3 47.32 522.0 2388.05 8149.26 8.4014 0.03 391 2388 100.0 38.99 23.2707
91 45 0.0025 0.0003 100.0 518.67 641.96 1583.69 1400.52 14.62 21.61 554.53 2387.96 9072.15 1.3 47.22 522.7 2388.02 8151.41 8.3719 0.03 391 2388 100.0 38.95 23.2764
91 46 -0.0006 0.0001 100.0 518.67 642.01 1585.67 1400.39 14.62 21.61 553.65 2388.02 9074.04 1.3 47.13 522.97 2388.02 8150.53 8.4153 0.03 391 2388 100.0 38.92 23.4059
91 47 -0.0043 0.0004 100.0 518.67 642.11 1581.38 1401.6 14.62 21.61 554.96 2387.99 9066.79 1.3 47.27 521.88 2388.0 8154.7 8.409 0.03 391 2388 100.0 38.9 23.388
91 48 -0.0033 -0.0004 100.0 518.67 641.99 1585.33 1403.95 14.62 21.61 554.13 2388.03 9066.44 1.3 47.33 522.39 2388.01 8147.04 8.4214 0.03 391 2388 100.0 39.05 23.3575
91 49 0.0006 -0.0001 100.0 518.67 642.05 1577.13 1398.37 14.62 21.61 553.59 2388.02 9071.53 1.3 47.29 522.05 2388.06 8149.44 8.4092 0.03 392 2388 100.0 39.08 23.3639
91 50 0.0008 -0.0002 100.0 518.67 642.35 1577.75 1404.72 14.62 21.61 554.34 2388.05 9074.38 1.3 47.18 521.89 2387.96 8148.69 8.4226 0.03 392 2388 100.0 38.87 23.4274
91 51 0.0031 0.0002 100.0 518.67 642.15 1589.05 1402.36 14.62 21.61 554.29 2388.04 9070.13 1.3 47.3 522.7 2387.93 8149.85 8.4269 0.03 392 2388 100.0 38.93 23.2943
91 52 -0.005 -0.0002 100.0 518.67 641.97 1589.83 1407.52 14.62 21.61 554.08 2388.0 9060.27 1.3 47.39 522.34 2388.02 8153.59 8.4202 0.03 392 2388 100.0 38.9 23.3875
91 53 0.0003 0.0 100.0 518.67 642.1 1585.1 1401.43 14.62 21.61 554.46 2388.0 9072.67 1.3 47.37 522.49 2388.08 8150.65 8.3653 0.03 391 2388 100.0 39.03 23.338
91 54 0.0037 -0.0002 100.0 518.67 642.22 1586.24 1401.39 14.62 21.61 554.26 2388.06 9073.09 1.3 47.29 522.31 2387.99 8142.42 8.4118 0.03 392 2388 100.0 38.78 23.5269
91 55 -0.0017 -0.0 100.0 518.67 642.85 1585.3 1403.42 14.62 21.61 554.07 2388.02 9070.49 1.3 47.48 521.83 2388.05 8150.18 8.4192 0.03 390 2388 100.0 39.03 23.3729
91 56 -0.0005 -0.0002 100.0 518.67 642.06 1583.06 1403.14 14.62 21.61 554.46 2388.03 9068.96 1.3 47.33 521.46 2388.09 8147.11 8.3859 0.03 393 2388 100.0 38.95 23.4242
91 57 0.0012 -0.0001 100.0 518.67 641.97 1588.42 1403.69 14.62 21.61 554.53 2388.0 9071.36 1.3 47.3 522.35 2388.02 8151.68 8.4193 0.03 393 2388 100.0 39.02 23.4262
91 58 -0.0003 -0.0001 100.0 518.67 642.74 1584.91 1403.19 14.62 21.61 554.73 2388.03 9065.14 1.3 47.3 521.45 2388.0 8149.52 8.4095 0.03 392 2388 100.0 38.97 23.4589
91 59 0.0027 0.0003 100.0 518.67 642.48 1591.38 1406.91 14.62 21.61 553.91 2388.02 9065.17 1.3 47.36 522.55 2387.98 8144.86 8.3931 0.03 392 2388 100.0 38.96 23.3189
91 60 0.0013 0.0003 100.0 518.67 642.47 1591.33 1405.78 14.62 21.61 554.0 2388.05 9060.69 1.3 47.18 522.55 2388.04 8150.04 8.4274 0.03 391 2388 100.0 38.93 23.4611
91 61 0.0005 0.0 100.0 518.67 641.8 1581.04 1399.57 14.62 21.61 554.23 2388.03 9066.11 1.3 47.42 522.35 2388.01 8148.16 8.432 0.03 391 2388 100.0 38.97 23.2945
91 62 -0.0007 0.0 100.0 518.67 642.23 1585.79 1395.91 14.62 21.61 553.7 2387.99 9071.26 1.3 47.27 521.7 2388.03 8152.04 8.4167 0.03 392 2388 100.0 39.1 23.4303
91 63 0.0022 -0.0003 100.0 518.67 642.18 1591.67 1398.97 14.62 21.61 553.47 2388.06 9074.69 1.3 47.46 521.89 2388.1 8153.96 8.4527 0.03 391 2388 100.0 38.65 23.3715
91 64 -0.0001 -0.0005 100.0 518.67 641.81 1580.45 1395.45 14.62 21.61 554.32 2388.06 9071.21 1.3 47.29 522.45 2388.01 8150.65 8.4133 0.03 392 2388 100.0 38.9 23.3555
91 65 0.0008 -0.0003 100.0 518.67 642.26 1592.47 1401.02 14.62 21.61 553.49 2388.01 9070.42 1.3 47.35 522.03 2387.99 8149.68 8.3998 0.03 393 2388 100.0 38.93 23.2976
91 66 0.0011 0.0003 100.0 518.67 642.07 1584.25 1394.22 14.62 21.61 553.59 2388.02 9064.41 1.3 47.15 522.62 2388.08 8152.43 8.403 0.03 391 2388 100.0 38.99 23.4648
91 67 0.0026 -0.0001 100.0 518.67 642.4 1583.0 1398.46 14.62 21.61 554.35 2388.04 9067.66 1.3 47.4 522.04 2388.07 8146.81 8.436 0.03 393 2388 100.0 39.04 23.3217
91 68 -0.0021 -0.0004 100.0 518.67 642.16 1589.78 1401.07 14.62 21.61 553.46 2388.08 9069.55 1.3 47.29 521.8 2388.01 8147.09 8.4282 0.03 390 2388 100.0 38.93 23.3805
91 69 -0.0003 -0.0001 100.0 518.67 642.47 1585.78 1396.3 14.62 21.61 553.74 2388.1 9070.04 1.3 47.27 521.58 2387.99 8150.62 8.4011 0.03 393 2388 100.0 39.07 23.4061
91 70 -0.0017 0.0002 100.0 518.67 642.27 1581.27 1406.64 14.62 21.61 553.88 2388.03 9072.67 1.3 47.44 522.03 2388.01 8148.19 8.4485 0.03 393 2388 100.0 38.98 23.3834
91 71 -0.0024 -0.0001 100.0 518.67 641.93 1583.64 1394.63 14.62 21.61 553.83 2388.03 9072.21 1.3 47.44 522.04 2387.99 8151.02 8.4181 0.03 393 2388 100.0 39.01 23.3843
91 72 0.0036 0.0003 100.0 518.67 642.28 1589.91 1400.2 14.62 21.61 554.38 2388.06 9067.95 1.3 47.2 522.05 2388.06 8151.19 8.4211 0.03 392 2388 100.0 38.9 23.3305
91 73 0.0 0.0003 100.0 518.67 642.32 1591.36 1394.17 14.62 21.61 554.36 2388.04 9066.69 1.3 47.16 522.05 2388.0 8145.62 8.4117 0.03 393 2388 100.0 39.03 23.3941
91 74 0.0027 -0.0001 100.0 518.67 642.22 1582.5 1403.5 14.62 21.61 553.67 2388.03 9071.62 1.3 47.23 521.96 2388.0 8146.61 8.4074 0.03 393 2388 100.0 38.77 23.3079
91 75 0.0017 -0.0001 100.0 518.67 642.39 1590.25 1403.95 14.62 21.61 554.12 2388.02 9073.44 1.3 47.3 521.63 2388.0 8147.36 8.3953 0.03 392 2388 100.0 38.88 23.3737
91 76 0.0025 -0.0004 100.0 518.67 642.51 1590.79 1408.89 14.62 21.61 554.39 2387.96 9078.25 1.3 47.4 522.42 2388.01 8153.71 8.4271 0.03 392 2388 100.0 38.76 23.2886
91 77 -0.0014 0.0002 100.0 518.67 642.28 1583.32 1399.73 14.62 21.61 554.74 2388.09 9076.82 1.3 47.28 521.86 2388.07 8148.44 8.4194 0.03 392 2388 100.0 38.95 23.3109
91 78 0.0006 0.0003 100.0 518.67 642.16 1584.9 1404.16 14.62 21.61 553.82 2388.05 9057.2 1.3 47.45 521.55 2388.04 8151.03 8.4208 0.03 393 2388 100.0 39.01 23.436
91 79 -0.0014 0.0003 100.0 518.67 642.33 1591.18 1407.18 14.62 21.61 554.19 2388.01 9064.13 1.3 47.44 521.43 2388.06 8149.29 8.3987 0.03 393 2388 100.0 39.0 23.2603
91 80 0.0009 0.0001 100.0 518.67 642.35 1581.55 1403.3 14.62 21.61 553.73 2388.05 9070.08 1.3 47.49 521.92 2388.03 8153.11 8.4361 0.03 392 2388 100.0 39.07 23.4119
91 81 0.0022 -0.0003 100.0 518.67 642.55 1586.77 1401.42 14.62 21.61 553.48 2388.08 9064.79 1.3 47.34 522.22 2388.11 8150.25 8.4091 0.03 393 2388 100.0 38.85 23.335
91 82 -0.0012 -0.0001 100.0 518.67 642.59 1589.41 1400.72 14.62 21.61 554.14 2388.06 9068.55 1.3 47.53 522.56 2388.06 8146.51 8.4052 0.03 392 2388 100.0 38.99 23.3605
91 83 0.0022 -0.0003 100.0 518.67 642.24 1586.57 1396.63 14.62 21.61 554.03 2388.02 9060.91 1.3 47.55 521.85 2387.97 8145.96 8.3911 0.03 392 2388 100.0 38.85 23.3495
91 84 0.001 -0.0006 100.0 518.67 642.25 1583.74 1403.24 14.62 21.6 553.88 2388.05 9072.03 1.3 47.33 521.36 2388.01 8150.4 8.4491 0.03 392 2388 100.0 38.79 23.3915
91 85 0.0001 -0.0 100.0 518.67 642.6 1596.52 1403.78 14.62 21.61 554.26 2387.99 9064.69 1.3 47.47 521.88 2388.06 8149.49 8.4005 0.03 393 2388 100.0 38.89 23.3974
91 86 -0.001 0.0001 100.0 518.67 642.3 1586.8 1404.74 14.62 21.6 554.21 2388.08 9066.87 1.3 47.46 521.96 2388.09 8149.86 8.421 0.03 393 2388 100.0 38.92 23.5265
91 87 0.0025 -0.0003 100.0 518.67 642.26 1589.52 1400.9 14.62 21.61 554.26 2387.99 9066.87 1.3 47.36 522.01 2388.03 8142.03 8.4366 0.03 391 2388 100.0 38.82 23.291
91 88 -0.0002 0.0001 100.0 518.67 642.3 1585.51 1404.25 14.62 21.61 553.3 2387.99 9066.98 1.3 47.3 521.97 2388.0 8144.74 8.3927 0.03 392 2388 100.0 39.03 23.3722
91 89 0.0014 -0.0004 100.0 518.67 642.34 1594.84 1399.38 14.62 21.61 553.53 2388.06 9069.25 1.3 47.3 521.49 2388.07 8149.49 8.392 0.03 392 2388 100.0 39.01 23.4139
91 90 -0.0006 0.0 100.0 518.67 642.5 1593.37 1407.13 14.62 21.61 553.5 2388.04 9065.48 1.3 47.35 521.78 2388.07 8144.93 8.4079 0.03 393 2388 100.0 39.01 23.352
91 91 -0.0004 -0.0003 100.0 518.67 642.62 1591.66 1407.15 14.62 21.61 553.51 2388.03 9069.74 1.3 47.16 521.95 2388.02 8145.3 8.4426 0.03 392 2388 100.0 38.96 23.3467
91 92 0.0022 -0.0005 100.0 518.67 641.53 1581.16 1403.87 14.62 21.61 553.75 2388.12 9074.29 1.3 47.41 521.82 2388.03 8154.26 8.4835 0.03 392 2388 100.0 38.98 23.3847
91 93 -0.0006 0.0001 100.0 518.67 641.99 1583.64 1400.6 14.62 21.61 553.28 2388.06 9068.64 1.3 47.36 522.12 2388.04 8146.07 8.4091 0.03 392 2388 100.0 38.89 23.2614
91 94 -0.001 0.0004 100.0 518.67 642.52 1591.57 1400.26 14.62 21.61 554.0 2388.03 9073.48 1.3 47.37 521.78 2388.07 8146.59 8.4263 0.03 393 2388 100.0 38.9 23.3224
91 95 0.0016 0.0004 100.0 518.67 642.38 1595.92 1404.41 14.62 21.61 554.09 2388.06 9065.44 1.3 47.65 521.58 2388.15 8142.91 8.4439 0.03 391 2388 100.0 39.03 23.3066
91 96 0.0059 -0.0 100.0 518.67 642.5 1590.29 1402.92 14.62 21.61 553.84 2388.07 9072.03 1.3 47.54 521.66 2388.04 8148.87 8.4545 0.03 393 2388 100.0 38.96 23.2828
91 97 -0.0047 0.0003 100.0 518.67 642.56 1592.77 1404.33 14.62 21.61 553.87 2388.07 9061.59 1.3 47.39 521.68 2388.1 8144.8 8.4489 0.03 393 2388 100.0 38.8 23.2992
91 98 0.0046 0.0002 100.0 518.67 642.65 1588.36 1403.58 14.62 21.61 553.69 2388.05 9070.48 1.3 47.24 521.79 2387.95 8145.86 8.4179 0.03 393 2388 100.0 38.91 23.3492
91 99 0.0 0.0001 100.0 518.67 642.43 1585.92 1406.44 14.62 21.61 553.18 2388.08 9069.58 1.3 47.41 521.7 2388.06 8141.81 8.4673 0.03 392 2388 100.0 38.88 23.3316
91 100 -0.0029 0.0003 100.0 518.67 642.48 1592.54 1408.4 14.62 21.61 553.52 2388.1 9069.57 1.3 47.47 521.88 2388.05 8147.05 8.4402 0.03 393 2388 100.0 39.03 23.2784
91 101 0.002 0.0001 100.0 518.67 642.69 1593.47 1408.0 14.62 21.61 553.14 2388.07 9065.0 1.3 47.4 521.1 2388.06 8144.4 8.4522 0.03 393 2388 100.0 38.65 23.3404
91 102 -0.0001 -0.0001 100.0 518.67 642.87 1586.1 1409.6 14.62 21.61 553.98 2388.05 9067.76 1.3 47.38 521.23 2388.08 8141.05 8.4023 0.03 393 2388 100.0 38.93 23.2501
91 103 0.0021 -0.0003 100.0 518.67 642.54 1590.1 1414.76 14.62 21.61 553.51 2388.09 9064.52 1.3 47.34 521.6 2388.06 8145.41 8.4639 0.03 393 2388 100.0 38.95 23.398
91 104 0.0005 0.0001 100.0 518.67 642.52 1581.91 1396.65 14.62 21.61 553.66 2388.02 9071.95 1.3 47.39 521.97 2388.02 8148.3 8.3963 0.03 396 2388 100.0 38.85 23.3602
91 105 -0.0002 0.0 100.0 518.67 642.1 1586.43 1410.3 14.62 21.61 553.61 2388.09 9066.78 1.3 47.51 521.19 2388.04 8140.83 8.4568 0.03 393 2388 100.0 38.74 23.3441
91 106 0.0032 -0.0002 100.0 518.67 642.13 1589.98 1403.02 14.62 21.61 553.38 2388.06 9072.05 1.3 47.51 520.98 2388.06 8148.69 8.4534 0.03 394 2388 100.0 38.99 23.3735
91 107 -0.0014 -0.0005 100.0 518.67 642.42 1596.88 1409.66 14.62 21.61 553.52 2388.09 9065.05 1.3 47.54 521.4 2388.08 8147.56 8.4221 0.03 393 2388 100.0 38.86 23.1501
91 108 0.0 -0.0005 100.0 518.67 642.26 1586.59 1409.65 14.62 21.61 553.49 2388.09 9063.84 1.3 47.57 521.43 2388.11 8144.15 8.4468 0.03 392 2388 100.0 38.77 23.1969
91 109 0.0016 0.0001 100.0 518.67 643.13 1596.23 1402.46 14.62 21.61 553.9 2388.01 9065.91 1.3 47.63 521.41 2388.2 8145.6 8.423 0.03 394 2388 100.0 38.92 23.3195
91 110 0.0003 -0.0003 100.0 518.67 641.86 1593.8 1405.31 14.62 21.61 553.32 2388.09 9070.2 1.3 47.6 521.73 2388.1 8144.05 8.3882 0.03 393 2388 100.0 38.83 23.368
91 111 0.0034 -0.0004 100.0 518.67 642.65 1594.5 1404.21 14.62 21.61 553.16 2388.12 9070.55 1.3 47.53 520.97 2388.1 8146.99 8.4546 0.03 393 2388 100.0 38.79 23.3321
91 112 0.0016 -0.0005 100.0 518.67 642.66 1593.4 1406.27 14.62 21.61 553.93 2388.09 9066.7 1.3 47.59 521.73 2388.09 8145.41 8.4425 0.03 393 2388 100.0 38.84 23.3142
91 113 -0.0014 0.0003 100.0 518.67 642.14 1596.63 1403.68 14.62 21.61 553.18 2388.09 9061.96 1.3 47.51 521.59 2388.07 8146.62 8.4541 0.03 392 2388 100.0 38.86 23.2849
91 114 -0.0004 -0.0006 100.0 518.67 643.35 1587.66 1408.07 14.62 21.61 553.57 2388.05 9071.3 1.3 47.69 521.18 2388.08 8144.9 8.4722 0.03 392 2388 100.0 38.87 23.2398
91 115 0.0048 0.0001 100.0 518.67 642.74 1589.11 1406.69 14.62 21.61 553.55 2388.15 9077.25 1.3 47.39 521.42 2388.11 8144.25 8.4814 0.03 393 2388 100.0 38.66 23.2589
91 116 -0.0015 -0.0002 100.0 518.67 642.78 1590.97 1409.71 14.62 21.61 553.58 2388.14 9066.04 1.3 47.54 521.84 2388.07 8148.01 8.4286 0.03 394 2388 100.0 38.72 23.4119
91 117 -0.0027 0.0004 100.0 518.67 642.07 1588.99 1411.39 14.62 21.61 552.54 2388.11 9062.85 1.3 47.55 521.27 2388.08 8146.4 8.4285 0.03 392 2388 100.0 38.82 23.3484
91 118 -0.0 0.0001 100.0 518.67 642.56 1588.1 1409.2 14.62 21.61 553.85 2388.15 9063.01 1.3 47.54 520.98 2388.1 8147.02 8.4487 0.03 394 2388 100.0 38.89 23.3592
91 119 0.0004 0.0004 100.0 518.67 642.93 1593.86 1410.92 14.62 21.61 553.67 2388.09 9064.8 1.3 47.69 521.24 2388.11 8145.33 8.4539 0.03 394 2388 100.0 38.86 23.2498
91 120 -0.0017 0.0001 100.0 518.67 642.67 1590.45 1413.7 14.62 21.61 554.18 2388.12 9068.08 1.3 47.41 521.37 2388.07 8143.38 8.435 0.03 393 2388 100.0 38.92 23.1999
91 121 -0.0018 -0.0001 100.0 518.67 642.87 1592.17 1411.13 14.62 21.61 553.35 2388.12 9064.68 1.3 47.48 521.49 2388.11 8144.29 8.4264 0.03 394 2388 100.0 38.84 23.1863
91 122 0.0005 -0.0006 100.0 518.67 642.95 1596.32 1410.48 14.62 21.61 553.09 2388.14 9064.1 1.3 47.61 520.95 2388.1 8140.33 8.4166 0.03 394 2388 100.0 38.88 23.2421
91 123 0.0008 0.0002 100.0 518.67 643.25 1589.63 1418.21 14.62 21.61 552.75 2388.1 9062.27 1.3 47.54 521.29 2388.15 8135.52 8.461 0.03 394 2388 100.0 38.72 23.2743
91 124 -0.0044 -0.0005 100.0 518.67 642.75 1589.88 1413.57 14.62 21.61 553.86 2388.16 9056.8 1.3 47.63 521.48 2388.13 8142.78 8.4465 0.03 394 2388 100.0 38.66 23.2802
91 125 0.001 -0.0002 100.0 518.67 642.81 1595.2 1414.69 14.62 21.61 552.91 2388.12 9065.42 1.3 47.76 521.28 2388.09 8144.13 8.4792 0.03 395 2388 100.0 38.77 23.2369
91 126 -0.0003 0.0001 100.0 518.67 643.22 1603.15 1414.11 14.62 21.61 553.24 2388.18 9065.35 1.3 47.76 521.0 2388.09 8149.18 8.4615 0.03 394 2388 100.0 38.86 23.1459
91 127 -0.0018 0.0002 100.0 518.67 643.15 1597.33 1414.73 14.62 21.61 553.24 2388.21 9065.67 1.3 47.71 520.94 2388.09 8141.35 8.4459 0.03 394 2388 100.0 38.64 23.1426
91 128 0.0033 0.0003 100.0 518.67 642.93 1591.04 1417.69 14.62 21.61 552.4 2388.15 9069.97 1.3 47.71 520.5 2388.09 8140.3 8.4418 0.03 395 2388 100.0 38.78 23.2681
91 129 -0.0001 -0.0002 100.0 518.67 643.02 1592.06 1404.68 14.62 21.61 552.83 2388.14 9059.75 1.3 47.75 521.11 2388.15 8141.95 8.4879 0.03 394 2388 100.0 38.6 23.2049
91 130 0.0023 -0.0003 100.0 518.67 643.28 1584.81 1425.05 14.62 21.61 552.77 2388.16 9060.98 1.3 47.72 521.0 2388.18 8143.36 8.4586 0.03 393 2388 100.0 38.56 23.2144
91 131 -0.0017 -0.0004 100.0 518.67 642.98 1595.56 1417.18 14.62 21.61 553.16 2388.15 9059.37 1.3 47.68 520.65 2388.15 8142.64 8.4381 0.03 394 2388 100.0 38.6 23.0946
91 132 0.0003 0.0003 100.0 518.67 642.72 1598.03 1421.53 14.62 21.61 552.72 2388.11 9064.74 1.3 47.7 520.85 2388.2 8141.85 8.4693 0.03 393 2388 100.0 38.86 23.2985
91 133 0.0003 -0.0 100.0 518.67 643.74 1595.33 1416.67 14.62 21.61 552.72 2388.14 9073.89 1.3 47.72 521.07 2388.07 8139.32 8.4448 0.03 394 2388 100.0 38.77 23.2011
91 134 0.0025 -0.0003 100.0 518.67 643.78 1596.46 1417.1 14.62 21.61 552.54 2388.16 9060.7 1.3 47.68 520.39 2388.16 8147.3 8.462 0.03 394 2388 100.0 38.66 23.2049
91 135 0.0006 0.0001 100.0 518.67 643.16 1597.24 1413.94 14.62 21.61 552.08 2388.14 9074.12 1.3 47.99 520.78 2388.14 8149.25 8.4737 0.03 395 2388 100.0 38.64 23.1766
91 136 -0.0006 0.0001 100.0 518.67 643.28 1596.6 1421.46 14.62 21.61 552.91 2388.16 9064.7 1.3 47.75 520.27 2388.12 8142.56 8.5008 0.03 395 2388 100.0 38.63 23.1748
91 137 -0.0014 0.0003 100.0 518.67 642.98 1589.1 1417.56 14.62 21.61 552.17 2388.15 9062.25 1.3 47.77 520.75 2388.08 8142.94 8.4747 0.03 397 2388 100.0 38.66 23.1944
91 138 0.0001 -0.0001 100.0 518.67 642.86 1596.8 1412.16 14.62 21.61 552.53 2388.21 9055.01 1.3 47.76 520.27 2388.19 8137.9 8.519 0.03 394 2388 100.0 38.57 23.0831
91 139 0.0002 0.0001 100.0 518.67 643.08 1588.57 1415.32 14.62 21.61 551.57 2388.19 9068.75 1.3 47.92 520.3 2388.21 8135.74 8.4667 0.03 393 2388 100.0 38.44 23.2111
91 140 -0.0002 0.0003 100.0 518.67 643.24 1593.09 1425.25 14.62 21.61 552.74 2388.14 9052.34 1.3 47.95 519.77 2388.23 8137.01 8.5261 0.03 395 2388 100.0 38.83 23.2055
91 141 0.0002 -0.0002 100.0 518.67 643.65 1599.38 1425.53 14.62 21.61 552.01 2388.19 9067.64 1.3 47.93 520.31 2388.15 8138.48 8.4724 0.03 396 2388 100.0 38.7 23.1171
91 142 0.0062 0.0002 100.0 518.67 643.38 1590.31 1423.41 14.62 21.61 552.67 2388.19 9060.42 1.3 47.9 520.61 2388.23 8136.43 8.4592 0.03 394 2388 100.0 38.64 23.2124
91 143 0.0007 0.0004 100.0 518.67 643.39 1599.23 1420.52 14.62 21.61 552.42 2388.23 9067.11 1.3 47.9 520.2 2388.19 8138.59 8.4578 0.03 394 2388 100.0 38.66 23.1636
91 144 0.0006 0.0003 100.0 518.67 643.76 1600.76 1423.38 14.62 21.61 551.28 2388.18 9066.76 1.3 47.98 520.46 2388.19 8130.1 8.5042 0.03 395 2388 100.0 38.69 23.2764
91 145 -0.0022 -0.0004 100.0 518.67 643.23 1597.46 1415.1 14.62 21.61 552.13 2388.24 9064.95 1.3 47.82 519.72 2388.16 8136.83 8.5298 0.03 396 2388 100.0 38.71 23.1927
91 146 0.0009 -0.0002 100.0 518.67 643.32 1597.43 1421.79 14.62 21.61 551.64 2388.19 9060.03 1.3 48.19 520.13 2388.19 8134.95 8.5121 0.03 395 2388 100.0 38.45 23.1376
91 147 0.0036 0.0004 100.0 518.67 643.39 1599.09 1420.38 14.62 21.61 551.49 2388.22 9062.1 1.3 47.98 520.07 2388.27 8131.63 8.4661 0.03 396 2388 100.0 38.64 23.0942
91 148 0.0002 -0.0005 100.0 518.67 643.93 1598.44 1429.21 14.62 21.61 551.91 2388.23 9062.35 1.3 48.08 519.94 2388.23 8128.1 8.5328 0.03 395 2388 100.0 38.57 23.0592
91 149 -0.0023 -0.0004 100.0 518.67 643.6 1602.04 1427.23 14.62 21.61 552.58 2388.19 9058.15 1.3 47.92 519.35 2388.27 8142.79 8.5186 0.03 394 2388 100.0 38.75 23.0938
91 150 0.0027 0.0001 100.0 518.67 643.72 1595.45 1425.02 14.62 21.61 550.42 2388.25 9061.9 1.3 48.09 520.2 2388.19 8133.23 8.5051 0.03 396 2388 100.0 38.44 23.1168
91 151 -0.0031 -0.0001 100.0 518.67 643.27 1593.6 1425.95 14.62 21.61 551.88 2388.25 9058.09 1.3 48.37 519.88 2388.23 8130.88 8.5306 0.03 395 2388 100.0 38.56 23.1018
91 152 0.0011 -0.0 100.0 518.67 643.61 1601.55 1429.93 14.62 21.61 550.66 2388.24 9053.03 1.3 48.06 520.47 2388.33 8132.59 8.5669 0.03 397 2388 100.0 38.46 23.0299
91 153 -0.0013 -0.0001 100.0 518.67 644.1 1589.01 1425.03 14.62 21.61 551.3 2388.3 9060.32 1.3 48.09 519.92 2388.28 8130.06 8.5245 0.03 396 2388 100.0 38.59 23.1138
91 154 -0.0005 -0.0002 100.0 518.67 643.63 1595.18 1427.31 14.62 21.61 551.31 2388.27 9063.18 1.3 48.25 519.62 2388.25 8133.66 8.5464 0.03 396 2388 100.0 38.59 23.084
91 155 -0.0003 -0.0003 100.0 518.67 643.85 1605.08 1433.12 14.62 21.61 551.03 2388.28 9058.38 1.3 48.3 519.56 2388.29 8132.21 8.5261 0.03 396 2388 100.0 38.46 23.0161
91 156 0.0077 -0.0003 100.0 518.67 643.91 1610.83 1428.1 14.62 21.61 551.23 2388.27 9058.61 1.3 48.19 519.55 2388.29 8130.41 8.5079 0.03 396 2388 100.0 38.61 23.0567
