114 1 42.0007 0.84 100.0 445.0 548.74 1348.4 1116.31 3.91 5.71 139.09 2212.0 8314.99 1.02 42.06 131.29 2388.08 8086.99 9.2942 0.02 329 2212 100.0 10.7 6.4222
114 2 20.0056 0.7 100.0 491.19 606.99 1481.35 1238.31 9.35 13.64 335.51 2323.89 8719.99 1.08 44.02 315.37 2388.02 8062.48 9.1481 0.02 363 2324 100.0 24.49 14.7308
114 3 35.0076 0.8408 100.0 449.44 555.25 1357.87 1114.21 5.48 7.99 194.88 2222.91 8346.77 1.03 41.58 183.21 2388.01 8067.88 9.262 0.02 331 2223 100.0 14.96 9.0834
114 4 42.0065 0.84 100.0 445.0 549.11 1342.97 1124.74 3.91 5.71 138.79 2212.0 8333.48 1.02 41.71 131.04 2388.09 8084.52 9.3263 0.02 328 2212 100.0 10.41 6.3348
114 5 42.0003 0.84 100.0 445.0 548.97 1351.76 1119.52 3.91 5.71 139.16 2211.95 8327.15 1.03 41.97 131.39 2387.99 8083.6 9.2803 0.02 329 2212 100.0 10.69 6.4338
114 6 25.0014 0.6204 60.0 462.54 536.31 1258.29 1048.85 7.05 9.02 175.96 1915.37 8005.93 0.94 36.52 164.73 2028.21 7875.21 10.819 0.02 305 1915 84.93 14.33 8.6227
114 7 42.0005 0.8415 100.0 445.0 549.18 1345.94 1120.31 3.91 5.71 138.72 2211.98 8314.75 1.02 41.62 131.05 2388.0 8082.32 9.332 0.02 329 2212 100.0 10.72 6.4259
114 8 34.9999 0.84 100.0 449.44 555.21 1356.86 1127.85 5.48 7.99 194.47 2222.96 8347.22 1.03 41.51 183.77 2388.03 8067.55 9.2792 0.02 333 2223 100.0 14.95 9.0546
114 9 20.0016 0.7 100.0 491.19 607.16 1483.15 1241.0 9.35 13.65 335.9 2323.97 8726.47 1.08 44.2 316.09 2388.11 8063.6 9.159 0.02 361 2324 100.0 24.62 14.7201
114 10 42.0079 0.84 100.0 445.0 549.18 1349.89 1115.67 3.91 5.71 139.18 2211.95 8319.07 1.02 41.68 130.89 2388.01 8084.81 9.3177 0.02 329 2212 100.0 10.53 6.4404
114 11 10.0019 0.25 100.0 489.05 604.0 1494.87 1292.14 10.52 15.48 395.49 2318.81 8774.19 1.26 45.31 372.41 2387.92 8130.42 8.5682 0.03 368 2319 100.0 28.73 17.1922
114 12 42.0023 0.8415 100.0 445.0 548.93 1354.89 1126.29 3.91 5.71 138.63 2211.97 8313.89 1.02 41.89 130.85 2388.04 8085.66 9.3255 0.02 329 2212 100.0 10.5 6.3569
114 13 0.0029 0.0013 100.0 518.67 642.27 1577.99 1397.12 14.62 21.6 555.74 2388.03 9053.26 1.3 47.39 523.13 2388.01 8137.14 8.3933 0.03 391 2388 100.0 38.98 23.4002
114 14 20.0076 0.7018 100.0 491.19 606.92 1472.67 1239.05 9.35 13.65 335.65 2323.9 8717.81 1.08 44.19 315.35 2388.03 8063.25 9.1405 0.02 365 2324 100.0 24.74 14.6624
114 15 41.9989 0.84 100.0 445.0 549.73 1353.31 1116.84 3.91 5.71 138.48 2211.94 8319.81 1.02 41.75 131.18 2387.98 8086.04 9.3102 0.02 329 2212 100.0 10.59 6.354
114 16 42.0002 0.8404 100.0 445.0 549.51 1339.51 1106.31 3.91 5.71 138.56 2211.93 8328.2 1.02 41.85 130.89 2388.03 8085.59 9.3571 0.02 330 2212 100.0 10.72 6.3542
114 17 10.0064 0.2515 100.0 489.05 603.8 1501.0 1306.12 10.52 15.48 395.55 2318.8 8781.88 1.26 45.12 372.5 2388.06 8131.71 8.6231 0.03 368 2319 100.0 28.71 17.1221
114 18 25.0026 0.6204 60.0 462.54 536.49 1258.26 1044.0 7.05 9.02 175.84 1915.27 8005.37 0.94 36.41 165.02 2028.24 7875.0 10.8115 0.02 305 1915 84.93 14.4 8.6984
114 19 20.0001 0.7 100.0 491.19 606.61 1474.9 1250.75 9.35 13.64 336.35 2323.98 8724.2 1.08 44.17 315.61 2388.04 8063.53 9.1573 0.02 364 2324 100.0 24.65 14.8263
114 20 25.0078 0.6216 60.0 462.54 536.9 1255.8 1040.89 7.05 9.02 175.37 1915.36 8010.03 0.94 36.6 165.45 2028.25 7869.77 10.8087 0.02 305 1915 84.93 14.28 8.7672
114 21 34.9996 0.8402 100.0 449.44 554.98 1361.15 1123.0 5.48 7.99 194.57 2222.95 8354.85 1.02 41.58 183.25 2388.08 8075.01 9.2835 0.02 332 2223 100.0 14.99 8.9393
114 22 20.0079 0.7006 100.0 491.19 607.55 1479.92 1241.28 9.35 13.65 336.3 2323.87 8719.72 1.08 43.84 315.42 2388.08 8061.2 9.1765 0.02 366 2324 100.0 24.62 14.8361
114 23 20.0017 0.7 100.0 491.19 607.39 1483.52 1245.88 9.35 13.64 335.65 2323.94 8725.61 1.08 44.06 315.85 2388.01 8057.72 9.1608 0.02 362 2324 100.0 24.6 14.7792
114 24 35.0067 0.84 100.0 449.44 554.96 1360.16 1120.31 5.48 8.0 195.64 2223.0 8347.39 1.03 41.65 183.34 2387.97 8062.85 9.2663 0.02 334 2223 100.0 14.99 8.8254
114 25 41.9982 0.84 100.0 445.0 548.93 1346.52 1123.19 3.91 5.71 139.01 2211.98 8311.0 1.02 41.84 131.29 2388.02 8089.56 9.3161 0.02 330 2212 100.0 10.8 6.4487
114 26 0.0003 0.0 100.0 518.67 642.19 1583.45 1397.65 14.62 21.6 554.32 2387.99 9054.91 1.3 47.06 523.47 2388.07 8136.95 8.3802 0.03 390 2388 100.0 38.96 23.4904
114 27 0.0001 0.0016 100.0 518.67 641.98 1578.77 1399.15 14.62 21.6 555.61 2388.04 9052.86 1.3 47.15 523.28 2387.98 8137.96 8.3624 0.03 392 2388 100.0 39.08 23.4775
114 28 20.0015 0.7 100.0 491.19 607.22 1483.91 1239.93 9.35 13.65 334.97 2323.92 8718.33 1.08 44.23 316.06 2388.1 8061.33 9.1449 0.02 364 2324 100.0 24.58 14.8406
114 29 25.0016 0.62 60.0 462.54 536.66 1257.87 1040.11 7.05 9.02 175.84 1915.33 8007.09 0.94 36.65 165.1 2028.25 7871.23 10.8272 0.02 306 1915 84.93 14.22 8.5915
114 30 42.0069 0.84 100.0 445.0 549.25 1349.49 1119.46 3.91 5.71 140.04 2211.99 8314.11 1.02 41.79 130.9 2388.06 8083.21 9.295 0.02 330 2212 100.0 10.83 6.39
114 31 20.0005 0.7 100.0 491.19 606.94 1478.93 1243.61 9.35 13.64 335.44 2323.85 8719.62 1.08 44.1 314.99 2388.0 8063.06 9.1646 0.02 364 2324 100.0 24.49 14.7719
114 32 41.9987 0.84 100.0 445.0 549.06 1346.79 1120.74 3.91 5.71 139.21 2212.0 8321.08 1.02 41.68 131.39 2388.04 8090.87 9.3104 0.02 329 2212 100.0 10.71 6.4097
114 33 0.003 0.0002 100.0 518.67 642.11 1581.24 1396.24 14.62 21.6 555.28 2388.02 9053.57 1.3 47.1 522.48 2388.03 8136.56 8.3814 0.03 391 2388 100.0 39.01 23.4437
114 34 0.0027 0.002 100.0 518.67 642.01 1583.5 1390.38 14.62 21.6 555.68 2388.07 9061.71 1.3 47.1 523.46 2387.99 8141.26 8.3865 0.03 391 2388 100.0 39.22 23.5166
114 35 20.0026 0.701 100.0 491.19 607.0 1482.71 1241.92 9.35 13.64 335.45 2323.86 8716.91 1.08 44.27 315.35 2387.94 8062.54 9.1863 0.02 364 2324 100.0 24.6 14.678
114 36 41.9986 0.84 100.0 445.0 548.4 1343.61 1112.63 3.91 5.71 139.15 2211.95 8322.12 1.02 41.75 130.22 2387.98 8083.39 9.3469 0.02 330 2212 100.0 10.64 6.3093
114 37 25.0002 0.6203 60.0 462.54 536.73 1259.06 1040.12 7.05 9.02 175.56 1915.35 8011.31 0.94 36.29 165.14 2028.21 7873.63 10.8395 0.02 307 1915 84.93 14.5 8.6253
114 38 10.0033 0.2506 100.0 489.05 604.12 1492.43 1293.63 10.52 15.48 395.39 2318.78 8773.0 1.26 45.17 372.48 2388.05 8131.37 8.5857 0.03 368 2319 100.0 28.77 17.3056
114 39 25.0013 0.622 60.0 462.54 536.66 1252.44 1041.14 7.05 9.02 176.09 1915.33 8009.23 0.94 36.54 165.13 2028.26 7871.84 10.7886 0.02 305 1915 84.93 14.35 8.7089
114 40 35.0065 0.84 100.0 449.44 554.94 1356.35 1128.64 5.48 7.99 195.12 2222.96 8356.0 1.03 41.68 183.55 2388.08 8075.02 9.2193 0.02 333 2223 100.0 15.03 8.9816
114 41 9.999 0.2504 100.0 489.05 604.24 1488.69 1299.05 10.52 15.48 395.48 2318.79 8774.74 1.26 45.06 372.92 2388.02 8131.0 8.626 0.03 368 2319 100.0 28.82 17.2035
114 42 42.0076 0.8405 100.0 445.0 549.63 1341.89 1111.36 3.91 5.71 139.36 2211.97 8321.2 1.02 41.84 131.25 2388.09 8087.91 9.328 0.02 329 2212 100.0 10.58 6.3689
114 43 42.0056 0.8403 100.0 445.0 549.04 1355.64 1113.01 3.91 5.71 138.81 2211.95 8317.78 1.02 41.59 130.27 2388.07 8088.39 9.3244 0.02 330 2212 100.0 10.77 6.4434
114 44 0.0011 0.0 100.0 518.67 642.19 1588.39 1398.37 14.62 21.6 555.24 2388.04 9055.82 1.3 47.37 523.8 2388.03 8135.85 8.4096 0.03 392 2388 100.0 39.27 23.4645
114 45 9.9992 0.25 100.0 489.05 604.69 1498.49 1297.61 10.52 15.48 395.64 2318.85 8779.82 1.26 45.18 372.52 2388.0 8128.87 8.5929 0.03 368 2319 100.0 28.68 17.3007
114 46 42.0053 0.8419 100.0 445.0 549.25 1343.91 1112.5 3.91 5.71 139.21 2211.89 8318.39 1.02 41.85 131.07 2388.06 8087.1 9.2511 0.02 330 2212 100.0 10.57 6.4123
114 47 41.9983 0.84 100.0 445.0 549.92 1347.27 1120.24 3.91 5.71 139.55 2211.98 8311.39 1.02 41.9 131.24 2388.02 8086.59 9.2873 0.02 329 2212 100.0 10.67 6.3938
114 48 42.0037 0.84 100.0 445.0 548.77 1352.28 1119.03 3.91 5.71 139.12 2212.02 8315.09 1.02 41.9 130.81 2388.09 8084.4 9.3361 0.02 330 2212 100.0 10.57 6.4504
114 49 0.0015 0.0 100.0 518.67 642.34 1588.03 1401.41 14.62 21.6 555.44 2388.06 9053.47 1.3 47.21 523.5 2388.08 8140.22 8.3897 0.03 393 2388 100.0 39.22 23.5398
114 50 10.0066 0.25 100.0 489.05 604.42 1494.32 1304.86 10.52 15.48 395.08 2318.84 8781.27 1.26 45.13 372.48 2388.02 8136.33 8.5887 0.03 368 2319 100.0 28.56 17.1862
114 51 19.9988 0.7017 100.0 491.19 607.57 1473.67 1250.52 9.35 13.65 336.0 2323.94 8722.45 1.08 44.1 316.06 2388.05 8064.52 9.1815 0.02 363 2324 100.0 24.63 14.7362
114 52 0.0007 0.0 100.0 518.67 642.23 1589.37 1396.26 14.62 21.6 556.25 2387.99 9053.02 1.3 47.26 523.36 2388.04 8142.78 8.3417 0.03 392 2388 100.0 39.14 23.4113
114 53 10.0003 0.2504 100.0 489.05 604.49 1490.26 1300.25 10.52 15.49 396.22 2318.82 8782.07 1.26 45.02 372.54 2388.05 8138.2 8.5857 0.03 367 2319 100.0 28.8 17.199
114 54 42.0036 0.8404 100.0 445.0 548.88 1350.62 1113.39 3.91 5.71 138.69 2211.99 8316.53 1.02 41.75 130.8 2388.06 8088.07 9.3111 0.02 328 2212 100.0 10.67 6.36
114 55 35.0019 0.8413 100.0 449.44 555.45 1362.77 1123.66 5.48 7.99 195.18 2222.92 8338.95 1.03 41.65 183.53 2388.02 8071.24 9.2735 0.02 331 2223 100.0 14.94 9.0611
114 56 42.0 0.84 100.0 445.0 549.23 1345.69 1112.53 3.91 5.71 138.95 2211.96 8325.58 1.02 41.74 131.28 2388.06 8087.14 9.285 0.02 330 2212 100.0 10.53 6.4697
114 57 0.0008 0.0012 100.0 518.67 641.72 1588.61 1392.39 14.62 21.6 555.4 2388.02 9057.11 1.3 47.14 524.08 2388.02 8140.78 8.3552 0.03 391 2388 100.0 39.1 23.4738
114 58 24.9996 0.6211 60.0 462.54 536.55 1264.13 1040.77 7.05 9.02 176.23 1915.41 8003.73 0.94 36.61 165.06 2028.27 7872.15 10.8689 0.02 306 1915 84.93 14.47 8.6569
114 59 25.0049 0.62 60.0 462.54 536.48 1251.71 1047.14 7.05 9.02 175.82 1915.34 8005.69 0.94 36.42 164.78 2028.29 7877.62 10.8722 0.02 304 1915 84.93 14.21 8.7494
114 60 0.0005 0.0 100.0 518.67 642.21 1587.18 1396.38 14.62 21.6 556.1 2388.02 9055.8 1.3 47.09 523.87 2387.99 8135.41 8.3423 0.03 391 2388 100.0 38.94 23.4338
114 61 24.9989 0.62 60.0 462.54 536.55 1257.46 1039.52 7.05 9.02 175.51 1915.31 8007.11 0.94 36.53 164.97 2028.25 7871.28 10.8321 0.02 306 1915 84.93 14.19 8.6547
114 62 24.9982 0.6211 60.0 462.54 536.11 1260.0 1038.5 7.05 9.02 176.31 1915.38 8006.13 0.94 36.55 165.23 2028.26 7872.14 10.8511 0.02 306 1915 84.93 14.2 8.5529
114 63 0.0001 0.0016 100.0 518.67 642.08 1593.82 1405.96 14.62 21.61 555.94 2388.04 9059.76 1.3 47.2 523.96 2388.02 8142.29 8.3837 0.03 392 2388 100.0 39.2 23.4204
114 64 20.0036 0.7018 100.0 491.19 607.39 1482.07 1244.4 9.35 13.65 336.39 2323.94 8734.15 1.08 44.18 316.2 2388.1 8055.13 9.1836 0.02 365 2324 100.0 24.65 14.8411
114 65 20.0036 0.7 100.0 491.19 606.67 1478.37 1240.58 9.35 13.64 335.68 2323.88 8722.04 1.08 44.24 316.08 2388.02 8065.05 9.1828 0.02 363 2324 100.0 24.53 14.7
114 66 35.0061 0.84 100.0 449.44 554.85 1357.09 1121.64 5.48 7.99 195.35 2222.96 8345.31 1.03 41.58 183.36 2388.03 8070.26 9.2343 0.02 333 2223 100.0 15.06 8.9208
114 67 0.0019 0.0019 100.0 518.67 641.93 1586.77 1401.17 14.62 21.6 556.4 2388.04 9057.11 1.3 47.18 524.02 2388.04 8139.57 8.3625 0.03 393 2388 100.0 39.18 23.5072
114 68 34.9994 0.84 100.0 449.44 555.6 1365.92 1123.86 5.48 7.99 195.04 2223.0 8354.48 1.03 41.62 183.99 2388.1 8068.88 9.243 0.02 333 2223 100.0 15.07 8.9135
114 69 35.0041 0.8404 100.0 449.44 555.86 1359.3 1120.99 5.48 7.99 194.74 2223.02 8343.09 1.02 41.74 183.87 2388.15 8073.73 9.2598 0.02 333 2223 100.0 14.92 8.9527
114 70 42.0051 0.84 100.0 445.0 549.24 1343.49 1116.5 3.91 5.71 138.86 2212.02 8321.93 1.02 41.79 130.75 2388.03 8091.43 9.2831 0.02 329 2212 100.0 10.54 6.4268
114 71 35.0071 0.84 100.0 449.44 555.05 1361.58 1123.48 5.48 8.0 195.31 2223.05 8355.13 1.03 41.73 183.62 2388.05 8080.76 9.2547 0.02 332 2223 100.0 14.8 9.0062
114 72 25.0003 0.6207 60.0 462.54 536.33 1257.21 1045.58 7.05 9.02 176.16 1915.4 8011.98 0.94 36.59 164.97 2028.27 7869.43 10.8095 0.02 307 1915 84.93 14.24 8.6027
114 73 10.0032 0.25 100.0 489.05 604.51 1498.46 1296.24 10.52 15.49 395.49 2318.84 8775.61 1.26 45.1 372.53 2388.04 8129.96 8.6048 0.03 367 2319 100.0 28.58 17.2411
114 74 10.0035 0.25 100.0 489.05 604.24 1498.56 1299.8 10.52 15.48 395.93 2318.82 8773.25 1.26 45.1 372.89 2388.05 8138.2 8.5901 0.03 367 2319 100.0 28.73 17.1292
114 75 24.9998 0.62 60.0 462.54 537.0 1260.36 1043.39 7.05 9.02 176.01 1915.37 8008.85 0.94 36.51 165.19 2028.29 7870.67 10.8492 0.02 304 1915 84.93 14.37 8.5751
114 76 10.0022 0.2517 100.0 489.05 604.97 1496.17 1299.57 10.52 15.48 395.85 2318.93 8775.22 1.26 45.21 373.63 2388.09 8135.33 8.5995 0.03 366 2319 100.0 28.72 17.2225
114 77 42.0052 0.8407 100.0 445.0 549.13 1350.73 1117.91 3.91 5.71 139.21 2211.96 8321.88 1.02 41.94 131.04 2388.07 8088.78 9.3069 0.02 329 2212 100.0 10.56 6.4795
114 78 9.9982 0.2503 100.0 489.05 604.86 1491.02 1299.52 10.52 15.48 396.27 2318.88 8782.31 1.26 45.16 372.76 2388.07 8132.83 8.5773 0.03 368 2319 100.0 28.59 17.3009
114 79 25.0073 0.62 60.0 462.54 536.67 1250.68 1051.23 7.05 9.02 176.19 1915.39 8006.26 0.94 36.41 164.99 2028.28 7875.07 10.8154 0.02 306 1915 84.93 14.39 8.6043
114 80 42.0005 0.8417 100.0 445.0 549.52 1340.27 1115.22 3.91 5.71 139.42 2212.01 8327.81 1.02 41.79 130.79 2388.05 8093.91 9.3 0.02 330 2212 100.0 10.81 6.3733
114 81 20.0062 0.7 100.0 491.19 607.47 1480.36 1237.15 9.35 13.65 336.78 2323.97 8727.13 1.08 44.11 316.77 2388.12 8063.74 9.1464 0.02 366 2324 100.0 24.61 14.7457
114 82 41.9988 0.8411 100.0 445.0 549.47 1341.05 1112.23 3.91 5.71 139.21 2212.05 8322.09 1.03 41.89 131.25 2388.06 8088.8 9.3063 0.02 329 2212 100.0 10.72 6.4418
114 83 35.0046 0.84 100.0 449.44 555.75 1363.25 1122.19 5.48 7.99 195.77 2222.98 8354.63 1.03 41.68 184.08 2388.13 8071.82 9.255 0.02 333 2223 100.0 15.04 8.98
114 84 0.0009 0.0014 100.0 518.67 642.69 1587.31 1398.75 14.62 21.6 556.7 2388.01 9062.55 1.3 47.44 524.81 2388.01 8140.04 8.3583 0.03 392 2388 100.0 39.1 23.5848
114 85 35.0008 0.8419 100.0 449.44 555.29 1359.38 1121.33 5.48 8.0 195.3 2223.01 8346.0 1.03 41.65 184.61 2388.12 8073.32 9.2165 0.02 333 2223 100.0 15.03 9.0603
114 86 10.0026 0.2503 100.0 489.05 604.3 1491.39 1306.9 10.52 15.48 396.01 2318.9 8780.37 1.26 45.29 373.82 2388.07 8135.49 8.5632 0.03 369 2319 100.0 28.59 17.2296
114 87 35.0041 0.8419 100.0 449.44 555.34 1365.48 1127.09 5.48 7.99 195.34 2223.0 8354.58 1.03 41.76 183.91 2388.11 8071.78 9.2363 0.02 335 2223 100.0 14.87 8.9583
114 88 35.0053 0.84 100.0 449.44 555.08 1360.08 1122.33 5.48 8.0 195.76 2223.08 8355.14 1.03 41.7 183.97 2388.11 8072.48 9.2517 0.02 333 2223 100.0 15.04 8.9627
114 89 35.0068 0.84 100.0 449.44 555.5 1354.08 1114.66 5.48 8.0 195.75 2223.06 8354.85 1.03 41.89 184.18 2388.18 8074.88 9.2163 0.02 333 2223 100.0 15.08 8.956
114 90 35.0059 0.84 100.0 449.44 555.37 1359.42 1121.52 5.48 8.0 195.69 2223.05 8353.42 1.03 41.86 184.24 2388.15 8074.85 9.241 0.02 333 2223 100.0 15.04 9.0045
114 91 20.0058 0.7 100.0 491.19 607.29 1479.26 1245.47 9.35 13.64 335.24 2323.96 8729.06 1.08 44.17 316.38 2388.08 8068.87 9.1722 0.02 365 2324 100.0 24.53 14.8428
114 92 34.9986 0.8419 100.0 449.44 555.66 1360.62 1119.36 5.48 8.0 195.8 2223.06 8349.83 1.03 41.7 184.39 2388.19 8075.21 9.2703 0.02 333 2223 100.0 15.0 9.0102
114 93 20.008 0.7 100.0 491.19 607.0 1480.13 1249.26 9.35 13.64 337.02 2323.97 8727.08 1.08 44.23 316.41 2388.11 8069.4 9.1409 0.02 364 2324 100.0 24.56 14.8264
114 94 42.0048 0.8407 100.0 445.0 549.36 1346.15 1122.65 3.91 5.71 138.72 2212.04 8323.54 1.03 41.97 131.64 2388.1 8089.56 9.3073 0.02 329 2212 100.0 10.64 6.4377
114 95 10.0001 0.2517 100.0 489.05 604.44 1500.05 1302.59 10.52 15.48 396.66 2318.94 8782.12 1.26 45.27 373.29 2388.08 8137.58 8.6001 0.03 367 2319 100.0 28.65 17.2545
114 96 25.003 0.6207 60.0 462.54 537.0 1253.07 1039.1 7.05 9.02 176.25 1915.45 8013.09 0.94 36.37 165.34 2028.33 7878.29 10.815 0.02 304 1915 84.93 14.48 8.5819
114 97 20.0041 0.7 100.0 491.19 607.79 1485.11 1254.35 9.35 13.64 336.17 2323.99 8726.49 1.08 44.22 316.78 2388.1 8069.03 9.151 0.02 364 2324 100.0 24.59 14.7165
114 98 35.0078 0.8407 100.0 449.44 555.13 1361.23 1124.07 5.48 7.99 195.98 2223.07 8356.72 1.03 41.71 184.57 2388.15 8075.02 9.2551 0.02 334 2223 100.0 15.05 8.9619
114 99 35.0026 0.84 100.0 449.44 555.22 1355.89 1119.69 5.48 7.99 195.83 2223.05 8357.25 1.03 41.91 184.48 2388.14 8080.09 9.2238 0.02 334 2223 100.0 14.85 9.0113
114 100 42.006 0.84 100.0 445.0 549.51 1350.24 1124.05 3.91 5.71 139.6 2212.04 8320.37 1.03 41.94 131.28 2388.13 8094.62 9.2644 0.02 329 2212 100.0 10.67 6.4385
114 101 20.0044 0.7 100.0 491.19 607.23 1481.38 1245.49 9.35 13.64 336.44 2324.0 8734.34 1.08 44.25 316.87 2388.12 8072.12 9.1442 0.02 366 2324 100.0 24.6 14.8235
114 102 0.0006 0.0 100.0 518.67 642.82 1588.66 1398.22 14.62 21.6 557.23 2388.0 9054.06 1.3 47.39 525.43 2388.1 8143.09 8.3499 0.03 394 2388 100.0 39.03 23.5567
114 103 10.0052 0.2503 100.0 489.05 604.53 1496.97 1309.94 10.52 15.48 397.0 2318.95 8788.2 1.26 45.21 373.88 2388.11 8137.46 8.5873 0.03 369 2319 100.0 28.7 17.2966
114 104 20.0058 0.7016 100.0 491.19 607.05 1482.76 1247.63 9.35 13.65 337.23 2324.05 8727.5 1.08 44.13 317.47 2388.21 8065.79 9.1204 0.02 365 2324 100.0 24.74 14.8148
114 105 42.0023 0.84 100.0 445.0 549.29 1355.58 1121.39 3.91 5.71 139.65 2212.07 8329.05 1.03 42.12 130.97 2388.12 8092.35 9.2989 0.02 331 2212 100.0 10.69 6.45
114 106 0.001 0.0 100.0 518.67 642.18 1580.26 1409.79 14.62 21.6 558.44 2388.16 9065.77 1.3 47.32 525.67 2388.05 8144.91 8.3405 0.03 392 2388 100.0 39.23 23.5323
114 107 9.9981 0.251 100.0 489.05 605.07 1503.11 1304.42 10.52 15.48 398.05 2318.93 8788.71 1.26 45.25 374.51 2388.14 8134.13 8.5786 0.03 368 2319 100.0 28.61 17.1899
114 108 35.0002 0.84 100.0 449.44 555.49 1365.91 1126.53 5.48 7.99 196.23 2223.03 8358.0 1.03 41.65 184.36 2388.21 8077.04 9.2508 0.02 332 2223 100.0 15.0 9.0057
114 109 0.0024 0.0018 100.0 518.67 642.3 1589.79 1393.88 14.62 21.6 558.4 2388.14 9072.66 1.3 47.45 525.44 2388.13 8144.26 8.3409 0.03 393 2388 100.0 39.35 23.6109
114 110 10.0059 0.25 100.0 489.05 604.63 1491.94 1302.05 10.52 15.48 396.87 2318.98 8789.49 1.26 45.23 374.6 2388.15 8142.05 8.5597 0.03 367 2319 100.0 28.77 17.2507
114 111 42.0063 0.84 100.0 445.0 549.15 1347.05 1119.84 3.91 5.71 139.56 2212.04 8329.78 1.03 42.05 131.57 2388.15 8096.33 9.2765 0.02 330 2212 100.0 10.85 6.4382
114 112 0.0029 0.0003 100.0 518.67 642.27 1584.12 1404.69 14.62 21.6 558.5 2388.13 9071.4 1.31 47.29 526.18 2388.1 8148.89 8.3322 0.03 393 2388 100.0 39.21 23.5081
114 113 41.9987 0.84 100.0 445.0 549.67 1346.9 1124.0 3.91 5.71 140.19 2212.04 8332.12 1.03 42.05 131.98 2388.1 8099.71 9.2585 0.02 331 2212 100.0 10.65 6.4413
114 114 42.0028 0.8413 100.0 445.0 549.51 1351.34 1122.78 3.91 5.71 140.31 2212.0 8327.72 1.03 41.96 131.69 2388.24 8092.1 9.2822 0.02 329 2212 100.0 10.67 6.4061
114 115 0.0015 0.0 100.0 518.67 642.46 1589.72 1396.01 14.62 21.6 558.17 2388.1 9070.06 1.31 47.26 526.39 2388.08 8148.79 8.3635 0.03 393 2388 100.0 39.21 23.559
114 116 35.001 0.8406 100.0 449.44 556.15 1370.1 1134.24 5.48 7.99 195.83 2223.16 8366.41 1.03 41.88 184.95 2388.24 8079.51 9.215 0.02 333 2223 100.0 14.91 8.9135
114 117 0.0028 0.0004 100.0 518.67 641.86 1584.9 1393.76 14.62 21.6 558.22 2388.12 9069.13 1.31 47.54 526.43 2388.14 8152.36 8.3772 0.03 393 2388 100.0 39.4 23.6253
114 118 0.0016 0.0019 100.0 518.67 642.6 1585.3 1406.42 14.62 21.6 558.41 2388.1 9066.02 1.3 47.32 526.61 2388.12 8153.78 8.3503 0.03 392 2388 100.0 39.03 23.5696
114 119 25.0045 0.6211 60.0 462.54 536.01 1256.84 1038.0 7.05 9.02 176.8 1915.47 8010.41 0.94 36.58 165.88 2028.37 7885.41 10.7999 0.02 307 1915 84.93 14.38 8.7194
114 120 0.0026 0.0 100.0 518.67 642.1 1592.23 1406.79 14.62 21.6 558.99 2388.1 9075.31 1.3 47.38 526.96 2388.17 8159.99 8.3627 0.03 393 2388 100.0 39.34 23.5896
114 121 35.0025 0.8402 100.0 449.44 554.99 1363.09 1130.12 5.48 8.0 196.89 2223.18 8369.64 1.03 41.82 185.39 2388.34 8088.68 9.1987 0.02 333 2223 100.0 14.94 9.0052
114 122 0.0017 0.0003 100.0 518.67 642.67 1590.94 1399.88 14.62 21.61 559.15 2388.14 9065.42 1.31 47.63 526.45 2388.16 8151.68 8.348 0.03 392 2388 100.0 39.16 23.5851
114 123 35.0036 0.84 100.0 449.44 555.06 1368.28 1127.78 5.48 7.99 196.64 2223.17 8361.58 1.03 41.8 184.77 2388.26 8083.84 9.193 0.02 333 2223 100.0 15.01 9.0267
114 124 41.9994 0.84 100.0 445.0 549.1 1357.22 1124.5 3.91 5.71 139.78 2212.12 8335.88 1.03 42.02 131.83 2388.22 8105.9 9.2183 0.02 331 2212 100.0 10.64 6.4078
114 125 0.0025 0.002 100.0 518.67 642.23 1588.95 1403.63 14.62 21.61 558.75 2388.12 9067.79 1.31 47.48 527.1 2388.24 8155.87 8.3458 0.03 393 2388 100.0 39.42 23.6526
114 126 35.0047 0.8419 100.0 449.44 555.29 1361.44 1126.81 5.48 7.99 196.55 2223.2 8367.12 1.03 42.12 185.56 2388.32 8093.5 9.2125 0.02 335 2223 100.0 15.05 9.0628
114 127 42.0068 0.84 100.0 445.0 549.55 1357.59 1132.48 3.91 5.71 140.34 2212.12 8347.21 1.03 42.15 131.74 2388.17 8108.2 9.2325 0.02 330 2212 100.0 10.92 6.4158
114 128 25.0023 0.6212 60.0 462.54 536.86 1258.12 1044.05 7.05 9.02 177.28 1915.58 8024.21 0.94 36.7 166.4 2028.39 7888.91 10.7503 0.02 306 1915 84.93 14.56 8.6082
114 129 19.9996 0.7003 100.0 491.19 607.46 1490.07 1251.9 9.35 13.64 338.4 2324.2 8734.7 1.08 44.42 319.0 2388.27 8076.66 9.1009 0.02 365 2324 100.0 24.81 14.8799
114 130 10.002 0.25 100.0 489.05 604.87 1503.23 1309.97 10.52 15.49 399.66 2319.12 8796.61 1.26 45.47 375.68 2388.34 8150.57 8.5323 0.03 369 2319 100.0 28.71 17.3559
114 131 25.0026 0.6219 60.0 462.54 536.82 1260.71 1045.87 7.05 9.02 177.65 1915.57 8028.11 0.94 36.6 166.69 2028.42 7891.97 10.7441 0.02 306 1915 84.93 14.54 8.5829
114 132 0.0017 0.0 100.0 518.67 642.04 1592.82 1408.15 14.62 21.6 560.26 2388.21 9080.71 1.31 47.5 527.46 2388.2 8156.33 8.3505 0.03 394 2388 100.0 39.25 23.6179
114 133 19.998 0.7 100.0 491.19 607.11 1483.81 1250.6 9.35 13.65 339.0 2324.28 8748.81 1.09 44.58 319.59 2388.36 8084.4 9.0866 0.02 365 2324 100.0 24.76 14.9219
114 134 0.0024 0.0 100.0 518.67 642.52 1595.39 1412.97 14.62 21.61 560.75 2388.19 9087.83 1.31 47.61 528.59 2388.27 8158.94 8.3203 0.03 394 2388 100.0 39.3 23.5847
114 135 25.0031 0.62 60.0 462.54 536.49 1260.68 1050.5 7.05 9.02 177.83 1915.54 8024.79 0.94 36.7 166.69 2028.41 7889.24 10.7628 0.02 306 1915 84.93 14.42 8.6133
114 136 0.0017 0.0 100.0 518.67 643.01 1588.71 1411.79 14.62 21.61 561.79 2388.24 9082.57 1.31 47.49 528.83 2388.25 8161.47 8.2779 0.03 395 2388 100.0 39.3 23.6314
114 137 25.0065 0.6212 60.0 462.54 536.57 1254.65 1053.61 7.05 9.02 177.73 1915.61 8027.27 0.94 36.69 166.89 2028.53 7886.81 10.7609 0.02 309 1915 84.93 14.51 8.5516
114 138 25.0021 0.6214 60.0 462.54 536.58 1256.72 1046.35 7.05 9.02 178.11 1915.56 8025.95 0.94 36.77 166.57 2028.55 7890.37 10.7292 0.02 308 1915 84.93 14.44 8.7668
114 139 20.002 0.7003 100.0 491.19 607.4 1485.97 1256.28 9.35 13.65 339.7 2324.32 8753.72 1.09 44.69 320.0 2388.45 8082.05 9.0772 0.02 366 2324 100.0 24.84 14.8932
114 140 35.0015 0.8408 100.0 449.44 555.5 1365.87 1135.75 5.48 7.99 198.48 2223.33 8375.23 1.04 42.04 186.35 2388.44 8095.51 9.1731 0.02 335 2223 100.0 14.98 9.0025
114 141 25.0055 0.62 60.0 462.54 536.26 1262.57 1053.28 7.05 9.02 178.48 1915.61 8031.29 0.94 36.86 167.08 2028.54 7890.88 10.7815 0.02 308 1915 84.93 14.76 8.6212
114 142 42.002 0.84 100.0 445.0 549.51 1359.39 1136.85 3.91 5.71 141.43 2212.23 8357.52 1.04 42.38 133.77 2388.3 8112.41 9.181 0.02 331 2212 100.0 10.8 6.4725
114 143 10.0041 0.25 100.0 489.05 604.38 1501.58 1311.13 10.52 15.49 401.23 2319.26 8809.28 1.27 45.59 377.51 2388.37 8155.82 8.5331 0.03 370 2319 100.0 28.89 17.4249
114 144 25.0039 0.62 60.0 462.54 536.96 1274.85 1049.57 7.05 9.02 177.66 1915.66 8029.44 0.94 36.94 167.8 2028.56 7890.76 10.7302 0.02 307 1915 84.93 14.51 8.6871
114 145 35.0044 0.8415 100.0 449.44 554.91 1368.83 1141.68 5.48 7.99 198.4 2223.35 8380.58 1.04 42.1 186.22 2388.5 8101.6 9.1053 0.02 335 2223 100.0 15.13 9.0225
114 146 42.0041 0.8406 100.0 445.0 549.24 1360.41 1132.88 3.91 5.71 141.92 2212.27 8358.33 1.04 42.45 133.39 2388.41 8117.85 9.179 0.02 332 2212 100.0 10.82 6.5034
114 147 35.0079 0.8402 100.0 449.44 555.44 1374.06 1133.52 5.48 8.0 198.46 2223.44 8383.32 1.04 42.12 186.64 2388.54 8101.95 9.1548 0.02 337 2223 100.0 15.21 9.0096
114 148 24.9999 0.62 60.0 462.54 537.67 1256.02 1052.53 7.05 9.02 179.28 1915.67 8034.91 0.94 36.73 167.37 2028.63 7892.13 10.7257 0.02 307 1915 84.93 14.67 8.6091
114 149 20.0055 0.7 100.0 491.19 607.44 1494.69 1256.58 9.35 13.65 341.37 2324.52 8765.83 1.09 44.75 322.0 2388.63 8093.91 9.0504 0.03 367 2324 100.0 25.14 14.9688
114 150 0.002 0.0009 100.0 518.67 642.97 1597.48 1421.39 14.62 21.61 564.42 2388.36 9105.96 1.31 47.82 532.01 2388.37 8173.66 8.2666 0.03 395 2388 100.0 39.58 23.6611
114 151 10.0002 0.2507 100.0 489.05 605.02 1506.29 1315.99 10.52 15.49 401.95 2319.4 8819.84 1.27 45.88 379.44 2388.57 8162.85 8.5118 0.03 372 2319 100.0 28.91 17.5292
114 152 10.0007 0.2503 100.0 489.05 605.68 1506.29 1316.77 10.52 15.49 402.33 2319.41 8825.96 1.27 45.82 379.77 2388.63 8173.71 8.4651 0.03 372 2319 100.0 28.93 17.4101
114 153 35.0069 0.84 100.0 449.44 555.63 1380.53 1140.31 5.48 8.0 199.68 2223.45 8397.18 1.05 42.14 188.03 2388.69 8110.83 9.1376 0.02 335 2223 100.0 15.02 9.0057
114 154 0.0028 0.0013 100.0 518.67 642.51 1590.03 1421.13 14.62 21.61 565.09 2388.43 9108.24 1.31 47.91 533.72 2388.44 8179.99 8.2491 0.03 395 2388 100.0 39.46 23.8466
114 155 42.005 0.8415 100.0 445.0 549.71 1360.73 1133.45 3.91 5.71 142.88 2212.35 8377.42 1.05 42.65 134.41 2388.43 8133.74 9.1377 0.02 333 2212 100.0 10.62 6.4605
114 156 20.0037 0.7001 100.0 491.19 607.74 1492.2 1265.81 9.35 13.65 342.95 2324.7 8786.86 1.1 44.83 323.53 2388.86 8111.64 9.0113 0.03 367 2324 100.0 24.82 14.8826
114 157 35.0051 0.8419 100.0 449.44 555.64 1383.25 1145.0 5.48 8.0 200.03 2223.59 8402.96 1.05 42.55 188.4 2388.76 8114.95 9.0973 0.02 336 2223 100.0 15.14 9.0193
114 158 42.0018 0.8407 100.0 445.0 550.13 1363.93 1142.1 3.91 5.71 142.85 2212.44 8378.96 1.05 42.69 134.19 2388.52 8134.69 9.0717 0.02 334 2212 100.0 10.56 6.4826
114 159 25.0072 0.6213 60.0 462.54 537.17 1272.73 1057.49 7.05 9.02 179.69 1915.79 8047.08 0.95 37.1 168.68 2028.72 7905.07 10.6402 0.02 308 1915 84.93 14.52 8.7847
114 160 10.0035 0.25 100.0 489.05 605.32 1518.4 1328.82 10.52 15.49 404.47 2319.61 8839.18 1.27 46.01 381.28 2388.81 8183.24 8.4262 0.03 373 2319 100.0 29.11 17.4227
114 161 42.0009 0.8417 100.0 445.0 549.91 1375.88 1154.2 3.91 5.71 143.61 2212.4 8384.33 1.05 42.57 134.91 2388.53 8142.21 9.0853 0.02 334 2212 100.0 10.96 6.5222
197 1 41.9996 0.8414 100.0 445.0 549.34 1357.68 1131.99 3.91 5.71 138.57 2211.84 8325.8 1.02 42.1 130.35 2387.9 8077.39 9.3753 0.02 331 2212 100.0 10.53 6.3183
197 2 42.0079 0.84 100.0 445.0 549.28 1349.44 1133.61 3.91 5.71 138.74 2211.77 8314.4 1.02 42.33 130.93 2387.86 8073.49 9.3867 0.02 332 2212 100.0 10.62 6.3888
197 3 25.0034 0.62 60.0 462.54 536.93 1257.51 1048.64 7.05 9.03 176.11 1915.28 8000.67 0.94 37.02 164.46 2028.2 7872.88 10.8657 0.02 307 1915 84.93 14.21 8.5851
197 4 25.0079 0.6213 60.0 462.54 536.61 1262.23 1049.59 7.05 9.03 175.56 1915.18 8005.27 0.94 36.9 164.88 2028.11 7869.36 10.8985 0.02 307 1915 84.93 14.26 8.6447
197 5 35.0077 0.84 100.0 449.44 555.96 1369.85 1133.86 5.48 8.0 193.42 2222.83 8348.82 1.02 42.03 183.16 2387.96 8065.25 9.3114 0.02 334 2223 100.0 14.94 8.8242
197 6 10.0059 0.25 100.0 489.05 604.64 1501.69 1305.77 10.52 15.49 394.25 2318.99 8766.48 1.26 45.61 371.39 2388.18 8121.26 8.6493 0.03 370 2319 100.0 28.47 17.0879
197 7 0.0022 0.0003 100.0 518.67 642.67 1586.49 1404.74 14.62 21.61 553.35 2388.11 9052.9 1.3 47.56 521.55 2388.09 8130.74 8.4634 0.03 393 2388 100.0 38.81 23.2295
197 8 42.0067 0.8408 100.0 445.0 549.72 1356.27 1126.52 3.91 5.71 138.36 2211.8 8319.48 1.02 41.91 130.16 2387.79 8080.01 9.3361 0.02 331 2212 100.0 10.53 6.3043
197 9 25.0025 0.6217 60.0 462.54 537.32 1261.72 1055.17 7.05 9.03 175.04 1915.25 8004.39 0.94 37.0 164.51 2028.08 7872.69 10.9141 0.02 307 1915 84.93 14.21 8.4115
197 10 42.0026 0.8413 100.0 445.0 549.7 1354.0 1123.41 3.91 5.72 138.45 2211.76 8319.31 1.02 42.08 130.83 2387.78 8072.37 9.3854 0.02 331 2212 100.0 10.6 6.2996
197 11 20.0046 0.7013 100.0 491.19 607.59 1485.41 1249.88 9.35 13.66 333.9 2324.02 8724.94 1.08 44.35 314.6 2388.13 8058.52 9.2017 0.02 364 2324 100.0 24.42 14.6842
197 12 0.0007 0.0 100.0 518.67 642.71 1586.74 1411.32 14.62 21.61 553.97 2388.09 9046.13 1.3 47.43 521.01 2388.12 8127.24 8.4147 0.03 393 2388 100.0 38.88 23.2604
197 13 0.0015 0.0018 100.0 518.67 642.75 1587.79 1410.27 14.62 21.61 553.33 2388.09 9056.31 1.3 47.68 521.31 2388.15 8135.16 8.4315 0.03 393 2388 100.0 38.79 23.3673
197 14 42.0007 0.84 100.0 445.0 549.91 1360.1 1129.33 3.91 5.71 138.52 2211.77 8319.32 1.02 42.07 130.44 2387.87 8081.74 9.4042 0.02 331 2212 100.0 10.66 6.3632
197 15 0.0011 0.0 100.0 518.67 643.04 1592.83 1404.22 14.62 21.61 553.08 2388.11 9041.08 1.3 47.44 521.11 2388.09 8130.09 8.4636 0.03 393 2388 100.0 38.89 23.3035
197 16 42.0011 0.84 100.0 445.0 549.76 1357.68 1124.84 3.91 5.72 139.04 2211.77 8319.67 1.02 42.28 130.04 2387.84 8073.98 9.3382 0.02 329 2212 100.0 10.7 6.3471
197 17 19.9982 0.7 100.0 491.19 607.73 1484.15 1245.98 9.35 13.66 334.96 2323.96 8718.41 1.08 44.51 315.08 2388.05 8059.47 9.2415 0.02 366 2324 100.0 24.63 14.6509
197 18 35.0046 0.8401 100.0 449.44 555.57 1367.02 1131.6 5.48 8.0 194.18 2222.86 8341.33 1.02 41.99 182.8 2387.93 8058.56 9.3102 0.02 333 2223 100.0 14.99 8.8757
197 19 20.0062 0.7005 100.0 491.19 607.1 1489.93 1251.89 9.35 13.66 334.26 2323.94 8725.0 1.08 44.51 315.1 2388.11 8057.84 9.2522 0.02 366 2324 100.0 24.48 14.7142
197 20 35.0006 0.8417 100.0 449.44 555.85 1362.24 1128.47 5.48 8.0 194.17 2222.83 8351.34 1.02 42.05 182.96 2387.99 8063.99 9.3659 0.02 334 2223 100.0 14.72 9.0307
197 21 42.0062 0.8411 100.0 445.0 548.75 1354.65 1124.0 3.91 5.71 138.53 2211.76 8320.47 1.02 42.24 130.91 2387.9 8075.07 9.4093 0.02 330 2212 100.0 10.62 6.3428
197 22 0.0004 0.0007 100.0 518.67 642.68 1588.64 1403.04 14.62 21.61 552.84 2388.12 9050.73 1.3 47.55 521.14 2388.11 8127.24 8.4405 0.03 392 2388 100.0 38.74 23.3604
197 23 35.0026 0.8418 100.0 449.44 556.14 1363.97 1130.34 5.48 8.0 194.43 2222.84 8349.64 1.02 42.09 183.1 2388.01 8064.71 9.3382 0.02 334 2223 100.0 14.87 8.8924
197 24 0.0005 0.0012 100.0 518.67 642.51 1591.09 1420.03 14.62 21.61 553.36 2388.09 9046.57 1.3 47.58 521.84 2388.09 8133.99 8.4597 0.03 391 2388 100.0 38.9 23.4712
197 25 20.0028 0.7 100.0 491.19 607.9 1486.76 1259.55 9.35 13.66 333.97 2323.97 8715.72 1.08 44.55 314.43 2388.08 8050.41 9.2768 0.02 367 2324 100.0 24.54 14.7583
197 26 0.0007 0.0012 100.0 518.67 642.67 1595.79 1404.35 14.62 21.61 553.83 2388.09 9052.07 1.3 47.52 521.06 2388.09 8131.86 8.4586 0.03 394 2388 100.0 38.7 23.1795
197 27 20.0042 0.7007 100.0 491.19 607.08 1482.55 1245.95 9.35 13.66 334.18 2323.9 8718.74 1.08 44.53 314.82 2388.11 8062.38 9.2138 0.02 365 2324 100.0 24.39 14.6918
197 28 19.9997 0.7002 100.0 491.19 607.62 1484.44 1254.84 9.35 13.66 334.73 2324.03 8715.18 1.08 44.52 314.95 2388.13 8060.25 9.2266 0.02 364 2324 100.0 24.47 14.6921
197 29 42.0064 0.84 100.0 445.0 549.35 1358.15 1125.39 3.91 5.72 138.36 2211.77 8313.76 1.02 42.29 130.07 2387.82 8082.23 9.3838 0.02 332 2212 100.0 10.66 6.3544
197 30 0.0014 0.0 100.0 518.67 642.89 1592.86 1414.57 14.62 21.61 553.23 2388.16 9040.45 1.3 47.45 520.71 2388.13 8132.24 8.4164 0.03 394 2388 100.0 38.84 23.2794
197 31 42.0028 0.84 100.0 445.0 549.5 1355.66 1120.51 3.91 5.72 138.07 2211.76 8314.28 1.02 42.29 130.51 2387.87 8078.65 9.4117 0.02 331 2212 100.0 10.74 6.3577
197 32 42.0066 0.84 100.0 445.0 549.48 1361.22 1133.57 3.91 5.71 138.96 2211.71 8318.99 1.02 41.94 130.45 2387.88 8075.19 9.4189 0.02 331 2212 100.0 10.75 6.31
197 33 42.0056 0.842 100.0 445.0 550.09 1350.9 1121.1 3.91 5.71 138.5 2211.77 8314.69 1.02 42.17 130.84 2387.78 8080.68 9.378 0.02 330 2212 100.0 10.49 6.3022
197 34 20.0069 0.7 100.0 491.19 608.11 1483.62 1257.25 9.35 13.66 334.34 2323.99 8719.88 1.08 44.47 314.29 2388.08 8052.52 9.2426 0.02 365 2324 100.0 24.66 14.5858
197 35 9.9993 0.25 100.0 489.05 605.44 1506.7 1312.79 10.52 15.49 394.43 2319.04 8772.36 1.26 45.54 371.74 2388.15 8126.1 8.6405 0.03 369 2319 100.0 28.49 17.1003
197 36 24.9998 0.62 60.0 462.54 536.78 1262.9 1051.63 7.05 9.03 175.13 1915.29 8010.75 0.94 36.67 164.27 2028.16 7869.73 10.9114 0.02 310 1915 84.93 14.09 8.4595
197 37 42.0039 0.8411 100.0 445.0 549.76 1351.71 1130.23 3.91 5.72 138.49 2211.8 8310.66 1.02 42.25 130.7 2387.87 8080.18 9.3734 0.02 332 2212 100.0 10.43 6.304
197 38 25.0047 0.6207 60.0 462.54 536.83 1271.08 1054.02 7.05 9.03 175.32 1915.32 8011.26 0.94 36.83 164.69 2028.15 7869.57 10.8864 0.02 308 1915 84.93 14.41 8.5721
197 39 10.0056 0.25 100.0 489.05 605.46 1499.1 1312.7 10.52 15.49 394.3 2318.97 8770.67 1.26 45.44 371.94 2388.17 8119.5 8.6903 0.03 371 2319 100.0 28.57 17.0815
197 40 35.0062 0.8411 100.0 449.44 555.94 1360.94 1132.14 5.48 8.0 194.1 2222.89 8350.8 1.02 41.94 182.92 2387.9 8061.93 9.3577 0.02 335 2223 100.0 14.65 8.7323
197 41 0.0 0.0008 100.0 518.67 642.3 1590.45 1408.99 14.62 21.61 553.15 2388.11 9047.11 1.3 47.58 521.02 2388.1 8129.64 8.4309 0.03 393 2388 100.0 38.64 23.2197
197 42 24.9981 0.62 60.0 462.54 537.39 1263.56 1057.49 7.05 9.02 175.12 1915.25 8016.11 0.94 36.69 164.63 2028.11 7866.74 10.9303 0.02 307 1915 84.93 14.23 8.5115
197 43 34.9984 0.84 100.0 449.44 555.84 1361.42 1135.08 5.48 8.0 194.52 2222.87 8349.72 1.02 42.19 183.51 2387.94 8059.65 9.2816 0.02 334 2223 100.0 14.71 8.8477
197 44 25.0037 0.6207 60.0 462.54 536.91 1261.45 1051.07 7.05 9.03 175.47 1915.23 7995.88 0.94 36.87 164.38 2028.09 7868.51 10.9369 0.02 307 1915 84.93 14.15 8.5558
197 45 0.0024 0.0 100.0 518.67 642.76 1584.46 1411.03 14.62 21.61 552.99 2388.14 9047.98 1.3 47.53 521.29 2388.15 8125.1 8.4982 0.03 393 2388 100.0 38.73 23.2281
197 46 0.001 0.0 100.0 518.67 642.51 1591.15 1413.11 14.62 21.61 553.36 2388.13 9055.77 1.3 47.49 521.73 2388.09 8131.39 8.4368 0.03 391 2388 100.0 38.63 23.3198
197 47 24.9997 0.62 60.0 462.54 536.81 1263.53 1046.76 7.05 9.03 175.92 1915.18 8005.48 0.94 36.78 164.82 2028.08 7867.62 10.9049 0.02 309 1915 84.93 14.22 8.4703
197 48 42.004 0.84 100.0 445.0 549.74 1347.92 1120.77 3.91 5.71 138.6 2211.74 8319.28 1.02 42.07 130.75 2387.83 8081.68 9.3879 0.02 332 2212 100.0 10.46 6.2526
197 49 34.9984 0.84 100.0 449.44 556.08 1365.35 1128.58 5.48 8.0 194.83 2222.85 8340.95 1.02 41.84 182.96 2387.92 8062.74 9.3365 0.02 334 2223 100.0 14.98 8.9319
197 50 0.0009 0.0005 100.0 518.67 643.54 1582.05 1414.77 14.62 21.61 553.27 2388.17 9050.39 1.3 47.55 520.96 2388.12 8126.57 8.4464 0.03 395 2388 100.0 38.82 23.269
197 51 10.0003 0.25 100.0 489.05 604.48 1501.86 1315.48 10.52 15.49 394.45 2318.99 8770.72 1.26 45.46 372.21 2388.17 8127.36 8.6829 0.03 371 2319 100.0 28.46 17.1475
197 52 20.0037 0.7001 100.0 491.19 607.83 1485.18 1257.96 9.35 13.66 334.53 2324.02 8723.01 1.08 44.45 314.61 2388.13 8056.6 9.29 0.02 367 2324 100.0 24.32 14.6183
197 53 10.0011 0.2503 100.0 489.05 605.03 1501.41 1311.66 10.52 15.49 394.33 2318.97 8776.04 1.26 45.65 371.2 2388.15 8122.21 8.6625 0.03 369 2319 100.0 28.36 17.2089
197 54 10.0006 0.25 100.0 489.05 605.19 1498.62 1316.29 10.52 15.49 394.22 2318.96 8774.31 1.26 45.64 370.95 2388.15 8130.81 8.6515 0.03 369 2319 100.0 28.53 17.0883
197 55 42.0048 0.8418 100.0 445.0 549.94 1355.68 1132.66 3.91 5.72 139.08 2211.74 8314.5 1.02 42.25 130.17 2387.8 8079.71 9.379 0.02 331 2212 100.0 10.65 6.3161
197 56 35.0026 0.8417 100.0 449.44 556.79 1373.83 1129.57 5.48 8.0 193.76 2222.85 8339.26 1.02 41.93 182.5 2387.96 8061.06 9.3309 0.02 335 2223 100.0 14.8 8.9535
197 57 10.0037 0.2507 100.0 489.05 605.24 1504.32 1317.24 10.52 15.49 394.58 2319.0 8770.49 1.26 45.44 371.7 2388.14 8124.48 8.7067 0.03 369 2319 100.0 28.67 17.0729
197 58 42.0023 0.8405 100.0 445.0 550.25 1358.58 1128.3 3.91 5.71 138.91 2211.79 8313.49 1.02 42.16 130.11 2387.82 8079.96 9.3819 0.02 330 2212 100.0 10.67 6.3435
197 59 25.0076 0.62 60.0 462.54 536.2 1262.9 1056.57 7.05 9.02 175.75 1915.24 8009.54 0.94 36.93 164.49 2028.11 7863.51 10.9222 0.02 310 1915 84.93 14.23 8.5297
197 60 35.0027 0.8406 100.0 449.44 555.9 1370.52 1135.12 5.48 8.0 194.44 2222.84 8343.88 1.02 42.1 182.73 2387.9 8061.7 9.3064 0.02 335 2223 100.0 14.81 8.8187
197 61 42.0003 0.8406 100.0 445.0 549.62 1365.32 1122.6 3.91 5.71 138.11 2211.77 8314.28 1.02 42.12 130.39 2387.77 8077.86 9.3755 0.02 330 2212 100.0 10.51 6.3601
197 62 10.0043 0.2509 100.0 489.05 604.25 1503.74 1312.82 10.52 15.5 394.42 2318.99 8772.19 1.26 45.43 371.45 2388.15 8122.75 8.6511 0.03 369 2319 100.0 28.48 17.1421
197 63 34.999 0.8419 100.0 449.44 555.46 1361.03 1129.98 5.48 8.0 194.54 2222.84 8347.98 1.02 42.02 182.85 2387.92 8055.94 9.3358 0.02 336 2223 100.0 14.79 8.9646
197 64 42.0022 0.8414 100.0 445.0 550.08 1353.45 1124.94 3.91 5.72 137.82 2211.8 8315.34 1.02 42.16 131.08 2387.86 8079.82 9.3705 0.02 332 2212 100.0 10.49 6.4161
197 65 42.006 0.84 100.0 445.0 550.07 1354.78 1128.67 3.91 5.72 138.47 2211.72 8312.04 1.02 42.33 130.54 2387.8 8080.12 9.3871 0.02 330 2212 100.0 10.58 6.3405
197 66 24.9996 0.62 60.0 462.54 536.51 1257.1 1048.01 7.05 9.03 175.76 1915.23 8011.99 0.94 36.85 164.9 2028.12 7869.29 10.9321 0.02 308 1915 84.93 14.26 8.6384
197 67 20.0066 0.7 100.0 491.19 607.36 1487.89 1254.03 9.35 13.66 333.36 2323.95 8713.87 1.08 44.41 314.51 2388.06 8048.18 9.2363 0.02 366 2324 100.0 24.47 14.5433
197 68 0.0018 0.0 100.0 518.67 642.19 1596.56 1415.15 14.62 21.61 552.08 2388.16 9047.73 1.3 47.7 520.85 2388.15 8128.83 8.4624 0.03 395 2388 100.0 38.89 23.2384
197 69 25.003 0.621 60.0 462.54 536.78 1263.86 1057.75 7.05 9.03 175.84 1915.22 8005.96 0.94 37.0 164.72 2028.1 7871.44 10.9318 0.02 308 1915 84.93 14.38 8.6103
197 70 34.9982 0.84 100.0 449.44 555.32 1373.05 1132.7 5.48 8.0 193.71 2222.87 8343.69 1.02 42.03 183.08 2387.91 8059.57 9.3365 0.02 335 2223 100.0 15.01 8.9473
197 71 25.0044 0.62 60.0 462.54 536.89 1259.86 1053.6 7.05 9.02 175.76 1915.24 8008.66 0.94 36.88 164.23 2028.13 7874.87 10.9357 0.02 307 1915 84.93 14.2 8.4964
197 72 35.0041 0.8406 100.0 449.44 555.68 1369.86 1126.3 5.48 8.0 194.85 2222.81 8344.28 1.02 42.09 182.89 2387.9 8057.89 9.3383 0.02 334 2223 100.0 14.82 8.8248
197 73 20.0038 0.7012 100.0 491.19 607.61 1485.96 1251.53 9.35 13.66 333.91 2323.98 8718.9 1.08 44.54 314.64 2388.1 8058.05 9.2407 0.03 366 2324 100.0 24.42 14.7574
197 74 35.0011 0.84 100.0 449.44 555.92 1364.75 1134.84 5.48 8.0 194.18 2222.82 8351.35 1.02 41.88 182.77 2387.94 8060.96 9.3586 0.02 335 2223 100.0 14.97 8.8274
197 75 25.0057 0.6204 60.0 462.54 536.82 1267.71 1047.5 7.05 9.03 175.74 1915.22 8009.85 0.94 36.83 164.75 2028.13 7870.91 10.9042 0.02 308 1915 84.93 14.27 8.5375
197 76 41.9996 0.8413 100.0 445.0 549.82 1362.19 1132.59 3.91 5.72 138.57 2211.73 8308.06 1.02 42.27 130.65 2387.82 8077.75 9.3986 0.02 331 2212 100.0 10.61 6.4046
197 77 0.0015 0.0 100.0 518.67 642.35 1585.67 1407.4 14.62 21.61 553.2 2388.11 9051.32 1.3 47.51 520.5 2388.14 8134.2 8.4657 0.03 393 2388 100.0 38.62 23.3447
197 78 20.005 0.7016 100.0 491.19 607.79 1486.82 1248.87 9.35 13.66 333.57 2324.04 8721.93 1.08 44.71 314.84 2388.06 8056.39 9.2665 0.02 365 2324 100.0 24.31 14.6582
197 79 10.0071 0.25 100.0 489.05 605.05 1496.37 1310.45 10.52 15.49 394.18 2318.99 8769.82 1.26 45.47 371.17 2388.2 8121.48 8.6486 0.03 370 2319 100.0 28.54 17.1631
197 80 42.0045 0.841 100.0 445.0 549.79 1355.19 1132.92 3.91 5.71 138.85 2211.68 8318.71 1.02 42.13 130.35 2387.77 8082.94 9.3917 0.02 330 2212 100.0 10.51 6.3083
197 81 0.0002 0.0013 100.0 518.67 642.86 1590.69 1417.76 14.62 21.61 553.21 2388.12 9045.77 1.3 47.69 520.74 2388.13 8131.22 8.4298 0.03 393 2388 100.0 38.85 23.2657
197 82 0.0007 0.0017 100.0 518.67 643.22 1594.94 1417.49 14.62 21.61 553.3 2388.11 9054.0 1.3 47.6 521.36 2388.15 8126.94 8.4601 0.03 393 2388 100.0 38.9 23.2761
197 83 42.0 0.84 100.0 445.0 549.86 1359.14 1134.43 3.91 5.71 138.38 2211.74 8311.78 1.02 42.39 130.61 2387.73 8079.48 9.392 0.02 332 2212 100.0 10.7 6.2295
197 84 42.0075 0.8416 100.0 445.0 549.32 1361.24 1132.59 3.91 5.71 138.64 2211.76 8319.96 1.02 42.14 130.56 2387.78 8074.45 9.4137 0.02 333 2212 100.0 10.57 6.3999
197 85 25.0065 0.62 60.0 462.54 536.82 1260.28 1062.26 7.05 9.03 175.24 1915.2 8009.51 0.94 36.97 164.57 2028.12 7866.33 10.9298 0.02 307 1915 84.93 14.15 8.6013
197 86 24.9998 0.6214 60.0 462.54 537.29 1267.38 1052.1 7.05 9.03 175.07 1915.17 8014.65 0.94 36.96 164.39 2028.11 7863.56 10.9519 0.02 309 1915 84.93 14.19 8.5092
197 87 41.9998 0.84 100.0 445.0 549.63 1359.89 1128.05 3.91 5.72 138.52 2211.66 8311.26 1.02 42.39 130.24 2387.76 8072.84 9.4076 0.02 331 2212 100.0 10.46 6.2502
197 88 20.0028 0.7 100.0 491.19 607.86 1493.82 1260.55 9.35 13.66 334.01 2324.01 8709.98 1.08 44.61 314.24 2388.15 8062.19 9.2357 0.03 367 2324 100.0 24.44 14.7221
197 89 35.0018 0.8414 100.0 449.44 555.47 1370.65 1130.91 5.48 8.0 194.27 2222.83 8347.47 1.02 42.14 183.43 2387.87 8055.71 9.3599 0.02 334 2223 100.0 14.75 8.9416
197 90 25.0002 0.621 60.0 462.54 536.86 1261.26 1054.01 7.05 9.03 175.86 1915.2 8006.42 0.94 36.74 165.1 2028.12 7869.12 10.9238 0.02 307 1915 84.93 14.28 8.5224
197 91 34.9985 0.84 100.0 449.44 555.51 1364.22 1130.47 5.48 8.0 194.84 2222.84 8345.67 1.02 41.91 182.91 2387.83 8056.55 9.3622 0.02 333 2223 100.0 14.89 8.8855
197 92 10.0018 0.25 100.0 489.05 604.94 1503.49 1313.08 10.52 15.49 393.5 2319.02 8776.13 1.26 45.7 371.18 2388.21 8119.72 8.6665 0.03 371 2319 100.0 28.54 17.1177
197 93 42.001 0.8403 100.0 445.0 549.92 1353.2 1123.98 3.91 5.72 138.28 2211.7 8316.87 1.02 42.26 130.45 2387.76 8079.07 9.3834 0.02 331 2212 100.0 10.67 6.3381
197 94 0.0015 0.0013 100.0 518.67 642.68 1590.12 1404.67 14.62 21.61 552.82 2388.21 9051.1 1.3 47.64 520.46 2388.17 8128.2 8.4653 0.03 395 2388 100.0 38.89 23.2386
197 95 25.0067 0.6205 60.0 462.54 537.25 1261.21 1052.39 7.05 9.03 175.32 1915.23 8003.25 0.94 37.07 164.93 2028.07 7861.59 10.9229 0.02 307 1915 84.93 14.04 8.5312
197 96 42.0 0.8419 100.0 445.0 549.88 1357.36 1123.4 3.91 5.72 138.07 2211.76 8316.21 1.02 42.26 130.52 2387.74 8073.38 9.3529 0.02 330 2212 100.0 10.67 6.3581
197 97 20.0076 0.701 100.0 491.19 607.85 1488.0 1255.93 9.35 13.66 334.55 2323.99 8714.96 1.08 44.49 314.37 2388.11 8052.67 9.2625 0.02 365 2324 100.0 24.35 14.734
197 98 24.9983 0.62 60.0 462.54 536.11 1265.21 1052.42 7.05 9.03 175.04 1915.21 8011.89 0.94 36.82 164.23 2028.15 7870.24 10.906 0.02 309 1915 84.93 14.25 8.4796
197 99 42.006 0.8413 100.0 445.0 549.88 1361.65 1129.02 3.91 5.72 138.26 2211.7 8309.07 1.02 42.33 130.2 2387.75 8073.82 9.436 0.02 332 2212 100.0 10.76 6.4252
197 100 19.9988 0.7013 100.0 491.19 607.56 1482.33 1255.46 9.35 13.66 334.4 2324.0 8716.38 1.08 44.56 314.59 2388.13 8060.74 9.2474 0.02 365 2324 100.0 24.42 14.5812
197 101 20.0072 0.7006 100.0 491.19 607.88 1490.05 1256.1 9.35 13.66 334.52 2324.0 8717.87 1.08 44.58 314.94 2388.18 8052.48 9.2353 0.02 365 2324 100.0 24.52 14.6975
197 102 35.0078 0.84 100.0 449.44 556.12 1373.69 1129.71 5.48 8.0 194.96 2222.79 8337.95 1.02 42.21 182.59 2387.88 8060.73 9.3592 0.02 337 2223 100.0 14.72 8.9272
197 103 25.0026 0.62 60.0 462.54 536.28 1265.67 1055.33 7.05 9.03 175.63 1915.23 8004.25 0.94 36.92 164.07 2028.11 7871.82 10.9195 0.02 309 1915 84.93 14.48 8.4644
197 104 35.0009 0.84 100.0 449.44 555.93 1365.25 1124.49 5.48 8.0 193.95 2222.87 8348.05 1.02 42.09 182.4 2387.87 8055.95 9.3584 0.02 333 2223 100.0 14.76 8.8821
197 105 42.0006 0.8413 100.0 445.0 549.88 1360.76 1131.37 3.91 5.71 137.48 2211.76 8319.2 1.02 42.4 130.6 2387.8 8078.61 9.3936 0.02 332 2212 100.0 10.53 6.4015
197 106 25.0053 0.62 60.0 462.54 537.11 1256.9 1050.65 7.05 9.02 175.56 1915.22 8014.8 0.94 36.88 164.59 2028.13 7875.36 10.9172 0.02 308 1915 84.93 14.19 8.4325
197 107 0.0005 0.0015 100.0 518.67 643.33 1597.45 1420.59 14.62 21.61 553.28 2388.19 9050.7 1.3 47.82 520.82 2388.19 8131.84 8.4646 0.03 394 2388 100.0 38.85 23.1574
197 108 10.0031 0.25 100.0 489.05 604.83 1508.59 1316.53 10.52 15.5 394.41 2318.97 8779.94 1.26 45.62 371.75 2388.21 8122.11 8.7088 0.03 369 2319 100.0 28.54 17.0128
197 109 25.0013 0.6201 60.0 462.54 536.81 1267.88 1050.47 7.05 9.03 175.45 1915.17 8002.79 0.94 36.87 164.81 2028.06 7869.06 10.9834 0.02 307 1915 84.93 14.39 8.5567
197 110 19.9993 0.7011 100.0 491.19 607.94 1490.85 1255.39 9.35 13.66 334.6 2323.97 8717.47 1.07 44.5 314.64 2388.09 8049.47 9.2261 0.02 367 2324 100.0 24.21 14.6484
197 111 25.0044 0.6203 60.0 462.54 536.94 1266.09 1055.39 7.05 9.03 175.33 1915.19 8009.69 0.94 36.87 163.72 2028.08 7867.25 10.9517 0.02 308 1915 84.93 14.2 8.5781
197 112 42.0007 0.84 100.0 445.0 549.93 1355.95 1131.8 3.91 5.71 137.79 2211.67 8316.22 1.02 42.21 129.92 2387.75 8075.58 9.3979 0.02 335 2212 100.0 10.48 6.243
197 113 0.0004 0.0015 100.0 518.67 643.34 1588.28 1412.82 14.62 21.61 552.73 2388.18 9053.38 1.3 47.83 520.98 2388.13 8122.86 8.4414 0.03 395 2388 100.0 38.77 23.3732
197 114 35.0035 0.84 100.0 449.44 555.95 1362.41 1136.57 5.48 8.0 195.06 2222.8 8346.97 1.02 42.22 182.95 2387.9 8056.35 9.3563 0.02 336 2223 100.0 14.83 8.8364
197 115 25.0074 0.62 60.0 462.54 536.71 1264.25 1054.07 7.05 9.03 176.2 1915.17 8000.63 0.94 36.77 164.58 2028.02 7871.67 10.9284 0.02 309 1915 84.93 14.2 8.4325
197 116 34.9999 0.84 100.0 449.44 556.08 1367.79 1140.76 5.48 8.0 194.17 2222.74 8335.5 1.02 42.24 183.09 2387.8 8062.84 9.352 0.02 336 2223 100.0 14.73 8.8572
197 117 20.0009 0.7005 100.0 491.19 607.6 1482.98 1264.5 9.35 13.66 334.32 2324.03 8716.28 1.07 44.41 314.54 2388.14 8043.2 9.2573 0.03 364 2324 100.0 24.46 14.7368
197 118 20.0015 0.7 100.0 491.19 607.95 1494.22 1258.84 9.35 13.66 334.49 2323.92 8723.98 1.07 44.78 314.65 2388.13 8056.1 9.2533 0.03 366 2324 100.0 24.28 14.7027
197 119 25.0061 0.62 60.0 462.54 536.86 1268.83 1054.33 7.05 9.02 175.33 1915.25 8006.94 0.94 36.79 164.73 2028.12 7871.48 10.925 0.02 307 1915 84.93 14.22 8.6131
197 120 10.0031 0.2507 100.0 489.05 604.78 1506.86 1310.31 10.52 15.5 393.29 2319.08 8780.36 1.26 45.75 371.13 2388.23 8127.29 8.6991 0.03 371 2319 100.0 28.45 17.042
197 121 9.9981 0.2519 100.0 489.05 605.11 1511.14 1317.25 10.52 15.49 393.81 2319.05 8772.99 1.26 45.69 371.18 2388.25 8118.88 8.6942 0.03 371 2319 100.0 28.44 17.0846
197 122 10.0029 0.2502 100.0 489.05 605.59 1513.48 1313.27 10.52 15.5 393.65 2319.04 8774.05 1.26 45.67 371.27 2388.23 8114.9 8.681 0.03 370 2319 100.0 28.58 17.0309
197 123 42.0073 0.84 100.0 445.0 550.22 1353.58 1132.34 3.91 5.71 138.87 2211.65 8312.88 1.02 42.18 130.41 2387.67 8072.35 9.391 0.02 332 2212 100.0 10.61 6.3831
197 124 20.0054 0.7 100.0 491.19 608.2 1488.3 1260.88 9.35 13.66 333.7 2323.94 8712.32 1.08 44.75 313.95 2388.16 8053.9 9.221 0.02 367 2324 100.0 24.3 14.6344
197 125 42.0062 0.84 100.0 445.0 549.78 1359.49 1134.06 3.91 5.72 138.86 2211.69 8311.84 1.02 42.3 130.65 2387.7 8073.92 9.4027 0.02 331 2212 100.0 10.52 6.3256
197 126 0.0018 0.001 100.0 518.67 643.17 1593.54 1414.84 14.62 21.61 551.99 2388.2 9041.73 1.3 47.61 520.68 2388.2 8126.35 8.4849 0.03 395 2388 100.0 38.65 23.1875
197 127 35.0009 0.8414 100.0 449.44 555.98 1365.29 1143.22 5.48 8.0 194.18 2222.73 8334.9 1.02 42.14 182.55 2387.79 8056.91 9.3364 0.02 335 2223 100.0 14.93 8.7724
197 128 20.0007 0.7007 100.0 491.19 608.24 1483.11 1258.73 9.35 13.66 334.19 2324.01 8714.53 1.08 44.68 314.34 2388.15 8051.47 9.273 0.03 367 2324 100.0 24.54 14.6336
197 129 41.9993 0.8402 100.0 445.0 550.62 1351.22 1138.76 3.91 5.71 138.82 2211.64 8312.85 1.02 42.24 130.65 2387.7 8069.03 9.4119 0.02 332 2212 100.0 10.5 6.3132
197 130 0.002 0.0 100.0 518.67 643.05 1597.42 1416.19 14.62 21.61 552.63 2388.15 9051.16 1.3 47.73 521.09 2388.16 8123.04 8.4866 0.03 393 2388 100.0 38.7 23.1567
197 131 41.9999 0.84 100.0 445.0 550.1 1362.2 1133.93 3.91 5.71 137.96 2211.66 8318.93 1.02 42.3 130.21 2387.73 8080.27 9.4321 0.02 330 2212 100.0 10.56 6.3352
197 132 20.0016 0.7016 100.0 491.19 608.02 1488.48 1260.35 9.35 13.66 333.25 2324.01 8718.58 1.07 44.66 314.7 2388.13 8054.73 9.253 0.03 368 2324 100.0 24.23 14.7403
197 133 35.0021 0.8401 100.0 449.44 556.37 1371.35 1138.08 5.48 8.0 194.71 2222.72 8342.0 1.02 42.24 182.73 2387.82 8059.85 9.3832 0.02 335 2223 100.0 14.73 8.8971
197 134 24.9982 0.6208 60.0 462.54 536.61 1264.2 1055.26 7.05 9.03 175.04 1915.16 7998.82 0.94 37.09 163.83 2028.02 7867.08 10.9657 0.02 309 1915 84.93 14.09 8.5216
197 135 10.0024 0.25 100.0 489.05 604.94 1510.05 1325.67 10.52 15.5 393.47 2319.09 8771.21 1.26 45.71 370.68 2388.29 8117.07 8.6694 0.03 371 2319 100.0 28.35 16.9362
197 136 0.0001 0.0 100.0 518.67 643.05 1595.25 1428.86 14.62 21.61 552.61 2388.26 9050.76 1.3 47.81 520.21 2388.18 8129.04 8.5389 0.03 393 2388 100.0 38.71 23.2573
197 137 41.9988 0.8416 100.0 445.0 550.11 1357.71 1134.99 3.91 5.71 137.59 2211.53 8312.67 1.02 42.44 130.62 2387.64 8059.8 9.4435 0.02 334 2212 100.0 10.7 6.3176
197 138 20.0059 0.7 100.0 491.19 607.99 1493.15 1257.2 9.35 13.66 333.84 2324.03 8706.24 1.07 44.65 314.32 2388.1 8051.75 9.2988 0.03 367 2324 100.0 24.18 14.4464
197 139 20.0024 0.7001 100.0 491.19 607.82 1489.52 1259.09 9.35 13.66 334.0 2323.99 8715.54 1.08 44.71 313.94 2388.14 8042.91 9.2443 0.03 366 2324 100.0 24.21 14.6282
197 140 42.0061 0.8405 100.0 445.0 550.52 1353.63 1135.72 3.91 5.72 137.83 2211.58 8315.54 1.02 42.52 129.89 2387.61 8072.47 9.4271 0.02 331 2212 100.0 10.64 6.2843
197 141 42.0077 0.8402 100.0 445.0 549.83 1361.29 1142.95 3.91 5.72 138.2 2211.56 8317.17 1.02 42.42 130.74 2387.57 8077.68 9.3924 0.02 333 2212 100.0 10.59 6.2612
197 142 42.0024 0.84 100.0 445.0 550.27 1358.62 1139.68 3.91 5.72 137.91 2211.57 8311.71 1.02 42.57 130.25 2387.59 8072.9 9.4284 0.02 331 2212 100.0 10.62 6.3794
197 143 25.0014 0.62 60.0 462.54 536.8 1265.28 1067.44 7.05 9.03 174.99 1915.07 8002.4 0.94 37.2 163.99 2028.04 7865.81 10.9754 0.02 309 1915 84.93 14.18 8.333
197 144 35.0074 0.8403 100.0 449.44 556.16 1367.97 1139.38 5.48 8.0 193.62 2222.68 8338.72 1.02 42.34 182.73 2387.77 8058.17 9.3519 0.02 336 2223 100.0 14.67 8.8673
197 145 42.0038 0.8409 100.0 445.0 549.88 1353.34 1133.98 3.91 5.72 138.4 2211.58 8309.49 1.02 42.57 130.2 2387.68 8067.08 9.4178 0.02 332 2212 100.0 10.55 6.2902
197 146 0.0011 0.0011 100.0 518.67 643.35 1595.62 1421.96 14.62 21.61 552.04 2388.23 9048.06 1.3 47.97 520.22 2388.2 8121.65 8.4926 0.03 395 2388 100.0 38.66 23.2122
197 147 20.0038 0.7 100.0 491.19 607.83 1492.31 1257.85 9.35 13.66 333.96 2323.99 8717.26 1.07 44.97 313.91 2388.19 8045.42 9.2628 0.03 368 2324 100.0 24.24 14.4489
197 148 34.9997 0.8403 100.0 449.44 556.21 1371.32 1144.82 5.48 8.0 194.28 2222.74 8337.32 1.02 42.37 183.02 2387.8 8052.47 9.4346 0.02 336 2223 100.0 14.71 8.7946
197 149 10.0063 0.2502 100.0 489.05 605.43 1504.95 1326.45 10.52 15.5 393.76 2319.12 8755.84 1.26 45.87 370.26 2388.27 8114.3 8.7179 0.03 372 2319 100.0 28.33 17.0186
197 150 35.0033 0.8407 100.0 449.44 556.27 1372.29 1139.19 5.48 8.0 194.36 2222.68 8345.54 1.02 42.31 182.88 2387.86 8054.88 9.3432 0.02 335 2223 100.0 14.77 8.7555
197 151 24.9997 0.6215 60.0 462.54 536.87 1266.76 1055.58 7.05 9.03 175.38 1915.12 7997.9 0.94 37.03 164.51 2027.97 7864.77 11.0028 0.02 309 1915 84.93 14.08 8.4154
197 152 35.0056 0.8418 100.0 449.44 556.26 1370.82 1151.09 5.48 8.0 193.28 2222.68 8344.12 1.02 42.36 182.52 2387.73 8048.46 9.3629 0.02 336 2223 100.0 14.92 8.9062
197 153 34.9991 0.84 100.0 449.44 555.93 1371.38 1141.61 5.48 8.0 194.63 2222.68 8342.07 1.02 42.47 182.32 2387.78 8054.43 9.401 0.02 336 2223 100.0 14.51 8.8928
197 154 24.9991 0.6205 60.0 462.54 537.4 1271.03 1049.96 7.05 9.03 174.81 1915.07 8005.19 0.94 37.16 164.68 2027.97 7864.35 10.9768 0.02 308 1915 84.93 14.21 8.4765
197 155 35.0034 0.8407 100.0 449.44 556.66 1376.58 1141.7 5.48 8.0 194.23 2222.68 8344.81 1.02 42.37 182.49 2387.78 8053.59 9.4036 0.02 336 2223 100.0 14.67 8.7507
197 156 25.0002 0.6209 60.0 462.54 537.03 1263.74 1053.39 7.05 9.03 175.0 1915.09 7999.96 0.94 37.05 164.39 2027.97 7860.72 10.9675 0.02 310 1915 84.93 14.18 8.6257
197 157 25.0042 0.62 60.0 462.54 536.9 1268.85 1066.78 7.05 9.03 175.25 1915.07 8003.22 0.94 37.2 164.35 2027.91 7862.19 10.9731 0.02 309 1915 84.93 14.09 8.5199
197 158 42.0025 0.8401 100.0 445.0 549.86 1357.06 1142.69 3.91 5.72 138.84 2211.45 8306.8 1.02 42.62 130.25 2387.5 8067.26 9.4413 0.02 334 2212 100.0 10.4 6.2837
197 159 24.9995 0.62 60.0 462.54 537.3 1268.5 1060.3 7.05 9.03 174.87 1915.05 8007.05 0.94 37.05 164.1 2027.93 7864.22 10.9681 0.02 311 1915 84.93 14.21 8.5251
197 160 0.0002 0.0 100.0 518.67 643.29 1593.18 1429.03 14.62 21.61 551.29 2388.25 9041.9 1.3 48.21 519.87 2388.3 8114.01 8.5111 0.03 395 2388 100.0 38.58 23.1805
197 161 41.999 0.8402 100.0 445.0 550.89 1357.73 1140.31 3.91 5.72 138.83 2211.47 8311.47 1.02 42.6 130.12 2387.49 8067.0 9.4634 0.02 332 2212 100.0 10.22 6.333
197 162 25.0002 0.6205 60.0 462.54 536.72 1276.01 1061.06 7.05 9.03 175.07 1915.07 8006.59 0.94 37.35 164.27 2027.93 7862.75 10.986 0.02 308 1915 84.93 14.16 8.4877
197 163 24.9989 0.62 60.0 462.54 536.85 1271.95 1065.74 7.05 9.03 174.68 1914.96 7996.43 0.94 37.12 164.15 2027.87 7862.79 10.9685 0.02 311 1915 84.93 14.17 8.5077
197 164 19.9998 0.7 100.0 491.19 608.32 1497.98 1268.76 9.35 13.66 333.71 2324.02 8709.52 1.07 44.98 313.28 2388.22 8045.39 9.3201 0.03 368 2324 100.0 24.37 14.4796
197 165 20.0059 0.7 100.0 491.19 608.31 1490.41 1267.52 9.35 13.66 332.64 2324.04 8712.99 1.07 45.09 313.58 2388.23 8047.83 9.3136 0.03 368 2324 100.0 24.32 14.598
197 166 42.0008 0.84 100.0 445.0 550.52 1366.91 1142.82 3.91 5.71 137.88 2211.43 8309.46 1.02 42.77 129.91 2387.48 8066.76 9.4415 0.02 333 2212 100.0 10.71 6.3899
197 167 42.0076 0.84 100.0 445.0 550.32 1361.25 1139.82 3.91 5.72 138.36 2211.35 8308.97 1.02 42.56 129.82 2387.38 8069.89 9.472 0.02 333 2212 100.0 10.43 6.3065
197 168 20.0078 0.7 100.0 491.19 608.72 1494.69 1269.37 9.35 13.66 333.54 2324.04 8705.07 1.07 44.96 313.95 2388.18 8045.22 9.3182 0.03 369 2324 100.0 24.17 14.5682
197 169 25.0042 0.6201 60.0 462.54 537.13 1269.38 1058.48 7.05 9.03 173.6 1915.01 7995.72 0.94 37.25 164.42 2027.83 7857.2 11.0035 0.02 310 1915 84.93 14.17 8.4141
197 170 10.0001 0.25 100.0 489.05 606.02 1512.0 1319.55 10.52 15.5 392.34 2319.19 8758.8 1.26 46.25 370.73 2388.42 8104.61 8.7666 0.03 371 2319 100.0 28.28 17.0206
198 1 0.0005 0.0001 100.0 518.67 642.18 1588.79 1408.36 14.62 21.61 557.5 2388.07 9061.87 1.3 47.33 525.81 2388.08 8148.64 8.3367 0.03 391 2388 100.0 39.12 23.5052
198 2 42.0033 0.84 100.0 445.0 549.27 1354.99 1124.34 3.91 5.71 140.18 2212.04 8326.79 1.03 41.92 131.64 2388.09 8094.2 9.2585 0.02 331 2212 100.0 10.92 6.4385
198 3 42.002 0.84 100.0 445.0 548.78 1351.81 1124.69 3.91 5.71 140.54 2212.0 8331.07 1.03 41.99 132.26 2388.11 8096.27 9.2679 0.02 331 2212 100.0 10.67 6.3991
198 4 42.0052 0.8404 100.0 445.0 549.45 1348.32 1124.77 3.91 5.71 139.59 2211.96 8330.13 1.03 41.84 132.06 2388.14 8094.01 9.2531 0.02 331 2212 100.0 10.75 6.4036
198 5 41.9981 0.84 100.0 445.0 549.21 1347.38 1122.18 3.91 5.72 140.88 2212.04 8328.64 1.03 41.98 131.98 2388.09 8092.44 9.2595 0.02 331 2212 100.0 10.79 6.4191
198 6 42.0008 0.8415 100.0 445.0 549.44 1360.58 1116.21 3.91 5.72 140.04 2212.02 8326.8 1.03 41.98 131.75 2388.11 8096.48 9.2273 0.02 329 2212 100.0 10.54 6.4127
198 7 42.0068 0.8415 100.0 445.0 548.99 1351.15 1124.42 3.91 5.71 139.84 2212.01 8329.26 1.03 42.13 131.48 2388.08 8095.36 9.2611 0.02 331 2212 100.0 10.61 6.3768
198 8 20.0065 0.7013 100.0 491.19 607.1 1484.8 1245.76 9.35 13.66 338.0 2324.07 8734.36 1.08 44.18 317.42 2388.23 8073.1 9.1488 0.02 365 2324 100.0 24.69 14.8195
198 9 25.0019 0.6216 60.0 462.54 536.96 1257.85 1036.41 7.05 9.03 176.42 1915.45 8014.09 0.94 36.79 166.19 2028.32 7880.26 10.7814 0.02 305 1915 84.93 14.35 8.6224
198 10 35.0001 0.84 100.0 449.44 555.24 1363.0 1123.09 5.48 8.0 196.37 2223.07 8356.78 1.03 41.92 185.01 2388.18 8079.1 9.2595 0.02 333 2223 100.0 14.98 9.0029
198 11 42.005 0.84 100.0 445.0 549.07 1347.65 1120.01 3.91 5.71 140.56 2211.98 8332.08 1.03 41.84 131.6 2388.13 8097.96 9.2646 0.02 330 2212 100.0 10.71 6.4202
198 12 42.0058 0.8406 100.0 445.0 548.72 1348.9 1126.65 3.91 5.72 140.21 2211.98 8337.39 1.03 42.12 131.65 2388.14 8093.88 9.2274 0.02 331 2212 100.0 10.68 6.4962
198 13 42.0012 0.8413 100.0 445.0 548.87 1349.69 1119.36 3.91 5.71 140.47 2211.97 8326.04 1.03 41.86 131.54 2388.1 8094.84 9.2823 0.02 331 2212 100.0 10.75 6.3559
198 14 0.0005 0.0004 100.0 518.67 642.38 1585.66 1398.67 14.62 21.61 557.77 2388.12 9067.43 1.3 47.39 525.72 2388.09 8146.08 8.3251 0.03 392 2388 100.0 39.34 23.5336
198 15 25.0046 0.62 60.0 462.54 536.45 1263.5 1040.79 7.05 9.02 176.81 1915.44 8012.39 0.94 36.58 165.78 2028.39 7882.84 10.8246 0.02 306 1915 84.93 14.38 8.7788
198 16 42.0005 0.84 100.0 445.0 549.46 1344.96 1125.19 3.91 5.71 140.32 2212.02 8323.44 1.03 41.86 131.79 2388.16 8089.95 9.3306 0.02 329 2212 100.0 10.81 6.3445
198 17 35.0029 0.84 100.0 449.44 554.72 1362.49 1124.48 5.48 8.0 195.81 2223.1 8355.04 1.03 41.77 184.56 2388.18 8074.95 9.2272 0.02 334 2223 100.0 15.08 9.0355
198 18 25.0051 0.6203 60.0 462.54 536.33 1261.14 1041.68 7.05 9.03 176.42 1915.43 8018.84 0.94 36.61 165.88 2028.37 7882.73 10.811 0.02 308 1915 84.93 14.23 8.6459
198 19 0.0009 0.0009 100.0 518.67 642.29 1586.46 1398.68 14.62 21.61 558.92 2388.09 9071.35 1.3 47.3 525.99 2388.12 8150.42 8.409 0.03 392 2388 100.0 39.15 23.5356
198 20 42.0009 0.8416 100.0 445.0 549.43 1350.04 1123.27 3.91 5.72 139.43 2212.04 8331.88 1.03 41.94 131.01 2388.07 8092.27 9.2609 0.02 329 2212 100.0 10.66 6.4761
198 21 35.0046 0.84 100.0 449.44 554.93 1368.08 1127.01 5.48 8.0 196.17 2223.09 8358.71 1.03 41.83 184.11 2388.2 8079.14 9.2082 0.02 334 2223 100.0 15.05 8.9441
198 22 42.0013 0.8407 100.0 445.0 549.18 1356.89 1126.77 3.91 5.71 140.6 2212.08 8326.3 1.03 42.16 132.27 2388.11 8097.6 9.3006 0.02 330 2212 100.0 10.8 6.5109
198 23 25.0009 0.62 60.0 462.54 535.8 1257.92 1042.89 7.05 9.02 176.72 1915.47 8012.29 0.94 36.54 165.66 2028.32 7878.6 10.7824 0.02 306 1915 84.93 14.49 8.5855
198 24 42.0049 0.8417 100.0 445.0 549.16 1350.92 1120.05 3.91 5.71 139.73 2212.03 8336.2 1.03 42.04 131.71 2388.11 8100.13 9.2812 0.02 331 2212 100.0 10.8 6.3699
198 25 42.0013 0.84 100.0 445.0 549.22 1347.96 1119.79 3.91 5.71 140.25 2211.98 8329.52 1.03 41.96 132.24 2388.17 8099.21 9.2921 0.02 332 2212 100.0 10.69 6.3769
198 26 9.9991 0.2506 100.0 489.05 604.78 1501.78 1303.74 10.52 15.49 397.91 2319.03 8786.99 1.26 45.18 373.74 2388.19 8139.14 8.5712 0.03 367 2319 100.0 28.76 17.2761
198 27 20.0023 0.7 100.0 491.19 607.09 1483.21 1250.91 9.35 13.65 337.6 2324.08 8733.9 1.08 44.36 317.33 2388.23 8072.81 9.133 0.02 364 2324 100.0 24.74 14.8108
198 28 42.0006 0.84 100.0 445.0 549.69 1348.73 1123.24 3.91 5.71 139.98 2212.05 8323.42 1.03 42.02 130.85 2388.12 8092.41 9.2818 0.02 328 2212 100.0 10.65 6.5307
198 29 42.0005 0.8405 100.0 445.0 549.57 1353.84 1117.45 3.91 5.71 140.53 2212.04 8332.63 1.03 42.17 131.95 2388.16 8094.96 9.2937 0.02 331 2212 100.0 10.87 6.5079
198 30 20.0005 0.7 100.0 491.19 606.77 1484.15 1240.19 9.35 13.66 337.55 2324.06 8733.81 1.08 44.17 317.86 2388.26 8074.62 9.1554 0.02 364 2324 100.0 24.64 14.8857
198 31 9.9982 0.2517 100.0 489.05 605.07 1495.44 1307.61 10.52 15.49 397.88 2318.98 8789.29 1.26 45.23 375.01 2388.23 8151.69 8.5552 0.03 369 2319 100.0 28.76 17.2238
198 32 24.9991 0.6203 60.0 462.54 536.98 1253.69 1045.72 7.05 9.02 176.7 1915.43 8017.42 0.94 36.53 165.69 2028.38 7882.99 10.7888 0.02 305 1915 84.93 14.39 8.5997
198 33 25.0007 0.6206 60.0 462.54 536.41 1254.11 1046.73 7.05 9.02 176.56 1915.48 8015.96 0.94 36.55 166.18 2028.31 7882.3 10.7604 0.02 305 1915 84.93 14.37 8.6604
198 34 42.0045 0.8413 100.0 445.0 549.49 1354.03 1117.41 3.91 5.71 140.04 2212.03 8329.4 1.03 42.09 131.46 2388.15 8094.92 9.2856 0.02 331 2212 100.0 10.68 6.5338
198 35 25.0037 0.62 60.0 462.54 536.7 1255.34 1043.77 7.05 9.03 176.81 1915.48 8016.01 0.94 36.59 166.18 2028.31 7884.19 10.8248 0.02 306 1915 84.93 14.33 8.5733
198 36 20.0067 0.7 100.0 491.19 606.98 1484.74 1241.97 9.35 13.65 337.74 2324.12 8734.36 1.08 44.19 317.21 2388.21 8066.34 9.1506 0.02 366 2324 100.0 24.68 14.8196
198 37 34.9983 0.8414 100.0 449.44 555.29 1365.68 1128.92 5.48 8.0 195.99 2223.1 8365.41 1.03 41.84 184.78 2388.28 8077.94 9.2222 0.02 333 2223 100.0 15.03 9.0159
198 38 42.0058 0.8409 100.0 445.0 549.34 1353.27 1128.07 3.91 5.71 139.8 2212.05 8333.09 1.03 41.89 131.19 2388.13 8094.1 9.27 0.02 329 2212 100.0 10.62 6.4132
198 39 25.0025 0.62 60.0 462.54 536.24 1256.61 1050.9 7.05 9.02 176.45 1915.44 8008.91 0.94 36.73 166.18 2028.39 7886.08 10.8058 0.02 306 1915 84.93 14.56 8.7052
198 40 42.0066 0.8413 100.0 445.0 549.19 1349.64 1126.97 3.91 5.71 140.17 2212.02 8334.79 1.03 41.91 131.54 2388.14 8093.37 9.3137 0.02 331 2212 100.0 10.78 6.4736
198 41 42.0061 0.8412 100.0 445.0 549.26 1353.08 1120.89 3.91 5.71 139.97 2212.04 8327.34 1.03 41.8 131.37 2388.17 8094.02 9.2955 0.02 330 2212 100.0 10.71 6.3869
198 42 35.0018 0.84 100.0 449.44 555.58 1357.99 1128.06 5.48 8.0 196.36 2223.08 8357.15 1.03 41.87 184.32 2388.17 8076.43 9.2483 0.02 334 2223 100.0 14.92 9.0829
198 43 0.0029 0.0 100.0 518.67 642.16 1588.84 1401.34 14.62 21.61 558.42 2388.14 9065.71 1.3 47.38 525.49 2388.14 8147.97 8.3768 0.03 392 2388 100.0 39.27 23.56
198 44 25.0066 0.62 60.0 462.54 536.95 1260.36 1048.56 7.05 9.02 177.16 1915.44 8010.69 0.94 36.52 165.45 2028.29 7880.55 10.8068 0.02 306 1915 84.93 14.44 8.6607
198 45 10.0021 0.25 100.0 489.05 604.63 1498.69 1302.4 10.52 15.49 397.66 2318.97 8780.92 1.26 45.26 374.54 2388.14 8137.33 8.5422 0.03 370 2319 100.0 28.84 17.3163
198 46 25.0008 0.6203 60.0 462.54 536.86 1260.71 1035.73 7.05 9.03 177.32 1915.39 8021.52 0.94 36.76 166.26 2028.31 7878.95 10.7929 0.02 306 1915 84.93 14.24 8.7027
198 47 20.0033 0.7 100.0 491.19 607.34 1489.05 1248.4 9.35 13.65 337.3 2324.12 8737.77 1.08 44.33 317.82 2388.23 8071.7 9.1487 0.02 365 2324 100.0 24.65 14.9592
198 48 35.0003 0.84 100.0 449.44 555.34 1364.7 1128.89 5.48 8.0 196.22 2223.12 8363.58 1.03 41.81 185.33 2388.24 8081.14 9.1895 0.02 334 2223 100.0 14.95 8.9545
198 49 20.0034 0.7015 100.0 491.19 607.07 1481.68 1246.7 9.35 13.65 337.49 2324.07 8736.58 1.08 44.19 317.21 2388.19 8073.78 9.1142 0.02 366 2324 100.0 24.66 14.7558
198 50 10.0025 0.2519 100.0 489.05 604.35 1503.17 1300.63 10.52 15.49 397.38 2318.97 8789.53 1.26 45.34 374.78 2388.18 8145.2 8.5965 0.03 368 2319 100.0 28.86 17.265
198 51 0.0013 0.0 100.0 518.67 642.19 1586.92 1409.53 14.62 21.61 557.77 2388.14 9073.16 1.3 47.45 525.82 2388.12 8147.27 8.341 0.03 393 2388 100.0 39.18 23.4485
198 52 42.0056 0.842 100.0 445.0 549.32 1353.34 1125.1 3.91 5.72 139.31 2212.05 8329.55 1.03 42.03 131.77 2388.13 8098.31 9.2365 0.02 331 2212 100.0 10.78 6.4154
198 53 41.9998 0.84 100.0 445.0 549.25 1352.59 1117.4 3.91 5.71 139.8 2212.01 8331.51 1.03 42.01 131.84 2388.09 8102.38 9.2575 0.02 330 2212 100.0 10.63 6.4254
198 54 0.0002 0.0003 100.0 518.67 642.58 1585.62 1396.01 14.62 21.61 557.94 2388.1 9069.08 1.3 47.34 526.15 2388.05 8147.16 8.3567 0.03 392 2388 100.0 39.2 23.4849
198 55 25.0034 0.6207 60.0 462.54 536.5 1252.74 1046.61 7.05 9.03 176.85 1915.47 8023.03 0.94 36.63 165.68 2028.35 7882.07 10.7835 0.02 308 1915 84.93 14.36 8.5883
198 56 42.0063 0.84 100.0 445.0 549.59 1355.32 1129.67 3.91 5.71 140.15 2212.05 8330.97 1.03 42.01 131.56 2388.16 8097.56 9.2451 0.02 332 2212 100.0 10.62 6.4083
198 57 34.9982 0.8419 100.0 449.44 555.09 1368.02 1122.99 5.48 8.0 196.65 2223.15 8358.2 1.03 41.75 184.64 2388.22 8085.79 9.2266 0.02 332 2223 100.0 15.02 9.0558
198 58 34.9999 0.84 100.0 449.44 555.57 1367.46 1123.98 5.48 8.0 196.08 2223.11 8356.17 1.03 41.88 185.07 2388.25 8075.29 9.2282 0.02 335 2223 100.0 14.93 8.9082
198 59 42.0078 0.8418 100.0 445.0 549.3 1352.0 1124.09 3.91 5.71 139.34 2212.02 8337.09 1.03 41.87 131.57 2388.18 8099.02 9.2636 0.02 330 2212 100.0 10.7 6.4107
198 60 20.0066 0.7 100.0 491.19 607.21 1482.92 1241.31 9.35 13.65 336.65 2324.11 8736.8 1.08 44.15 318.21 2388.28 8071.94 9.1288 0.02 366 2324 100.0 24.52 14.7531
198 61 10.0006 0.2514 100.0 489.05 604.3 1503.96 1302.75 10.52 15.49 397.64 2318.98 8789.76 1.26 45.45 374.4 2388.13 8144.93 8.5256 0.03 369 2319 100.0 28.89 17.3125
198 62 34.9989 0.84 100.0 449.44 555.38 1372.81 1130.43 5.48 8.0 195.81 2223.1 8357.99 1.03 41.76 184.49 2388.23 8080.97 9.2326 0.02 335 2223 100.0 15.14 9.1221
198 63 10.0022 0.2512 100.0 489.05 604.35 1504.09 1309.08 10.52 15.49 397.02 2318.94 8789.73 1.26 45.36 374.51 2388.2 8143.2 8.6014 0.03 369 2319 100.0 28.86 17.2576
198 64 25.0067 0.6209 60.0 462.54 536.38 1261.55 1044.14 7.05 9.02 176.73 1915.49 8021.12 0.94 36.61 165.75 2028.41 7881.77 10.7697 0.02 306 1915 84.93 14.52 8.7577
198 65 10.0059 0.25 100.0 489.05 603.62 1503.66 1299.61 10.52 15.49 397.41 2319.0 8796.64 1.26 45.2 374.59 2388.21 8142.9 8.5817 0.03 371 2319 100.0 28.72 17.2759
198 66 41.9985 0.84 100.0 445.0 549.89 1350.34 1125.27 3.91 5.71 139.73 2212.01 8326.68 1.03 42.14 131.82 2388.1 8100.48 9.2841 0.02 330 2212 100.0 10.75 6.4496
198 67 25.0 0.6207 60.0 462.54 536.1 1255.22 1041.91 7.05 9.02 176.88 1915.44 8012.31 0.94 36.51 165.77 2028.4 7877.68 10.8098 0.02 306 1915 84.93 14.19 8.6612
198 68 34.9989 0.84 100.0 449.44 555.08 1364.42 1123.48 5.48 8.0 196.01 2223.16 8355.44 1.03 41.87 184.59 2388.24 8077.28 9.2349 0.02 333 2223 100.0 14.97 8.8626
198 69 20.0036 0.7 100.0 491.19 607.59 1481.54 1246.5 9.35 13.65 337.56 2324.11 8729.19 1.08 44.27 317.77 2388.26 8079.4 9.1365 0.02 364 2324 100.0 24.72 14.9008
198 70 0.0027 0.0007 100.0 518.67 642.23 1593.21 1401.99 14.62 21.61 558.86 2388.09 9080.67 1.3 47.46 526.67 2388.14 8152.58 8.382 0.03 392 2388 100.0 39.17 23.5313
198 71 41.9998 0.84 100.0 445.0 549.3 1348.62 1121.61 3.91 5.71 140.18 2212.05 8338.18 1.03 42.11 131.8 2388.13 8099.94 9.2585 0.02 333 2212 100.0 10.72 6.3415
198 72 0.0022 0.0 100.0 518.67 642.52 1583.15 1397.01 14.62 21.6 558.56 2388.14 9076.0 1.3 47.51 525.96 2388.2 8147.91 8.3511 0.03 392 2388 100.0 39.06 23.5512
198 73 25.0012 0.62 60.0 462.54 536.55 1250.11 1046.98 7.05 9.02 177.23 1915.5 8018.03 0.94 36.61 165.84 2028.39 7885.43 10.8132 0.02 306 1915 84.93 14.41 8.6951
198 74 9.9998 0.25 100.0 489.05 604.78 1495.53 1306.97 10.52 15.49 397.36 2318.99 8791.43 1.26 45.16 374.75 2388.22 8143.87 8.5696 0.03 368 2319 100.0 28.85 17.1862
198 75 9.9991 0.2502 100.0 489.05 604.4 1490.77 1307.98 10.52 15.49 397.15 2319.01 8785.9 1.26 45.15 374.52 2388.18 8145.12 8.5593 0.03 368 2319 100.0 28.8 17.2944
198 76 10.0012 0.2511 100.0 489.05 605.05 1501.81 1300.79 10.52 15.49 397.87 2319.03 8790.37 1.26 45.37 374.64 2388.21 8143.92 8.5692 0.03 369 2319 100.0 28.81 17.2857
198 77 0.0012 0.0 100.0 518.67 642.79 1584.74 1404.56 14.62 21.6 557.63 2388.12 9070.27 1.3 47.23 525.82 2388.13 8149.91 8.3422 0.03 392 2388 100.0 39.3 23.4475
198 78 42.0002 0.84 100.0 445.0 549.36 1347.36 1121.57 3.91 5.71 140.37 2212.09 8336.84 1.03 41.75 131.87 2388.16 8099.11 9.2479 0.02 329 2212 100.0 10.63 6.3416
198 79 0.0012 0.0 100.0 518.67 642.3 1584.93 1402.89 14.62 21.61 558.61 2388.1 9068.62 1.31 47.26 526.54 2388.15 8152.5 8.3429 0.03 393 2388 100.0 39.12 23.5294
198 80 35.0017 0.84 100.0 449.44 555.36 1359.42 1121.23 5.48 8.0 196.21 2223.11 8357.26 1.03 41.86 184.99 2388.26 8077.45 9.2371 0.02 335 2223 100.0 15.07 8.9865
198 81 42.0068 0.84 100.0 445.0 549.18 1352.58 1124.84 3.91 5.71 140.63 2212.07 8332.34 1.03 41.87 131.67 2388.17 8103.3 9.2657 0.02 332 2212 100.0 10.58 6.4636
198 82 20.0071 0.7003 100.0 491.19 607.43 1479.46 1248.23 9.35 13.65 337.84 2324.15 8732.25 1.08 44.5 318.36 2388.28 8073.22 9.1203 0.02 365 2324 100.0 24.73 14.7812
198 83 0.0008 0.0 100.0 518.67 642.0 1593.09 1399.4 14.62 21.61 558.91 2388.13 9081.41 1.31 47.31 526.43 2388.18 8151.4 8.3244 0.03 393 2388 100.0 39.51 23.5859
198 84 25.0005 0.62 60.0 462.54 537.42 1261.99 1045.87 7.05 9.02 176.72 1915.46 8014.95 0.94 36.71 165.86 2028.4 7878.55 10.7685 0.02 307 1915 84.93 14.41 8.6334
198 85 42.0004 0.8413 100.0 445.0 548.91 1350.18 1127.22 3.91 5.72 140.12 2212.11 8340.67 1.03 41.9 132.14 2388.17 8101.02 9.2812 0.02 331 2212 100.0 10.72 6.5071
198 86 10.0061 0.25 100.0 489.05 604.82 1498.1 1307.79 10.52 15.49 398.31 2318.98 8794.68 1.26 45.19 374.8 2388.26 8146.43 8.5717 0.03 370 2319 100.0 28.99 17.1938
198 87 0.0006 0.0 100.0 518.67 642.52 1578.46 1398.24 14.62 21.61 559.51 2388.14 9069.61 1.3 47.31 526.61 2388.17 8149.51 8.3449 0.03 393 2388 100.0 39.29 23.6044
198 88 20.0033 0.7018 100.0 491.19 606.79 1479.13 1247.26 9.35 13.65 338.08 2324.12 8733.29 1.08 44.34 318.21 2388.33 8074.08 9.0984 0.02 365 2324 100.0 24.78 14.8154
198 89 20.0041 0.7012 100.0 491.19 607.42 1486.19 1243.91 9.35 13.65 337.51 2324.09 8738.57 1.08 44.25 318.1 2388.24 8077.94 9.1261 0.02 364 2324 100.0 24.78 14.7779
198 90 20.0055 0.7007 100.0 491.19 607.12 1483.05 1254.98 9.35 13.65 338.32 2324.16 8733.9 1.08 44.23 318.2 2388.33 8073.89 9.103 0.02 364 2324 100.0 24.86 14.8167
198 91 20.0023 0.7 100.0 491.19 607.3 1483.59 1249.26 9.35 13.65 337.3 2324.11 8731.24 1.08 44.22 317.98 2388.29 8075.92 9.1189 0.02 366 2324 100.0 24.8 14.9284
198 92 20.0014 0.7007 100.0 491.19 607.29 1484.78 1252.25 9.35 13.65 337.34 2324.17 8743.55 1.08 44.29 318.11 2388.25 8077.56 9.1088 0.02 364 2324 100.0 24.89 14.7457
198 93 10.0063 0.25 100.0 489.05 604.78 1505.19 1306.59 10.52 15.49 398.06 2319.0 8799.15 1.26 45.46 375.82 2388.27 8154.49 8.5444 0.03 369 2319 100.0 29.01 17.2751
198 94 25.0059 0.62 60.0 462.54 536.9 1256.3 1047.86 7.05 9.02 176.37 1915.51 8016.96 0.94 36.82 165.81 2028.37 7883.65 10.8031 0.02 307 1915 84.93 14.6 8.5843
198 95 25.0067 0.62 60.0 462.54 536.15 1257.11 1041.42 7.05 9.03 177.51 1915.53 8021.85 0.94 36.57 166.04 2028.4 7881.33 10.7677 0.02 307 1915 84.93 14.37 8.6947
198 96 10.0002 0.2501 100.0 489.05 605.35 1499.68 1309.4 10.52 15.49 399.29 2319.08 8793.92 1.26 45.25 375.56 2388.29 8147.37 8.5653 0.03 369 2319 100.0 28.89 17.2873
198 97 19.999 0.7 100.0 491.19 607.53 1493.62 1257.85 9.35 13.65 338.47 2324.16 8744.67 1.08 44.38 318.27 2388.26 8081.88 9.1035 0.02 364 2324 100.0 24.7 14.8094
198 98 0.002 0.0018 100.0 518.67 642.02 1587.34 1408.38 14.62 21.61 559.77 2388.19 9079.54 1.31 47.53 527.12 2388.21 8152.17 8.3594 0.03 394 2388 100.0 39.27 23.5737
198 99 0.0019 0.0 100.0 518.67 642.59 1596.55 1400.6 14.62 21.61 559.62 2388.16 9077.52 1.3 47.54 527.44 2388.17 8151.33 8.3085 0.03 392 2388 100.0 39.24 23.6075
198 100 35.0049 0.84 100.0 449.44 555.37 1360.74 1124.68 5.48 8.0 196.03 2223.18 8367.61 1.03 41.92 185.45 2388.28 8092.25 9.1907 0.02 332 2223 100.0 14.92 8.9471
198 101 42.0056 0.8403 100.0 445.0 549.19 1353.27 1117.54 3.91 5.71 140.87 2212.12 8339.27 1.03 41.78 132.34 2388.16 8098.48 9.256 0.02 331 2212 100.0 10.71 6.4969
198 102 35.0074 0.84 100.0 449.44 555.82 1362.09 1127.94 5.48 8.0 197.38 2223.19 8363.77 1.03 42.03 185.39 2388.26 8085.96 9.1807 0.02 334 2223 100.0 15.1 9.0885
198 103 19.9989 0.7 100.0 491.19 607.04 1483.36 1253.55 9.35 13.65 338.74 2324.19 8746.37 1.08 44.48 318.46 2388.31 8081.63 9.1164 0.02 364 2324 100.0 24.67 14.814
198 104 24.999 0.62 60.0 462.54 537.39 1259.16 1045.32 7.05 9.02 177.14 1915.47 8024.43 0.94 36.48 165.59 2028.4 7880.54 10.7661 0.02 307 1915 84.93 14.5 8.6859
198 105 0.0016 0.0 100.0 518.67 642.95 1591.53 1402.08 14.62 21.61 559.51 2388.15 9080.51 1.3 47.44 527.36 2388.14 8153.95 8.3521 0.03 393 2388 100.0 39.31 23.5356
198 106 0.0015 0.0001 100.0 518.67 642.66 1592.91 1405.12 14.62 21.61 560.48 2388.18 9072.79 1.31 47.55 527.36 2388.15 8155.82 8.3283 0.03 394 2388 100.0 39.26 23.5709
198 107 25.0013 0.62 60.0 462.54 536.81 1260.34 1052.44 7.05 9.02 177.71 1915.52 8021.43 0.94 36.77 166.29 2028.46 7885.19 10.7852 0.02 308 1915 84.93 14.25 8.6457
198 108 35.0015 0.8406 100.0 449.44 554.98 1360.19 1127.35 5.48 8.0 196.54 2223.16 8364.39 1.03 42.05 185.09 2388.3 8084.43 9.1789 0.02 335 2223 100.0 15.04 8.9392
198 109 42.0044 0.8408 100.0 445.0 549.46 1351.82 1128.73 3.91 5.71 139.89 2212.07 8334.68 1.03 42.14 132.26 2388.19 8104.39 9.2176 0.02 330 2212 100.0 10.76 6.4057
198 110 0.0003 0.0 100.0 518.67 642.37 1588.4 1405.97 14.62 21.6 559.91 2388.18 9077.61 1.31 47.48 527.0 2388.16 8157.13 8.3375 0.03 392 2388 100.0 39.18 23.454
198 111 20.0024 0.7 100.0 491.19 607.68 1482.47 1247.51 9.35 13.65 338.95 2324.23 8744.48 1.08 44.39 318.79 2388.39 8076.63 9.0981 0.02 365 2324 100.0 25.06 14.832
198 112 35.0001 0.8408 100.0 449.44 555.57 1366.3 1126.35 5.48 8.0 197.35 2223.19 8373.33 1.03 41.84 185.38 2388.33 8090.2 9.2054 0.02 335 2223 100.0 15.08 8.9587
198 113 42.0067 0.8417 100.0 445.0 549.35 1354.98 1131.31 3.91 5.71 140.06 2212.1 8344.36 1.03 42.17 132.57 2388.21 8103.98 9.2136 0.02 332 2212 100.0 10.9 6.4855
198 114 42.0064 0.84 100.0 445.0 549.59 1356.23 1122.72 3.91 5.71 141.21 2212.1 8350.6 1.03 41.92 132.81 2388.22 8105.89 9.2371 0.02 332 2212 100.0 10.71 6.3818
198 115 0.0023 0.0 100.0 518.67 642.8 1589.81 1408.94 14.62 21.61 560.26 2388.16 9076.82 1.31 47.49 527.73 2388.17 8157.44 8.3734 0.03 395 2388 100.0 39.26 23.6102
198 116 10.0039 0.25 100.0 489.05 604.19 1497.04 1308.55 10.52 15.49 398.99 2319.08 8795.72 1.26 45.34 375.99 2388.35 8156.68 8.557 0.03 369 2319 100.0 28.87 17.4492
198 117 42.0006 0.8403 100.0 445.0 548.96 1353.42 1130.94 3.91 5.71 141.07 2212.17 8336.25 1.03 42.12 132.83 2388.2 8108.82 9.2059 0.02 330 2212 100.0 10.69 6.4663
198 118 25.0071 0.62 60.0 462.54 536.38 1256.68 1042.64 7.05 9.02 177.61 1915.56 8021.07 0.94 36.84 165.98 2028.45 7884.27 10.7679 0.02 305 1915 84.93 14.43 8.6638
198 119 42.0011 0.84 100.0 445.0 549.45 1359.72 1129.31 3.91 5.71 141.14 2212.13 8344.99 1.03 42.28 132.27 2388.25 8110.91 9.2086 0.02 330 2212 100.0 10.71 6.4843
198 120 10.0033 0.25 100.0 489.05 604.93 1502.5 1307.79 10.52 15.49 399.41 2319.16 8807.47 1.27 45.45 376.83 2388.37 8147.92 8.5132 0.03 370 2319 100.0 28.87 17.3045
198 121 0.0003 0.0 100.0 518.67 642.75 1596.58 1406.63 14.62 21.61 561.53 2388.22 9085.36 1.31 47.64 528.81 2388.19 8157.05 8.3116 0.03 393 2388 100.0 39.36 23.6095
198 122 0.0009 0.0015 100.0 518.67 642.19 1591.42 1397.09 14.62 21.61 561.36 2388.16 9082.74 1.31 47.71 528.67 2388.23 8161.0 8.3008 0.03 393 2388 100.0 39.26 23.5406
198 123 20.0069 0.7 100.0 491.19 607.27 1488.21 1255.39 9.35 13.65 339.45 2324.28 8740.17 1.09 44.43 319.62 2388.4 8087.98 9.0758 0.02 365 2324 100.0 24.84 14.909
198 124 20.0036 0.7 100.0 491.19 607.39 1483.42 1250.27 9.35 13.65 340.05 2324.32 8747.81 1.09 44.5 319.79 2388.43 8082.29 9.1138 0.03 367 2324 100.0 24.69 14.9553
198 125 34.9997 0.8405 100.0 449.44 555.35 1365.63 1132.28 5.48 8.0 197.83 2223.25 8378.26 1.04 42.14 185.83 2388.35 8088.63 9.1863 0.02 336 2223 100.0 15.21 8.991
198 126 0.0003 0.0013 100.0 518.67 642.44 1589.26 1408.3 14.62 21.61 561.45 2388.27 9085.65 1.31 47.51 529.27 2388.27 8157.78 8.2748 0.03 393 2388 100.0 39.35 23.5596
198 127 20.007 0.7009 100.0 491.19 608.39 1494.12 1254.38 9.35 13.65 339.86 2324.33 8754.11 1.09 44.59 319.77 2388.46 8090.13 9.1084 0.02 366 2324 100.0 24.69 14.8749
198 128 42.0066 0.8413 100.0 445.0 549.4 1359.48 1130.02 3.91 5.71 141.23 2212.14 8348.89 1.04 42.11 132.58 2388.24 8111.12 9.2362 0.02 331 2212 100.0 10.52 6.4264
198 129 42.0045 0.8402 100.0 445.0 549.19 1353.23 1129.44 3.91 5.71 140.72 2212.1 8351.48 1.04 42.26 132.89 2388.31 8115.92 9.213 0.02 331 2212 100.0 10.8 6.3607
198 130 42.0043 0.8414 100.0 445.0 548.94 1354.49 1130.06 3.91 5.71 140.88 2212.18 8353.87 1.04 42.21 132.79 2388.3 8111.97 9.2096 0.02 332 2212 100.0 10.66 6.482
198 131 10.0046 0.25 100.0 489.05 605.32 1504.65 1316.03 10.52 15.49 400.5 2319.23 8806.24 1.27 45.51 377.33 2388.44 8157.34 8.5081 0.03 370 2319 100.0 28.88 17.3424
198 132 10.006 0.2517 100.0 489.05 605.05 1504.33 1312.61 10.52 15.49 401.07 2319.24 8806.22 1.27 45.64 377.41 2388.4 8156.34 8.5404 0.03 371 2319 100.0 28.69 17.4003
198 133 10.0032 0.2503 100.0 489.05 604.93 1500.73 1313.84 10.52 15.49 400.86 2319.27 8813.84 1.27 45.84 377.42 2388.45 8156.24 8.509 0.03 370 2319 100.0 28.78 17.4463
198 134 42.0064 0.8412 100.0 445.0 549.3 1348.06 1134.37 3.91 5.71 141.49 2212.2 8354.44 1.04 42.29 133.43 2388.26 8111.62 9.2106 0.02 331 2212 100.0 10.65 6.5068
198 135 42.0061 0.8401 100.0 445.0 549.39 1361.99 1136.64 3.91 5.71 141.58 2212.22 8348.03 1.04 42.26 132.85 2388.34 8117.33 9.1877 0.02 332 2212 100.0 10.7 6.4475
198 136 42.0054 0.84 100.0 445.0 549.06 1363.51 1125.24 3.91 5.71 141.46 2212.19 8367.24 1.04 42.18 133.22 2388.35 8113.63 9.1924 0.02 332 2212 100.0 10.76 6.3843
198 137 19.9994 0.7019 100.0 491.19 607.23 1490.07 1256.97 9.35 13.65 340.44 2324.43 8757.89 1.09 44.8 320.59 2388.56 8090.8 9.1092 0.03 367 2324 100.0 24.87 14.9009
198 138 41.9981 0.84 100.0 445.0 549.55 1354.37 1131.53 3.91 5.71 140.96 2212.19 8361.37 1.04 42.3 132.9 2388.33 8115.93 9.1731 0.02 331 2212 100.0 10.82 6.5031
198 139 35.0055 0.8403 100.0 449.44 555.69 1370.81 1136.0 5.48 8.0 198.87 2223.4 8385.96 1.04 42.24 186.37 2388.48 8102.8 9.1668 0.02 336 2223 100.0 15.25 9.1055
198 140 34.9992 0.8415 100.0 449.44 555.56 1364.21 1136.13 5.48 8.0 198.28 2223.39 8385.25 1.04 42.2 185.9 2388.5 8102.34 9.1564 0.02 335 2223 100.0 14.96 9.1036
198 141 42.0024 0.8416 100.0 445.0 549.71 1357.06 1138.28 3.91 5.71 141.52 2212.3 8357.85 1.04 42.32 132.96 2388.37 8121.76 9.1437 0.02 332 2212 100.0 10.71 6.3568
198 142 42.0024 0.8408 100.0 445.0 548.91 1361.76 1133.39 3.91 5.71 141.01 2212.27 8356.0 1.04 42.26 133.27 2388.4 8125.75 9.1883 0.02 334 2212 100.0 10.65 6.4133
198 143 20.0048 0.7019 100.0 491.19 607.64 1489.24 1251.27 9.35 13.65 340.96 2324.5 8760.29 1.09 44.81 321.57 2388.59 8094.07 9.0321 0.03 367 2324 100.0 24.73 14.9794
198 144 20.0048 0.7 100.0 491.19 607.58 1488.43 1263.74 9.35 13.65 341.5 2324.44 8760.42 1.09 44.54 321.62 2388.61 8088.76 9.0482 0.03 367 2324 100.0 25.13 15.0225
198 145 42.0052 0.8402 100.0 445.0 549.28 1361.45 1133.8 3.91 5.71 141.95 2212.29 8365.47 1.04 42.41 133.33 2388.43 8130.38 9.1386 0.02 334 2212 100.0 10.79 6.5198
198 146 41.999 0.84 100.0 445.0 549.91 1356.45 1134.4 3.91 5.71 140.94 2212.3 8360.32 1.04 42.25 133.4 2388.4 8128.06 9.1358 0.02 332 2212 100.0 10.88 6.4204
198 147 42.0042 0.8404 100.0 445.0 549.89 1357.34 1140.7 3.91 5.71 140.98 2212.34 8366.8 1.04 42.51 133.39 2388.4 8125.45 9.1514 0.02 331 2212 100.0 10.72 6.563
198 148 0.0025 0.0 100.0 518.67 643.27 1597.56 1418.13 14.62 21.61 565.36 2388.42 9098.81 1.31 47.86 532.85 2388.38 8174.89 8.2703 0.03 396 2388 100.0 39.53 23.6821
198 149 10.0069 0.2503 100.0 489.05 605.18 1505.79 1317.35 10.52 15.49 402.69 2319.45 8825.37 1.27 45.78 379.17 2388.61 8169.84 8.487 0.03 372 2319 100.0 29.13 17.4783
198 150 42.0072 0.8404 100.0 445.0 549.14 1358.87 1136.3 3.91 5.71 141.87 2212.28 8370.33 1.04 42.52 133.48 2388.41 8128.78 9.1566 0.02 334 2212 100.0 10.89 6.5261
198 151 10.0068 0.2519 100.0 489.05 604.94 1504.49 1313.56 10.52 15.49 402.58 2319.37 8822.45 1.27 45.72 379.39 2388.69 8170.9 8.5099 0.03 370 2319 100.0 28.99 17.34
198 152 41.9994 0.84 100.0 445.0 549.26 1363.5 1135.97 3.91 5.71 142.14 2212.35 8369.62 1.05 42.44 133.82 2388.45 8131.98 9.1736 0.02 332 2212 100.0 10.77 6.4721
198 153 19.9984 0.7008 100.0 491.19 607.68 1497.65 1265.05 9.35 13.65 342.8 2324.61 8767.54 1.09 44.93 322.72 2388.8 8103.47 9.06 0.03 369 2324 100.0 25.07 14.9556
198 154 42.005 0.8401 100.0 445.0 549.77 1358.02 1132.43 3.91 5.71 141.84 2212.38 8372.45 1.05 42.49 133.67 2388.47 8127.05 9.121 0.02 334 2212 100.0 10.89 6.5527
198 155 35.0011 0.84 100.0 449.44 556.28 1368.02 1136.81 5.48 8.0 200.46 2223.59 8403.7 1.05 42.18 188.15 2388.72 8112.52 9.0728 0.02 336 2223 100.0 15.16 9.075
198 156 35.0023 0.8412 100.0 449.44 555.74 1370.4 1150.62 5.48 8.0 199.35 2223.57 8410.42 1.05 42.39 188.11 2388.75 8114.63 9.0941 0.02 337 2223 100.0 15.2 9.1057
198 157 24.9985 0.62 60.0 462.54 537.08 1271.43 1048.97 7.05 9.02 180.13 1915.79 8045.27 0.94 37.02 168.5 2028.77 7904.69 10.6637 0.02 309 1915 84.93 14.49 8.7193
198 158 42.0016 0.8416 100.0 445.0 550.33 1363.17 1145.77 3.91 5.71 142.59 2212.38 8375.21 1.05 42.72 134.2 2388.48 8136.19 9.0949 0.02 333 2212 100.0 10.75 6.4532
198 159 25.0037 0.6215 60.0 462.54 537.23 1266.95 1050.17 7.05 9.02 179.92 1915.76 8048.59 0.94 36.97 168.42 2028.65 7905.86 10.6665 0.02 309 1915 84.93 14.49 8.7518
198 160 42.0042 0.84 100.0 445.0 549.65 1367.91 1140.97 3.91 5.71 142.92 2212.38 8379.97 1.05 42.69 134.79 2388.48 8135.56 9.0913 0.02 334 2212 100.0 10.97 6.4923
198 161 10.0077 0.252 100.0 489.05 605.2 1510.29 1325.42 10.52 15.49 404.53 2319.58 8842.99 1.27 46.04 381.47 2388.77 8177.89 8.4685 0.03 374 2319 100.0 29.23 17.4301
198 162 0.0008 0.0 100.0 518.67 643.19 1600.7 1425.49 14.62 21.61 569.58 2388.49 9121.47 1.32 47.92 536.17 2388.53 8198.34 8.2226 0.03 398 2388 100.0 39.76 23.8498
198 163 20.0077 0.7 100.0 491.19 608.2 1502.93 1266.77 9.35 13.66 345.01 2324.89 8783.12 1.1 45.01 325.15 2389.05 8114.28 9.0105 0.03 368 2324 100.0 25.09 14.9991
198 164 10.0024 0.2501 100.0 489.05 604.76 1517.88 1328.01 10.52 15.49 406.08 2319.71 8849.42 1.28 46.24 382.48 2388.87 8189.28 8.4885 0.03 373 2319 100.0 29.19 17.6693
