25 1 42.0054 0.84 100.0 445.0 548.81 1347.19 1120.99 3.91 5.71 138.46 2211.65 8305.52 1.02 42.06 130.46 2387.74 8071.71 9.3621 0.02 330 2212 100.0 10.46 6.3126
25 2 10.0021 0.25 100.0 489.05 605.0 1506.18 1307.51 10.52 15.49 394.17 2319.01 8766.91 1.26 45.1 371.66 2388.08 8118.7 8.6448 0.03 369 2319 100.0 28.47 17.1021
25 3 35.0036 0.84 100.0 449.44 555.7 1364.08 1124.19 5.48 8.0 194.47 2222.8 8337.61 1.02 41.95 182.94 2387.86 8056.63 9.3036 0.02 333 2223 100.0 14.77 8.8259
25 4 42.0006 0.841 100.0 445.0 549.65 1343.48 1126.63 3.91 5.71 138.93 2211.73 8314.47 1.02 42.05 130.32 2387.77 8075.19 9.3559 0.02 330 2212 100.0 10.6 6.3171
25 5 10.0017 0.25 100.0 489.05 605.02 1496.48 1304.71 10.52 15.49 394.83 2318.93 8765.5 1.26 45.27 371.71 2388.11 8117.22 8.6303 0.03 369 2319 100.0 28.61 17.0688
25 6 20.0057 0.7003 100.0 491.19 607.32 1481.36 1248.07 9.35 13.65 335.05 2323.91 8717.22 1.08 44.44 315.01 2388.06 8049.99 9.1995 0.02 364 2324 100.0 24.38 14.6009
25 7 42.0058 0.84 100.0 445.0 549.5 1344.39 1126.63 3.91 5.71 138.85 2211.71 8305.49 1.02 42.0 130.48 2387.77 8075.65 9.35 0.02 330 2212 100.0 10.73 6.4216
25 8 42.0033 0.8413 100.0 445.0 549.28 1340.61 1122.98 3.91 5.72 139.05 2211.69 8310.1 1.02 42.17 130.97 2387.7 8076.58 9.3874 0.02 329 2212 100.0 10.5 6.3588
25 9 25.0062 0.62 60.0 462.54 536.83 1264.49 1046.16 7.05 9.03 175.12 1915.19 7999.21 0.94 36.71 164.55 2028.02 7863.57 10.8797 0.02 307 1915 84.93 14.22 8.5083
25 10 42.0046 0.8408 100.0 445.0 549.02 1350.52 1121.48 3.91 5.72 138.45 2211.68 8313.19 1.02 41.99 130.15 2387.75 8073.73 9.3559 0.02 330 2212 100.0 10.46 6.2743
25 11 0.0013 0.0011 100.0 518.67 642.66 1590.84 1406.04 14.62 21.61 553.02 2388.06 9052.28 1.3 47.38 521.82 2388.09 8128.45 8.4225 0.03 395 2388 100.0 38.97 23.2833
25 12 42.0048 0.8403 100.0 445.0 549.27 1352.56 1118.13 3.91 5.71 138.41 2211.74 8305.66 1.02 42.0 130.94 2387.81 8077.33 9.37 0.02 331 2212 100.0 10.59 6.3752
25 13 41.9999 0.84 100.0 445.0 549.59 1357.58 1123.8 3.91 5.71 138.8 2211.69 8314.95 1.02 42.05 130.87 2387.69 8074.35 9.4002 0.02 328 2212 100.0 10.53 6.4039
25 14 20.0015 0.7 100.0 491.19 607.33 1481.58 1254.78 9.35 13.65 335.32 2323.93 8703.02 1.08 44.39 315.3 2388.01 8056.33 9.2412 0.02 365 2324 100.0 24.49 14.663
25 15 42.0066 0.8417 100.0 445.0 549.67 1355.16 1121.78 3.91 5.71 138.32 2211.7 8317.4 1.02 42.09 130.72 2387.74 8072.5 9.3733 0.02 330 2212 100.0 10.64 6.3339
25 16 20.0038 0.7001 100.0 491.19 607.56 1481.67 1249.52 9.35 13.66 334.14 2323.97 8717.48 1.08 44.5 315.43 2388.01 8051.86 9.2427 0.02 367 2324 100.0 24.39 14.7745
25 17 25.0043 0.62 60.0 462.54 536.57 1258.72 1045.75 7.05 9.02 175.73 1915.17 8003.64 0.94 36.61 164.6 2028.11 7869.32 10.8999 0.02 307 1915 84.93 14.39 8.5427
25 18 10.0041 0.25 100.0 489.05 604.53 1497.83 1313.41 10.52 15.49 394.3 2318.92 8764.85 1.26 45.44 371.23 2388.1 8120.83 8.6715 0.03 369 2319 100.0 28.52 17.0966
25 19 19.9988 0.7 100.0 491.19 606.73 1485.38 1244.49 9.35 13.66 334.99 2323.98 8714.53 1.08 44.26 314.85 2388.02 8054.49 9.2152 0.02 364 2324 100.0 24.51 14.51
25 20 35.0016 0.8403 100.0 449.44 555.07 1368.7 1124.7 5.48 8.0 194.51 2222.75 8341.49 1.02 41.88 183.1 2387.87 8051.89 9.2981 0.02 333 2223 100.0 14.86 8.7946
25 21 35.006 0.8407 100.0 449.44 555.46 1364.04 1127.53 5.48 8.0 194.13 2222.8 8334.9 1.02 41.91 182.64 2387.86 8054.07 9.2939 0.02 333 2223 100.0 14.84 8.9526
25 22 0.0015 0.0 100.0 518.67 642.48 1589.73 1407.02 14.62 21.61 553.78 2388.13 9047.83 1.3 47.46 521.41 2388.03 8125.87 8.4487 0.03 391 2388 100.0 38.92 23.2446
25 23 0.0029 0.0 100.0 518.67 642.59 1589.73 1406.14 14.62 21.61 553.32 2388.07 9046.44 1.3 47.54 521.27 2388.07 8128.33 8.425 0.03 391 2388 100.0 38.8 23.2697
25 24 10.0033 0.2507 100.0 489.05 604.89 1499.47 1304.94 10.52 15.49 394.67 2318.89 8768.96 1.26 45.49 371.58 2388.14 8113.82 8.6461 0.03 368 2319 100.0 28.69 17.1134
25 25 41.9989 0.8406 100.0 445.0 549.29 1347.03 1127.28 3.91 5.71 138.83 2211.66 8306.28 1.02 41.96 130.38 2387.79 8074.82 9.3796 0.02 331 2212 100.0 10.53 6.3995
25 26 10.0068 0.2518 100.0 489.05 604.7 1497.93 1315.47 10.52 15.5 395.01 2318.93 8769.05 1.26 45.24 371.37 2388.09 8115.59 8.6381 0.03 370 2319 100.0 28.57 17.1863
25 27 34.9994 0.8402 100.0 449.44 555.97 1366.2 1129.73 5.48 8.0 194.1 2222.82 8341.61 1.02 41.87 182.94 2387.83 8053.71 9.3209 0.02 334 2223 100.0 14.9 8.9192
25 28 42.0016 0.8403 100.0 445.0 549.35 1352.72 1124.49 3.91 5.72 138.64 2211.71 8312.89 1.02 42.23 130.26 2387.76 8075.21 9.3402 0.02 330 2212 100.0 10.54 6.2734
25 29 0.0018 0.0 100.0 518.67 642.36 1586.23 1405.65 14.62 21.61 553.73 2388.15 9049.24 1.3 47.53 521.19 2388.11 8125.07 8.4594 0.03 393 2388 100.0 38.8 23.3066
25 30 42.0043 0.84 100.0 445.0 549.69 1355.94 1122.61 3.91 5.71 138.01 2211.69 8314.26 1.02 41.85 130.68 2387.76 8065.32 9.3754 0.02 330 2212 100.0 10.61 6.3406
25 31 0.0016 0.0014 100.0 518.67 642.51 1583.95 1408.09 14.62 21.61 553.25 2388.13 9048.42 1.3 47.56 521.92 2388.08 8124.6 8.436 0.03 393 2388 100.0 39.05 23.3291
25 32 42.004 0.8409 100.0 445.0 549.01 1349.68 1125.03 3.91 5.71 138.43 2211.7 8313.98 1.02 41.86 130.53 2387.82 8073.46 9.3838 0.02 330 2212 100.0 10.57 6.3365
25 33 24.9993 0.62 60.0 462.54 536.87 1262.38 1048.65 7.05 9.02 175.93 1915.21 8005.41 0.94 36.88 164.56 2027.99 7869.69 10.8749 0.02 307 1915 84.93 14.41 8.5886
25 34 42.0076 0.84 100.0 445.0 549.14 1345.38 1130.67 3.91 5.71 138.42 2211.7 8315.35 1.02 42.07 130.73 2387.73 8078.62 9.3628 0.02 332 2212 100.0 10.58 6.3639
25 35 24.9989 0.62 60.0 462.54 536.23 1257.82 1049.44 7.05 9.03 175.38 1915.16 8000.07 0.94 36.73 164.73 2027.96 7864.24 10.8885 0.02 306 1915 84.93 14.37 8.5552
25 36 20.0016 0.7003 100.0 491.19 606.54 1482.52 1244.76 9.35 13.65 334.48 2323.87 8712.47 1.08 44.23 314.73 2388.04 8052.81 9.2187 0.02 364 2324 100.0 24.57 14.8076
25 37 10.0063 0.2512 100.0 489.05 604.4 1493.9 1309.2 10.52 15.49 395.13 2318.9 8771.67 1.26 45.34 371.84 2388.16 8116.06 8.6748 0.03 368 2319 100.0 28.62 17.1809
25 38 0.0 0.0 100.0 518.67 642.42 1591.76 1399.67 14.62 21.61 553.95 2388.11 9040.97 1.3 47.46 522.17 2388.08 8131.68 8.4491 0.03 393 2388 100.0 38.93 23.2449
25 39 10.001 0.25 100.0 489.05 604.49 1494.95 1301.64 10.52 15.49 393.99 2318.92 8769.07 1.26 45.55 372.01 2388.11 8124.02 8.6549 0.03 369 2319 100.0 28.51 17.0761
25 40 20.0043 0.7 100.0 491.19 607.42 1483.64 1250.41 9.35 13.65 334.6 2323.9 8720.82 1.08 44.41 315.02 2388.04 8055.05 9.1983 0.02 364 2324 100.0 24.67 14.6768
25 41 20.0003 0.7 100.0 491.19 607.17 1480.69 1251.71 9.35 13.65 334.73 2323.89 8709.88 1.08 44.48 314.93 2388.03 8050.97 9.2386 0.02 364 2324 100.0 24.52 14.6867
25 42 10.008 0.252 100.0 489.05 603.97 1499.92 1311.79 10.52 15.49 394.5 2318.95 8766.74 1.26 45.49 371.88 2388.13 8123.36 8.6507 0.03 369 2319 100.0 28.62 17.1604
25 43 42.0032 0.8417 100.0 445.0 549.44 1351.81 1117.46 3.91 5.72 139.73 2211.71 8317.15 1.02 42.1 130.72 2387.78 8073.4 9.3677 0.02 330 2212 100.0 10.66 6.3074
25 44 10.0022 0.252 100.0 489.05 604.78 1506.77 1308.76 10.52 15.49 395.05 2318.93 8756.26 1.26 45.3 371.27 2388.1 8118.68 8.6762 0.03 368 2319 100.0 28.51 17.2466
25 45 20.0032 0.7 100.0 491.19 607.78 1487.2 1249.72 9.35 13.65 335.46 2323.93 8712.83 1.08 44.4 315.11 2388.01 8050.13 9.2203 0.02 366 2324 100.0 24.29 14.6839
25 46 9.9988 0.25 100.0 489.05 605.42 1500.13 1305.09 10.52 15.49 394.85 2318.89 8767.94 1.26 45.33 371.18 2388.16 8115.37 8.6461 0.03 370 2319 100.0 28.43 17.13
25 47 10.0038 0.2509 100.0 489.05 604.41 1504.71 1308.35 10.52 15.49 395.1 2318.92 8771.39 1.26 45.27 371.17 2388.16 8122.27 8.6202 0.03 370 2319 100.0 28.52 17.1945
25 48 34.9991 0.8417 100.0 449.44 555.1 1359.63 1135.42 5.48 8.0 194.74 2222.74 8336.68 1.02 41.79 183.39 2387.86 8062.94 9.3402 0.02 333 2223 100.0 14.69 8.9587
25 49 42.001 0.84 100.0 445.0 549.29 1352.43 1120.29 3.91 5.71 138.94 2211.62 8308.92 1.02 42.09 130.92 2387.71 8073.13 9.3323 0.02 330 2212 100.0 10.61 6.3294
25 50 0.0018 0.0 100.0 518.67 642.11 1588.63 1408.81 14.62 21.61 554.18 2388.12 9045.89 1.3 47.47 521.34 2388.11 8126.94 8.4157 0.03 396 2388 100.0 38.77 23.3472
25 51 42.005 0.8409 100.0 445.0 549.94 1357.67 1126.73 3.91 5.71 138.43 2211.67 8308.21 1.02 42.07 130.4 2387.81 8072.21 9.3357 0.02 328 2212 100.0 10.66 6.3165
25 52 0.0014 0.0 100.0 518.67 642.19 1586.63 1405.98 14.62 21.61 553.69 2388.1 9046.95 1.3 47.44 521.62 2388.14 8127.89 8.4317 0.03 393 2388 100.0 38.89 23.2415
25 53 20.0055 0.7 100.0 491.19 607.43 1482.95 1259.85 9.35 13.66 334.57 2323.91 8714.03 1.08 44.48 314.65 2388.05 8053.26 9.2439 0.02 365 2324 100.0 24.49 14.7371
25 54 24.9987 0.62 60.0 462.54 536.87 1255.76 1053.06 7.05 9.02 175.05 1915.15 8000.36 0.94 36.82 164.83 2028.11 7871.17 10.8826 0.02 308 1915 84.93 14.28 8.6508
25 55 35.0045 0.8403 100.0 449.44 556.01 1360.37 1124.75 5.48 8.0 194.62 2222.79 8345.14 1.02 41.75 183.13 2387.82 8056.89 9.3296 0.02 335 2223 100.0 14.85 8.9737
25 56 42.0046 0.84 100.0 445.0 549.03 1352.49 1124.95 3.91 5.71 138.53 2211.63 8303.88 1.02 41.86 130.76 2387.79 8071.94 9.3487 0.02 329 2212 100.0 10.58 6.2857
25 57 20.0073 0.7 100.0 491.19 607.79 1481.32 1250.11 9.35 13.66 334.09 2323.87 8712.01 1.08 44.43 314.92 2387.95 8049.18 9.2542 0.02 367 2324 100.0 24.71 14.6342
25 58 42.0055 0.8403 100.0 445.0 549.09 1363.19 1122.78 3.91 5.71 137.86 2211.71 8309.67 1.02 42.05 130.5 2387.74 8075.57 9.3501 0.02 330 2212 100.0 10.64 6.4209
25 59 35.0037 0.84 100.0 449.44 555.99 1366.71 1126.16 5.48 8.0 194.84 2222.75 8342.01 1.02 41.85 182.9 2387.8 8062.93 9.3467 0.02 334 2223 100.0 14.97 8.9901
25 60 41.9984 0.84 100.0 445.0 549.7 1346.89 1124.85 3.91 5.72 138.33 2211.69 8309.86 1.02 42.12 129.74 2387.79 8074.64 9.3376 0.02 330 2212 100.0 10.51 6.4323
25 61 35.0006 0.84 100.0 449.44 555.64 1365.54 1121.32 5.48 8.0 194.68 2222.78 8343.94 1.02 41.9 182.74 2387.8 8060.02 9.3201 0.02 332 2223 100.0 14.7 8.9125
25 62 35.0045 0.8401 100.0 449.44 555.46 1360.93 1133.93 5.48 8.0 194.84 2222.84 8344.86 1.02 42.02 183.17 2387.87 8060.03 9.317 0.02 334 2223 100.0 14.99 8.8266
25 63 42.0038 0.84 100.0 445.0 549.17 1348.95 1122.31 3.91 5.72 139.23 2211.7 8319.04 1.02 41.96 130.78 2387.78 8071.37 9.3548 0.02 331 2212 100.0 10.42 6.4088
25 64 35.0025 0.8413 100.0 449.44 555.25 1359.49 1130.95 5.48 8.0 194.11 2222.79 8334.84 1.02 42.2 182.84 2387.87 8058.73 9.3399 0.02 334 2223 100.0 14.73 8.8544
25 65 25.0059 0.62 60.0 462.54 537.37 1260.11 1048.37 7.05 9.03 176.09 1915.18 8002.59 0.94 36.63 164.54 2028.11 7866.24 10.8909 0.02 308 1915 84.93 14.45 8.5335
25 66 19.9997 0.7 100.0 491.19 607.39 1483.78 1255.46 9.35 13.66 334.26 2323.93 8714.55 1.08 44.32 315.3 2388.07 8054.98 9.24 0.02 364 2324 100.0 24.54 14.6418
25 67 10.0075 0.25 100.0 489.05 604.1 1505.49 1314.03 10.52 15.49 394.69 2318.89 8768.07 1.26 45.37 371.65 2388.15 8126.08 8.6797 0.03 368 2319 100.0 28.51 17.1202
25 68 42.0037 0.8416 100.0 445.0 549.41 1355.15 1127.92 3.91 5.71 138.24 2211.68 8309.04 1.02 42.02 130.4 2387.8 8074.13 9.3654 0.02 330 2212 100.0 10.56 6.2994
25 69 10.0024 0.2513 100.0 489.05 605.15 1499.72 1304.99 10.52 15.49 393.86 2318.93 8769.01 1.26 45.33 371.67 2388.17 8119.72 8.6591 0.03 369 2319 100.0 28.54 17.07
25 70 0.0019 0.0003 100.0 518.67 642.18 1590.65 1408.32 14.62 21.61 553.95 2388.08 9042.9 1.3 47.52 521.73 2388.16 8128.62 8.4358 0.03 392 2388 100.0 38.97 23.4007
25 71 42.0065 0.841 100.0 445.0 549.76 1351.5 1128.98 3.91 5.71 138.55 2211.68 8311.52 1.02 42.18 130.88 2387.78 8071.16 9.3898 0.02 329 2212 100.0 10.68 6.3763
25 72 25.005 0.6219 60.0 462.54 536.77 1262.9 1050.29 7.05 9.03 175.65 1915.18 8003.47 0.94 36.66 164.39 2028.08 7864.84 10.9101 0.02 307 1915 84.93 14.35 8.6502
25 73 41.9999 0.84 100.0 445.0 549.92 1355.99 1125.19 3.91 5.71 138.57 2211.72 8312.59 1.02 41.95 130.36 2387.76 8079.11 9.3776 0.02 331 2212 100.0 10.55 6.4886
25 74 41.9997 0.8407 100.0 445.0 549.98 1346.09 1123.94 3.91 5.71 138.51 2211.73 8313.81 1.02 42.07 130.18 2387.79 8077.48 9.3717 0.02 330 2212 100.0 10.54 6.4248
25 75 20.0074 0.7 100.0 491.19 607.25 1482.19 1249.44 9.35 13.65 334.3 2323.92 8722.35 1.08 44.43 315.19 2388.07 8053.05 9.1932 0.02 366 2324 100.0 24.52 14.7377
25 76 41.9994 0.84 100.0 445.0 549.87 1358.68 1122.11 3.91 5.71 138.5 2211.72 8309.74 1.02 41.99 130.06 2387.79 8075.21 9.3569 0.02 331 2212 100.0 10.62 6.4175
25 77 42.0063 0.8402 100.0 445.0 549.56 1347.37 1125.58 3.91 5.71 138.02 2211.71 8313.76 1.02 42.09 130.15 2387.78 8069.98 9.3727 0.02 330 2212 100.0 10.51 6.286
25 78 0.0018 0.0016 100.0 518.67 642.98 1591.94 1400.46 14.62 21.61 553.84 2388.12 9045.62 1.3 47.36 521.24 2388.05 8126.31 8.4326 0.03 394 2388 100.0 38.93 23.2387
25 79 35.0032 0.8411 100.0 449.44 556.31 1361.73 1133.72 5.48 8.0 194.35 2222.8 8346.09 1.02 41.92 182.62 2387.89 8060.1 9.3414 0.02 333 2223 100.0 14.75 9.0113
25 80 25.0008 0.6201 60.0 462.54 536.75 1265.01 1046.4 7.05 9.03 176.12 1915.21 8002.49 0.94 36.65 164.61 2028.11 7869.46 10.9262 0.02 307 1915 84.93 14.14 8.6068
25 81 10.0075 0.25 100.0 489.05 604.67 1497.1 1307.48 10.52 15.5 393.66 2318.97 8766.98 1.26 45.46 371.76 2388.13 8118.88 8.6596 0.03 370 2319 100.0 28.66 17.1976
25 82 0.0015 0.0 100.0 518.67 642.46 1587.35 1407.42 14.62 21.61 553.86 2388.15 9045.88 1.3 47.3 521.37 2388.13 8127.02 8.4255 0.03 392 2388 100.0 38.85 23.3836
25 83 20.0038 0.7 100.0 491.19 607.18 1477.65 1254.98 9.35 13.66 334.42 2323.91 8716.32 1.08 44.35 314.85 2388.08 8051.9 9.2457 0.02 364 2324 100.0 24.5 14.7131
25 84 35.0066 0.84 100.0 449.44 556.18 1361.52 1125.33 5.48 8.0 194.24 2222.84 8341.18 1.02 41.9 183.45 2387.88 8064.4 9.3265 0.02 335 2223 100.0 14.7 8.859
25 85 10.0024 0.2519 100.0 489.05 604.89 1509.0 1308.48 10.52 15.5 394.51 2318.95 8772.25 1.26 45.53 371.84 2388.15 8118.81 8.6675 0.03 368 2319 100.0 28.64 17.1306
25 86 9.999 0.252 100.0 489.05 604.64 1501.4 1305.31 10.52 15.49 395.35 2318.93 8771.62 1.26 45.5 371.39 2388.09 8121.78 8.6892 0.03 369 2319 100.0 28.74 17.0578
25 87 9.999 0.2506 100.0 489.05 604.7 1503.08 1309.21 10.52 15.49 394.12 2318.96 8765.96 1.26 45.46 371.37 2388.12 8120.91 8.6932 0.03 368 2319 100.0 28.68 17.0462
25 88 42.0057 0.8417 100.0 445.0 550.07 1352.18 1126.27 3.91 5.72 139.09 2211.72 8319.44 1.02 41.97 130.85 2387.84 8077.02 9.3774 0.02 332 2212 100.0 10.61 6.2389
25 89 10.0072 0.2519 100.0 489.05 604.83 1491.75 1306.4 10.52 15.49 393.85 2318.9 8764.15 1.26 45.38 371.73 2388.11 8118.93 8.6372 0.03 370 2319 100.0 28.57 17.1739
25 90 10.0075 0.2511 100.0 489.05 604.6 1498.8 1313.46 10.52 15.49 394.29 2318.94 8770.98 1.26 45.31 371.37 2388.15 8123.12 8.634 0.03 370 2319 100.0 28.66 17.1401
25 91 35.0018 0.84 100.0 449.44 555.41 1363.91 1128.95 5.48 8.0 194.14 2222.79 8346.31 1.02 41.95 183.3 2387.86 8054.46 9.2868 0.02 334 2223 100.0 14.72 8.8916
25 92 35.0054 0.84 100.0 449.44 555.56 1361.81 1130.07 5.48 8.0 194.51 2222.76 8345.77 1.02 41.87 182.68 2387.9 8063.55 9.3206 0.02 333 2223 100.0 14.86 8.9044
25 93 42.0005 0.8409 100.0 445.0 549.94 1351.33 1123.54 3.91 5.71 138.93 2211.75 8312.26 1.02 42.09 130.41 2387.78 8078.97 9.3793 0.02 331 2212 100.0 10.5 6.2895
25 94 10.0004 0.25 100.0 489.05 605.36 1506.48 1303.8 10.52 15.49 393.83 2318.97 8770.0 1.26 45.47 371.88 2388.15 8119.99 8.6752 0.03 368 2319 100.0 28.42 17.2041
25 95 42.001 0.84 100.0 445.0 549.75 1360.9 1128.68 3.91 5.72 138.6 2211.73 8312.64 1.02 42.19 130.77 2387.8 8075.94 9.3314 0.02 330 2212 100.0 10.64 6.4584
25 96 10.0038 0.2505 100.0 489.05 604.23 1498.3 1311.65 10.52 15.5 394.3 2318.94 8765.89 1.26 45.43 371.15 2388.21 8121.8 8.6311 0.03 371 2319 100.0 28.66 17.2132
25 97 42.0055 0.84 100.0 445.0 549.57 1350.93 1130.33 3.91 5.71 138.59 2211.71 8316.23 1.02 42.33 130.77 2387.71 8075.68 9.3921 0.02 329 2212 100.0 10.67 6.5109
25 98 41.9993 0.84 100.0 445.0 549.8 1354.76 1125.06 3.91 5.71 138.2 2211.67 8316.34 1.02 42.1 130.85 2387.76 8078.71 9.4035 0.02 330 2212 100.0 10.69 6.3972
25 99 42.0074 0.84 100.0 445.0 549.81 1353.5 1123.65 3.91 5.71 138.33 2211.76 8318.12 1.02 42.0 130.46 2387.83 8074.77 9.3334 0.02 331 2212 100.0 10.43 6.3668
25 100 20.003 0.7013 100.0 491.19 607.79 1490.81 1257.41 9.35 13.66 334.33 2323.9 8706.4 1.08 44.46 314.22 2388.04 8052.08 9.2178 0.02 367 2324 100.0 24.45 14.7316
25 101 25.0073 0.62 60.0 462.54 537.22 1262.34 1046.17 7.05 9.02 175.79 1915.17 8008.34 0.94 36.8 164.63 2028.05 7867.61 10.9223 0.02 307 1915 84.93 14.36 8.5855
25 102 25.0048 0.6201 60.0 462.54 536.41 1258.88 1050.58 7.05 9.02 175.56 1915.25 8015.86 0.94 36.88 165.23 2028.1 7862.35 10.9104 0.02 305 1915 84.93 14.13 8.6383
25 103 25.0057 0.62 60.0 462.54 536.79 1261.73 1045.92 7.05 9.03 176.38 1915.22 8002.94 0.94 36.7 164.41 2028.09 7872.4 10.8845 0.02 307 1915 84.93 14.27 8.5133
25 104 0.0027 0.0009 100.0 518.67 642.64 1584.05 1407.35 14.62 21.61 553.09 2388.18 9045.24 1.3 47.77 521.04 2388.15 8126.93 8.4101 0.03 394 2388 100.0 38.71 23.3772
25 105 0.0 0.0019 100.0 518.67 642.43 1581.87 1408.22 14.62 21.61 553.95 2388.1 9043.16 1.3 47.41 521.0 2388.15 8126.5 8.3928 0.03 394 2388 100.0 38.83 23.2689
25 106 24.9992 0.62 60.0 462.54 536.37 1258.78 1053.66 7.05 9.03 175.74 1915.19 8005.25 0.94 36.92 164.73 2028.1 7869.68 10.9099 0.02 308 1915 84.93 14.2 8.5861
25 107 20.001 0.7 100.0 491.19 607.85 1492.94 1252.3 9.35 13.65 334.37 2324.05 8720.68 1.08 44.47 314.82 2388.05 8049.97 9.2595 0.02 367 2324 100.0 24.41 14.7496
25 108 34.9984 0.84 100.0 449.44 555.56 1361.08 1127.77 5.48 8.0 194.59 2222.79 8345.84 1.02 42.0 182.98 2387.92 8058.27 9.3127 0.02 333 2223 100.0 14.81 8.859
25 109 25.0065 0.6202 60.0 462.54 536.62 1262.85 1051.83 7.05 9.02 175.98 1915.21 8007.53 0.94 36.77 164.72 2028.08 7867.47 10.9269 0.02 308 1915 84.93 14.25 8.5429
25 110 0.0012 0.0006 100.0 518.67 642.41 1595.12 1409.18 14.62 21.61 554.04 2388.14 9050.33 1.3 47.52 521.12 2388.15 8125.59 8.4101 0.03 393 2388 100.0 38.83 23.219
25 111 42.0072 0.8403 100.0 445.0 549.06 1350.22 1132.51 3.91 5.72 138.68 2211.7 8310.04 1.02 42.05 130.1 2387.79 8075.8 9.3717 0.02 330 2212 100.0 10.47 6.3139
25 112 20.0015 0.7017 100.0 491.19 607.45 1481.67 1254.52 9.35 13.65 333.26 2323.98 8715.51 1.07 44.42 314.89 2388.1 8050.9 9.2632 0.02 365 2324 100.0 24.31 14.7179
25 113 42.006 0.84 100.0 445.0 549.91 1352.47 1121.05 3.91 5.72 138.73 2211.59 8307.07 1.02 42.26 129.93 2387.77 8072.29 9.3677 0.02 331 2212 100.0 10.59 6.332
25 114 25.0016 0.62 60.0 462.54 536.98 1263.38 1052.17 7.05 9.02 175.35 1915.22 8006.42 0.94 36.77 164.31 2028.1 7876.55 10.9148 0.02 308 1915 84.93 14.31 8.5831
25 115 35.006 0.84 100.0 449.44 555.77 1373.18 1136.18 5.48 8.0 194.77 2222.78 8339.73 1.02 42.21 182.76 2387.84 8055.56 9.3457 0.02 334 2223 100.0 14.74 8.8546
25 116 25.0073 0.622 60.0 462.54 536.38 1262.88 1052.39 7.05 9.02 175.64 1915.12 7999.69 0.94 36.72 164.89 2028.09 7864.18 10.8956 0.02 308 1915 84.93 14.37 8.5694
25 117 20.0031 0.7 100.0 491.19 608.25 1479.58 1251.61 9.35 13.66 334.14 2324.0 8717.96 1.08 44.42 314.64 2388.12 8055.76 9.2225 0.02 367 2324 100.0 24.51 14.5892
25 118 10.0041 0.25 100.0 489.05 605.24 1500.41 1311.99 10.52 15.49 394.4 2318.94 8770.78 1.26 45.61 371.26 2388.2 8124.61 8.6514 0.03 371 2319 100.0 28.34 17.1347
25 119 19.9997 0.7 100.0 491.19 607.42 1484.81 1256.81 9.35 13.66 334.3 2324.01 8714.36 1.08 44.69 315.06 2388.07 8057.64 9.2471 0.02 366 2324 100.0 24.58 14.7042
25 120 20.0011 0.7 100.0 491.19 607.44 1488.08 1252.59 9.35 13.66 333.83 2323.98 8717.64 1.08 44.68 314.83 2388.08 8056.0 9.2293 0.02 364 2324 100.0 24.43 14.6961
25 121 10.0006 0.25 100.0 489.05 605.11 1498.79 1316.18 10.52 15.49 394.69 2319.01 8768.6 1.26 45.53 372.09 2388.25 8124.04 8.699 0.03 370 2319 100.0 28.55 17.1061
25 122 10.0037 0.25 100.0 489.05 605.11 1501.29 1319.48 10.52 15.49 394.45 2319.0 8771.0 1.26 45.41 371.55 2388.16 8126.4 8.6294 0.03 369 2319 100.0 28.37 17.0822
25 123 25.0067 0.62 60.0 462.54 537.4 1266.59 1051.64 7.05 9.02 175.29 1915.2 8007.38 0.94 36.81 164.64 2028.08 7870.27 10.8891 0.02 309 1915 84.93 14.24 8.4968
25 124 42.0044 0.8413 100.0 445.0 549.2 1359.06 1130.29 3.91 5.72 138.2 2211.72 8306.67 1.02 42.07 130.52 2387.8 8081.59 9.3805 0.02 331 2212 100.0 10.59 6.4111
25 125 42.0029 0.8416 100.0 445.0 549.47 1355.01 1130.37 3.91 5.71 138.53 2211.73 8314.43 1.02 42.27 129.94 2387.75 8073.28 9.3979 0.02 330 2212 100.0 10.66 6.3157
25 126 9.9994 0.25 100.0 489.05 605.49 1506.28 1313.85 10.52 15.49 393.7 2318.99 8775.97 1.26 45.64 371.83 2388.18 8125.91 8.6264 0.03 371 2319 100.0 28.62 17.0267
25 127 35.0013 0.8403 100.0 449.44 556.03 1370.12 1122.35 5.48 8.0 194.49 2222.82 8345.2 1.02 42.08 183.14 2387.91 8059.25 9.3445 0.02 334 2223 100.0 14.87 8.8483
25 128 42.0005 0.84 100.0 445.0 549.73 1352.23 1126.71 3.91 5.71 138.5 2211.74 8313.18 1.02 42.0 130.38 2387.78 8081.4 9.4326 0.02 332 2212 100.0 10.54 6.4079
25 129 19.9998 0.7006 100.0 491.19 607.78 1488.66 1250.32 9.35 13.66 334.07 2324.0 8709.98 1.08 44.63 314.55 2388.11 8052.51 9.2171 0.03 367 2324 100.0 24.59 14.6853
25 130 25.0039 0.6214 60.0 462.54 536.67 1270.82 1054.47 7.05 9.03 175.16 1915.2 8011.96 0.94 37.02 164.75 2028.1 7871.74 10.9431 0.02 308 1915 84.93 14.24 8.566
25 131 20.0028 0.7014 100.0 491.19 607.68 1487.46 1253.12 9.35 13.66 334.35 2323.97 8719.54 1.08 44.55 313.99 2388.18 8053.09 9.1957 0.03 365 2324 100.0 24.51 14.7015
25 132 20.006 0.7 100.0 491.19 607.9 1486.11 1250.99 9.35 13.66 333.98 2323.94 8718.03 1.08 44.54 314.73 2388.12 8055.14 9.2103 0.02 365 2324 100.0 24.39 14.7585
25 133 25.0023 0.6206 60.0 462.54 537.16 1263.95 1050.1 7.05 9.03 174.95 1915.21 8011.43 0.94 36.75 165.04 2028.06 7868.92 10.9268 0.02 307 1915 84.93 14.33 8.5417
25 134 10.0018 0.25 100.0 489.05 605.36 1506.14 1309.36 10.52 15.5 393.72 2319.02 8782.24 1.26 45.57 371.56 2388.19 8124.13 8.6758 0.03 368 2319 100.0 28.66 17.1604
25 135 42.0006 0.8404 100.0 445.0 549.85 1356.57 1131.55 3.91 5.72 138.56 2211.77 8313.3 1.02 42.22 130.41 2387.81 8080.54 9.3882 0.02 331 2212 100.0 10.7 6.3664
25 136 35.0004 0.84 100.0 449.44 556.32 1379.36 1139.88 5.48 8.0 194.34 2222.79 8339.37 1.02 42.14 183.06 2387.94 8064.1 9.3216 0.02 336 2223 100.0 14.73 8.8136
25 137 42.0037 0.84 100.0 445.0 549.7 1354.99 1127.19 3.91 5.71 138.19 2211.72 8314.66 1.02 42.36 130.79 2387.77 8076.55 9.4064 0.02 329 2212 100.0 10.65 6.3808
25 138 0.0011 0.001 100.0 518.67 642.77 1592.94 1414.49 14.62 21.61 553.31 2388.14 9053.11 1.3 47.61 521.14 2388.18 8130.87 8.4812 0.03 393 2388 100.0 38.64 23.2598
25 139 42.0018 0.84 100.0 445.0 549.83 1354.58 1129.16 3.91 5.72 138.41 2211.74 8314.47 1.02 42.26 130.3 2387.78 8076.84 9.3802 0.02 332 2212 100.0 10.62 6.318
25 140 0.0029 0.0009 100.0 518.67 643.1 1590.52 1415.92 14.62 21.61 553.76 2388.21 9048.53 1.3 47.56 521.16 2388.16 8134.77 8.4379 0.03 393 2388 100.0 38.67 23.2563
25 141 10.0023 0.2516 100.0 489.05 604.53 1504.53 1321.68 10.52 15.5 394.39 2319.01 8773.44 1.26 45.73 371.06 2388.22 8125.75 8.7064 0.03 371 2319 100.0 28.36 17.0384
25 142 0.0018 0.001 100.0 518.67 642.89 1596.15 1413.58 14.62 21.61 553.84 2388.19 9047.93 1.3 47.48 521.29 2388.17 8136.27 8.435 0.03 394 2388 100.0 38.85 23.2713
25 143 25.0037 0.6205 60.0 462.54 536.88 1264.86 1052.7 7.05 9.03 175.69 1915.25 8005.45 0.94 36.85 164.9 2028.16 7872.07 10.9655 0.02 307 1915 84.93 14.14 8.4889
25 144 20.0025 0.7003 100.0 491.19 608.0 1482.5 1267.74 9.35 13.65 334.07 2323.98 8719.86 1.07 44.59 314.3 2388.12 8055.4 9.2743 0.02 367 2324 100.0 24.5 14.6403
25 145 35.0 0.8402 100.0 449.44 556.2 1370.97 1134.03 5.48 8.0 194.21 2222.84 8341.97 1.02 42.12 182.6 2387.93 8066.19 9.3702 0.02 334 2223 100.0 14.81 8.9312
25 146 0.0 0.0006 100.0 518.67 642.81 1584.38 1416.7 14.62 21.61 552.6 2388.16 9046.96 1.3 47.84 520.71 2388.17 8125.06 8.4679 0.03 395 2388 100.0 38.61 23.2838
25 147 42.0074 0.84 100.0 445.0 549.83 1360.52 1131.01 3.91 5.72 138.4 2211.77 8316.52 1.02 42.26 130.67 2387.77 8079.45 9.4205 0.02 331 2212 100.0 10.68 6.3148
25 148 0.0019 0.0018 100.0 518.67 642.76 1591.45 1412.34 14.62 21.61 552.29 2388.15 9053.38 1.3 47.72 520.91 2388.17 8130.84 8.4853 0.03 393 2388 100.0 38.81 23.2396
25 149 0.0019 0.0014 100.0 518.67 642.75 1601.22 1412.24 14.62 21.61 553.29 2388.19 9048.83 1.3 47.79 520.62 2388.2 8126.58 8.471 0.03 395 2388 100.0 38.76 23.2474
25 150 25.0063 0.6206 60.0 462.54 536.87 1268.45 1052.77 7.05 9.03 175.28 1915.25 8007.4 0.94 37.04 164.59 2028.14 7871.23 10.9479 0.02 307 1915 84.93 14.39 8.4231
25 151 0.0028 0.0 100.0 518.67 643.18 1589.41 1422.87 14.62 21.61 552.52 2388.19 9055.39 1.3 47.69 520.27 2388.15 8132.42 8.4804 0.03 392 2388 100.0 38.81 23.3238
25 152 19.9982 0.7013 100.0 491.19 608.4 1489.02 1254.57 9.35 13.66 334.32 2323.96 8730.65 1.08 44.6 314.78 2388.09 8055.26 9.2558 0.02 365 2324 100.0 24.48 14.5422
25 153 41.9998 0.84 100.0 445.0 549.7 1358.32 1126.59 3.91 5.72 139.31 2211.76 8318.15 1.02 42.37 130.4 2387.81 8074.21 9.3918 0.02 332 2212 100.0 10.46 6.3493
25 154 42.001 0.84 100.0 445.0 550.53 1356.2 1129.33 3.91 5.72 138.34 2211.71 8318.63 1.02 42.26 130.27 2387.77 8078.54 9.3629 0.02 331 2212 100.0 10.41 6.2948
25 155 20.0059 0.7 100.0 491.19 607.87 1492.98 1264.13 9.35 13.66 334.0 2323.99 8723.34 1.07 44.73 314.49 2388.18 8058.16 9.2716 0.03 365 2324 100.0 24.42 14.6036
25 156 42.002 0.8403 100.0 445.0 550.02 1357.47 1137.58 3.91 5.72 138.67 2211.69 8319.26 1.02 42.28 130.29 2387.89 8078.81 9.4123 0.02 331 2212 100.0 10.46 6.3537
25 157 24.9994 0.62 60.0 462.54 537.09 1270.31 1061.46 7.05 9.03 175.5 1915.26 8010.38 0.94 36.97 164.63 2028.16 7874.3 10.9605 0.02 308 1915 84.93 14.29 8.4862
25 158 42.0051 0.84 100.0 445.0 549.65 1352.77 1126.2 3.91 5.72 138.75 2211.79 8322.47 1.02 42.3 130.48 2387.83 8078.25 9.3825 0.02 332 2212 100.0 10.58 6.3247
25 159 41.9986 0.8406 100.0 445.0 550.11 1358.36 1130.11 3.91 5.72 138.81 2211.74 8321.24 1.02 42.1 130.65 2387.8 8075.87 9.4101 0.02 331 2212 100.0 10.48 6.2389
25 160 20.0076 0.7011 100.0 491.19 607.48 1483.58 1257.19 9.35 13.66 334.56 2324.05 8725.44 1.08 44.57 314.32 2388.17 8047.96 9.272 0.03 366 2324 100.0 24.38 14.6597
25 161 0.0004 0.0 100.0 518.67 642.77 1584.79 1411.59 14.62 21.61 551.99 2388.18 9050.21 1.3 47.9 520.74 2388.13 8132.33 8.4697 0.03 394 2388 100.0 38.67 23.2012
25 162 25.0071 0.62 60.0 462.54 537.0 1259.65 1050.88 7.05 9.03 175.05 1915.2 8006.34 0.94 36.95 164.97 2028.1 7874.5 10.9241 0.02 308 1915 84.93 14.24 8.5555
25 163 20.0061 0.7 100.0 491.19 607.84 1494.52 1259.8 9.35 13.66 334.22 2324.02 8727.18 1.08 44.67 314.56 2388.18 8052.46 9.2584 0.02 367 2324 100.0 24.45 14.5902
25 164 19.9983 0.7 100.0 491.19 607.97 1492.18 1259.56 9.35 13.66 333.81 2324.03 8727.22 1.08 44.56 314.4 2388.11 8056.48 9.3146 0.02 366 2324 100.0 24.42 14.6941
25 165 42.0044 0.8404 100.0 445.0 550.42 1356.98 1136.39 3.91 5.72 138.14 2211.78 8314.71 1.02 42.29 130.21 2387.8 8081.82 9.4153 0.02 331 2212 100.0 10.61 6.2988
25 166 35.005 0.8405 100.0 449.44 556.27 1368.46 1136.87 5.48 8.0 194.34 2222.88 8345.15 1.02 42.28 182.24 2387.99 8059.56 9.3516 0.02 338 2223 100.0 14.82 8.9377
25 167 35.0061 0.84 100.0 449.44 556.06 1376.31 1135.77 5.48 8.0 194.25 2222.89 8350.23 1.02 42.12 182.64 2388.03 8063.07 9.3671 0.02 335 2223 100.0 14.8 8.8582
25 168 20.0065 0.7012 100.0 491.19 607.74 1495.25 1257.77 9.35 13.66 334.01 2324.0 8728.17 1.08 44.56 314.55 2388.13 8056.93 9.2495 0.03 366 2324 100.0 24.4 14.5811
25 169 41.998 0.8403 100.0 445.0 550.11 1359.73 1138.84 3.91 5.71 138.21 2211.76 8314.55 1.02 42.45 130.69 2387.79 8082.62 9.41 0.02 332 2212 100.0 10.44 6.3843
25 170 35.0017 0.84 100.0 449.44 556.75 1372.14 1135.82 5.48 8.0 194.1 2222.91 8357.16 1.02 42.33 183.16 2387.98 8065.17 9.3495 0.02 336 2223 100.0 14.76 8.8935
25 171 34.9994 0.84 100.0 449.44 556.4 1360.84 1140.02 5.48 8.0 193.47 2222.9 8352.99 1.02 42.22 182.45 2387.99 8061.04 9.3837 0.02 334 2223 100.0 14.75 8.8759
25 172 20.002 0.7 100.0 491.19 608.0 1493.69 1260.56 9.35 13.66 333.48 2324.08 8722.43 1.07 44.71 314.87 2388.18 8057.28 9.3068 0.03 367 2324 100.0 24.33 14.5547
25 173 20.0059 0.7 100.0 491.19 608.22 1490.43 1255.7 9.35 13.66 334.02 2324.08 8727.85 1.08 44.72 314.53 2388.24 8059.56 9.2521 0.03 368 2324 100.0 24.34 14.5669
25 174 42.0062 0.8416 100.0 445.0 549.93 1362.48 1142.52 3.91 5.72 138.57 2211.84 8319.48 1.02 42.39 130.72 2387.84 8083.3 9.3893 0.02 331 2212 100.0 10.66 6.3261
25 175 25.006 0.62 60.0 462.54 537.32 1261.0 1053.96 7.05 9.03 175.11 1915.27 8004.35 0.94 36.98 164.22 2028.21 7870.95 11.0026 0.02 309 1915 84.93 14.07 8.5421
25 176 35.0019 0.84 100.0 449.44 556.14 1369.4 1139.82 5.48 8.0 193.85 2222.95 8350.98 1.02 42.34 182.92 2387.99 8064.74 9.3721 0.02 335 2223 100.0 14.86 8.7402
25 177 42.0068 0.8412 100.0 445.0 550.54 1358.86 1133.17 3.91 5.72 138.5 2211.8 8320.57 1.02 42.46 130.26 2387.87 8081.0 9.4247 0.02 332 2212 100.0 10.4 6.2327
25 178 25.0066 0.6217 60.0 462.54 537.46 1268.65 1055.64 7.05 9.03 175.59 1915.24 8011.58 0.94 36.94 164.13 2028.14 7874.95 10.9473 0.02 309 1915 84.93 14.19 8.5585
25 179 0.0004 0.0 100.0 518.67 643.3 1592.83 1420.96 14.62 21.61 551.86 2388.23 9068.17 1.3 47.96 520.42 2388.22 8128.13 8.493 0.03 394 2388 100.0 38.62 23.1848
25 180 42.0022 0.84 100.0 445.0 550.39 1351.37 1138.79 3.91 5.71 138.24 2211.71 8317.85 1.02 42.59 129.98 2387.8 8082.05 9.4651 0.02 333 2212 100.0 10.56 6.3168
25 181 42.0038 0.8416 100.0 445.0 550.35 1364.89 1136.48 3.91 5.72 138.72 2211.73 8320.01 1.02 42.62 129.9 2387.85 8083.33 9.4146 0.02 333 2212 100.0 10.52 6.4367
25 182 35.0051 0.84 100.0 449.44 556.73 1373.53 1141.4 5.48 8.0 193.79 2222.91 8351.0 1.02 42.34 182.35 2388.08 8065.54 9.3765 0.02 336 2223 100.0 14.94 8.8215
25 183 10.007 0.25 100.0 489.05 605.84 1509.92 1319.03 10.52 15.5 393.66 2319.13 8789.71 1.26 45.81 371.24 2388.31 8129.66 8.7113 0.03 372 2319 100.0 28.46 16.9737
25 184 10.0059 0.2507 100.0 489.05 605.43 1510.55 1328.24 10.52 15.5 393.19 2319.13 8778.55 1.26 45.93 370.28 2388.31 8121.9 8.7308 0.03 372 2319 100.0 28.61 17.045
25 185 25.0013 0.62 60.0 462.54 537.26 1264.08 1057.1 7.05 9.03 175.5 1915.26 8013.53 0.94 37.12 164.28 2028.19 7871.9 10.965 0.02 309 1915 84.93 14.17 8.5318
25 186 35.0062 0.8419 100.0 449.44 556.45 1361.4 1144.53 5.48 8.0 193.92 2222.97 8353.06 1.02 42.38 182.4 2387.99 8060.92 9.4161 0.02 335 2223 100.0 14.94 8.8292
25 187 25.0069 0.6211 60.0 462.54 536.74 1271.78 1058.91 7.05 9.03 174.94 1915.32 8018.11 0.94 37.27 164.25 2028.19 7877.42 10.9787 0.02 308 1915 84.93 14.14 8.4302
25 188 0.0009 0.0002 100.0 518.67 643.58 1593.65 1426.37 14.62 21.61 551.96 2388.22 9055.23 1.3 47.85 519.95 2388.23 8131.76 8.4974 0.03 395 2388 100.0 38.72 23.1479
25 189 25.0037 0.62 60.0 462.54 537.3 1263.6 1063.98 7.05 9.03 175.55 1915.24 8005.88 0.94 37.19 163.94 2028.17 7865.89 10.9941 0.02 308 1915 84.93 14.14 8.5851
25 190 25.0039 0.62 60.0 462.54 537.49 1270.75 1057.3 7.05 9.03 174.9 1915.31 8015.37 0.94 37.22 164.43 2028.17 7870.98 10.9948 0.02 309 1915 84.93 14.26 8.5957
25 191 35.0027 0.84 100.0 449.44 556.56 1376.3 1139.43 5.48 8.0 194.28 2222.92 8350.54 1.02 42.25 182.54 2388.05 8068.26 9.4169 0.02 334 2223 100.0 14.74 8.8452
25 192 25.0033 0.62 60.0 462.54 537.12 1267.67 1063.44 7.05 9.03 174.79 1915.33 8008.09 0.94 37.17 164.23 2028.19 7880.44 10.9632 0.02 310 1915 84.93 14.27 8.5232
25 193 10.0027 0.2509 100.0 489.05 605.49 1507.58 1323.42 10.52 15.5 393.08 2319.17 8782.61 1.26 45.83 370.42 2388.36 8128.8 8.806 0.03 370 2319 100.0 28.22 17.0467
25 194 10.0052 0.2518 100.0 489.05 606.25 1511.85 1324.14 10.52 15.5 393.41 2319.1 8781.32 1.26 45.85 370.46 2388.37 8130.35 8.7273 0.03 372 2319 100.0 28.24 16.9821
25 195 20.0036 0.7 100.0 491.19 608.15 1494.06 1274.77 9.35 13.66 333.68 2324.14 8728.25 1.07 44.96 313.42 2388.28 8060.78 9.3459 0.03 368 2324 100.0 24.35 14.5117
25 196 20.0042 0.7015 100.0 491.19 607.99 1496.34 1272.55 9.35 13.66 333.46 2324.17 8729.16 1.08 44.93 313.91 2388.29 8065.79 9.3565 0.03 368 2324 100.0 24.37 14.5042
25 197 35.0048 0.84 100.0 449.44 556.63 1381.31 1145.88 5.48 8.0 193.67 2223.03 8356.78 1.02 42.48 182.19 2388.12 8071.73 9.416 0.02 336 2223 100.0 14.6 8.8443
25 198 0.0018 0.0 100.0 518.67 643.65 1604.96 1427.67 14.62 21.61 552.33 2388.24 9061.78 1.3 47.94 520.01 2388.21 8135.97 8.4561 0.03 395 2388 100.0 38.45 23.0831
25 199 25.0062 0.62 60.0 462.54 537.17 1268.07 1059.64 7.05 9.03 175.38 1915.32 8020.13 0.94 37.27 164.19 2028.25 7879.75 11.0306 0.02 309 1915 84.93 14.19 8.3822
25 200 42.0072 0.84 100.0 445.0 550.75 1359.47 1145.83 3.91 5.72 137.22 2211.77 8323.12 1.02 42.63 130.75 2387.81 8082.93 9.4792 0.02 332 2212 100.0 10.42 6.2051
25 201 42.0045 0.84 100.0 445.0 550.71 1365.91 1143.46 3.91 5.72 138.23 2211.75 8325.72 1.02 42.52 130.25 2387.81 8076.37 9.4547 0.02 334 2212 100.0 10.49 6.2527
25 202 25.006 0.6211 60.0 462.54 537.46 1274.18 1064.23 7.05 9.03 174.77 1915.3 8019.8 0.94 37.14 164.37 2028.2 7881.87 11.0042 0.02 309 1915 84.93 14.17 8.4869
25 203 35.0043 0.8401 100.0 449.44 556.45 1377.19 1148.47 5.48 8.0 193.6 2222.95 8351.98 1.02 42.62 182.19 2388.05 8064.42 9.4389 0.02 337 2223 100.0 14.88 8.8235
25 204 9.9992 0.25 100.0 489.05 605.28 1512.74 1333.23 10.52 15.5 393.8 2319.16 8786.31 1.26 46.04 370.07 2388.37 8134.99 8.7969 0.03 374 2319 100.0 28.18 16.9742
25 205 10.0059 0.2513 100.0 489.05 605.96 1507.75 1324.06 10.52 15.5 392.64 2319.26 8789.87 1.26 46.08 369.94 2388.38 8129.19 8.7758 0.03 374 2319 100.0 28.43 16.9631
82 1 42.0003 0.84 100.0 445.0 549.72 1357.78 1135.34 3.91 5.72 138.05 2211.85 8318.83 1.02 42.27 130.92 2387.94 8084.14 9.422 0.02 331 2212 100.0 10.62 6.3244
82 2 0.0019 0.0004 100.0 518.67 642.52 1585.08 1402.78 14.62 21.61 552.82 2388.1 9056.94 1.3 47.59 520.9 2388.08 8137.17 8.451 0.03 393 2388 100.0 38.83 23.2383
82 3 25.0068 0.62 60.0 462.54 536.95 1263.91 1050.72 7.05 9.02 175.89 1915.35 8016.0 0.94 36.82 164.28 2028.28 7875.57 10.9174 0.02 308 1915 84.93 14.21 8.6132
82 4 41.9985 0.8417 100.0 445.0 549.68 1346.09 1132.75 3.91 5.72 139.37 2211.75 8315.31 1.02 42.06 130.43 2387.89 8085.98 9.3477 0.02 333 2212 100.0 10.7 6.3822
82 5 35.0048 0.84 100.0 449.44 556.63 1367.94 1127.96 5.48 8.0 193.94 2223.0 8347.47 1.02 42.12 182.96 2388.11 8066.37 9.3487 0.02 335 2223 100.0 14.72 8.881
82 6 0.0002 0.0005 100.0 518.67 642.53 1589.47 1413.76 14.62 21.61 552.45 2388.17 9058.28 1.3 47.67 520.95 2388.13 8135.4 8.4415 0.03 392 2388 100.0 38.69 23.2577
82 7 42.0068 0.8402 100.0 445.0 549.96 1353.42 1127.69 3.91 5.72 138.84 2211.88 8318.0 1.02 42.09 130.39 2387.91 8085.73 9.3897 0.02 332 2212 100.0 10.5 6.4286
82 8 0.0006 0.0006 100.0 518.67 642.8 1592.62 1416.82 14.62 21.61 552.8 2388.11 9055.38 1.3 47.72 520.91 2388.11 8139.16 8.4176 0.03 393 2388 100.0 38.75 23.2761
82 9 25.0014 0.62 60.0 462.54 536.79 1261.74 1055.59 7.05 9.03 175.14 1915.28 8011.99 0.94 36.73 164.51 2028.19 7871.45 10.9208 0.02 308 1915 84.93 14.25 8.5194
82 10 42.0054 0.84 100.0 445.0 550.42 1350.36 1131.27 3.91 5.72 138.42 2211.93 8321.12 1.02 42.28 130.41 2387.93 8084.19 9.3792 0.02 330 2212 100.0 10.65 6.2609
82 11 42.002 0.84 100.0 445.0 550.28 1353.85 1127.28 3.91 5.72 138.61 2211.88 8320.6 1.02 42.13 131.0 2387.95 8080.73 9.3986 0.02 333 2212 100.0 10.5 6.2857
82 12 10.001 0.25 100.0 489.05 605.04 1506.45 1313.17 10.52 15.49 393.84 2318.97 8770.03 1.26 45.33 371.54 2388.2 8129.16 8.6774 0.03 370 2319 100.0 28.42 17.1672
82 13 25.0026 0.6216 60.0 462.54 537.22 1267.73 1044.19 7.05 9.03 175.78 1915.32 8015.42 0.94 36.72 164.08 2028.18 7877.15 10.9398 0.02 308 1915 84.93 14.12 8.6213
82 14 0.0005 0.0007 100.0 518.67 642.7 1595.83 1410.91 14.62 21.61 553.01 2388.16 9065.83 1.3 47.61 520.45 2388.11 8140.46 8.4473 0.03 394 2388 100.0 38.74 23.3279
82 15 10.0003 0.2515 100.0 489.05 605.07 1502.13 1315.42 10.52 15.5 393.92 2318.99 8778.67 1.26 45.46 371.5 2388.21 8129.3 8.7015 0.03 370 2319 100.0 28.5 17.1251
82 16 42.0027 0.8417 100.0 445.0 549.74 1360.59 1127.17 3.91 5.72 138.77 2211.88 8328.54 1.02 42.27 130.59 2387.97 8086.37 9.3618 0.02 332 2212 100.0 10.39 6.2646
82 17 42.0002 0.84 100.0 445.0 549.55 1351.04 1130.05 3.91 5.72 139.15 2211.84 8317.59 1.02 42.15 130.01 2387.95 8077.7 9.3816 0.02 333 2212 100.0 10.59 6.3417
82 18 25.0068 0.62 60.0 462.54 537.28 1266.52 1045.28 7.05 9.03 175.27 1915.35 8016.05 0.94 36.96 164.69 2028.29 7877.72 10.8962 0.02 307 1915 84.93 14.26 8.4885
82 19 10.0017 0.25 100.0 489.05 604.97 1510.09 1313.87 10.52 15.49 393.34 2319.03 8785.19 1.26 45.49 371.17 2388.14 8130.64 8.6432 0.03 370 2319 100.0 28.4 17.019
82 20 34.9985 0.84 100.0 449.44 556.04 1372.93 1134.75 5.48 8.0 194.79 2223.0 8347.06 1.02 41.87 182.33 2388.06 8069.24 9.3319 0.02 336 2223 100.0 14.82 8.9023
82 21 35.0044 0.8411 100.0 449.44 555.46 1373.29 1133.57 5.48 8.0 193.58 2222.94 8357.21 1.02 42.06 182.44 2388.07 8062.76 9.3306 0.02 336 2223 100.0 14.84 8.9729
82 22 42.001 0.8417 100.0 445.0 550.03 1357.1 1130.25 3.91 5.72 138.28 2211.84 8321.62 1.02 42.36 130.63 2387.97 8089.32 9.3881 0.02 332 2212 100.0 10.47 6.386
82 23 24.9986 0.62 60.0 462.54 537.03 1266.89 1055.2 7.05 9.03 174.83 1915.37 8007.01 0.94 36.86 165.2 2028.22 7873.05 10.9244 0.02 309 1915 84.93 14.32 8.5162
82 24 0.0024 0.0011 100.0 518.67 642.88 1594.39 1410.82 14.62 21.61 553.56 2388.13 9057.33 1.3 47.46 520.9 2388.12 8136.18 8.4454 0.03 394 2388 100.0 38.78 23.268
82 25 42.0013 0.84 100.0 445.0 549.49 1356.25 1135.14 3.91 5.71 138.27 2211.89 8323.75 1.02 42.18 130.36 2388.02 8085.29 9.4107 0.02 332 2212 100.0 10.66 6.2854
82 26 25.0 0.62 60.0 462.54 536.95 1260.92 1048.87 7.05 9.03 175.33 1915.34 8010.22 0.94 36.73 164.38 2028.21 7870.53 10.8996 0.02 308 1915 84.93 14.4 8.5987
82 27 42.0005 0.8409 100.0 445.0 549.83 1354.38 1128.41 3.91 5.72 138.65 2211.86 8322.99 1.02 41.96 130.43 2387.96 8087.91 9.3942 0.02 331 2212 100.0 10.6 6.2929
82 28 42.0048 0.84 100.0 445.0 549.57 1351.8 1131.63 3.91 5.71 138.79 2211.83 8329.26 1.02 42.24 130.02 2387.93 8084.08 9.3997 0.02 331 2212 100.0 10.71 6.3103
82 29 42.003 0.8411 100.0 445.0 549.75 1353.36 1121.76 3.91 5.72 139.15 2211.92 8322.82 1.02 42.13 130.59 2387.99 8085.41 9.3789 0.02 329 2212 100.0 10.68 6.2278
82 30 20.0029 0.7017 100.0 491.19 607.88 1487.99 1249.35 9.35 13.66 333.93 2324.05 8725.89 1.08 44.66 314.83 2388.11 8067.87 9.2454 0.02 366 2324 100.0 24.33 14.5244
82 31 10.0031 0.25 100.0 489.05 604.73 1510.91 1314.92 10.52 15.49 394.3 2318.98 8784.96 1.26 45.61 371.34 2388.18 8123.61 8.6835 0.03 368 2319 100.0 28.5 17.1821
82 32 25.0028 0.621 60.0 462.54 537.27 1263.72 1057.85 7.05 9.03 175.24 1915.29 8013.42 0.94 36.88 165.0 2028.21 7877.02 10.9477 0.02 307 1915 84.93 14.17 8.4991
82 33 35.0043 0.84 100.0 449.44 555.89 1368.84 1128.15 5.48 8.0 194.19 2223.04 8348.68 1.02 42.22 183.13 2388.08 8068.91 9.3111 0.02 335 2223 100.0 14.93 8.8136
82 34 20.0036 0.7 100.0 491.19 607.74 1493.3 1248.11 9.35 13.66 334.66 2323.99 8720.36 1.08 44.5 314.7 2388.19 8058.06 9.2536 0.02 367 2324 100.0 24.42 14.6014
82 35 42.0074 0.84 100.0 445.0 550.07 1356.3 1127.31 3.91 5.71 138.85 2211.96 8323.67 1.02 42.25 130.57 2387.97 8083.27 9.3877 0.02 331 2212 100.0 10.51 6.3228
82 36 9.9998 0.2506 100.0 489.05 604.98 1501.22 1315.77 10.52 15.49 393.97 2319.02 8777.72 1.26 45.42 371.6 2388.17 8127.38 8.6748 0.03 371 2319 100.0 28.54 17.1103
82 37 9.9981 0.25 100.0 489.05 604.94 1507.82 1308.73 10.52 15.49 394.19 2318.97 8786.98 1.26 45.5 371.35 2388.17 8128.97 8.6742 0.03 370 2319 100.0 28.42 17.1285
82 38 10.0075 0.251 100.0 489.05 604.63 1508.8 1312.44 10.52 15.49 394.0 2318.96 8780.69 1.26 45.54 371.76 2388.2 8132.09 8.6815 0.03 370 2319 100.0 28.82 17.0468
82 39 19.9993 0.7 100.0 491.19 607.57 1492.04 1255.02 9.35 13.65 334.34 2323.97 8735.69 1.08 44.34 314.9 2388.09 8061.5 9.2314 0.02 367 2324 100.0 24.43 14.6609
82 40 25.0009 0.62 60.0 462.54 537.51 1262.74 1053.43 7.05 9.03 174.91 1915.33 8006.12 0.94 36.82 164.46 2028.28 7875.19 10.8803 0.02 307 1915 84.93 14.25 8.4913
82 41 42.0041 0.84 100.0 445.0 550.14 1356.27 1129.7 3.91 5.72 138.54 2211.87 8323.83 1.02 42.3 130.48 2387.95 8086.85 9.3685 0.02 332 2212 100.0 10.64 6.3092
82 42 42.0077 0.84 100.0 445.0 549.92 1344.26 1129.86 3.91 5.72 138.14 2211.94 8322.83 1.02 42.16 130.42 2387.93 8086.94 9.3747 0.02 331 2212 100.0 10.68 6.3758
82 43 0.0006 0.0 100.0 518.67 642.26 1592.43 1410.59 14.62 21.61 552.96 2388.1 9060.47 1.3 47.56 521.48 2388.1 8138.47 8.407 0.03 394 2388 100.0 38.95 23.2774
82 44 10.0035 0.25 100.0 489.05 605.37 1507.45 1319.53 10.52 15.49 394.19 2319.02 8781.03 1.26 45.65 371.24 2388.25 8128.46 8.6811 0.03 371 2319 100.0 28.4 17.1063
82 45 42.0019 0.84 100.0 445.0 549.61 1362.47 1133.36 3.91 5.72 139.35 2211.91 8328.89 1.02 42.19 130.24 2387.96 8085.91 9.3537 0.02 333 2212 100.0 10.58 6.356
82 46 42.0034 0.84 100.0 445.0 550.51 1350.42 1126.7 3.91 5.71 138.58 2211.9 8327.93 1.02 42.08 130.37 2387.97 8081.72 9.406 0.02 332 2212 100.0 10.58 6.3483
82 47 0.0026 0.0 100.0 518.67 642.45 1594.85 1410.52 14.62 21.61 553.21 2388.12 9058.67 1.3 47.73 521.27 2388.17 8137.28 8.4684 0.03 393 2388 100.0 38.73 23.2995
82 48 10.0036 0.2512 100.0 489.05 605.05 1497.55 1315.95 10.52 15.49 393.41 2318.94 8787.18 1.26 45.53 371.5 2388.17 8132.6 8.6818 0.03 369 2319 100.0 28.49 17.1133
82 49 42.0057 0.8406 100.0 445.0 549.67 1357.52 1130.39 3.91 5.72 139.26 2211.94 8323.46 1.02 42.13 130.59 2388.03 8091.4 9.3783 0.02 332 2212 100.0 10.56 6.2955
82 50 35.0014 0.84 100.0 449.44 555.59 1365.95 1133.15 5.48 8.0 194.09 2222.99 8353.21 1.02 42.29 183.58 2388.07 8067.56 9.3242 0.02 336 2223 100.0 14.94 8.9103
82 51 25.0039 0.62 60.0 462.54 537.56 1267.04 1047.15 7.05 9.03 175.19 1915.37 8011.19 0.94 36.94 164.4 2028.23 7879.02 10.9228 0.02 308 1915 84.93 14.03 8.5206
82 52 42.0026 0.8406 100.0 445.0 549.39 1358.2 1129.34 3.91 5.71 138.79 2211.89 8328.3 1.02 42.06 130.6 2387.97 8089.7 9.3881 0.02 330 2212 100.0 10.55 6.2476
82 53 34.999 0.8408 100.0 449.44 555.95 1363.07 1135.78 5.48 8.0 194.06 2223.02 8343.71 1.02 42.08 183.15 2388.07 8069.39 9.3768 0.02 333 2223 100.0 14.86 8.8676
82 54 9.9989 0.2516 100.0 489.05 604.91 1497.77 1316.1 10.52 15.5 393.62 2318.98 8785.76 1.26 45.51 370.95 2388.17 8133.04 8.6779 0.03 369 2319 100.0 28.43 17.1365
82 55 0.0019 0.0014 100.0 518.67 642.81 1591.81 1416.77 14.62 21.61 553.56 2388.12 9061.23 1.3 47.6 520.8 2388.14 8138.25 8.4655 0.03 394 2388 100.0 38.87 23.2424
82 56 20.0046 0.7 100.0 491.19 607.59 1488.65 1258.91 9.35 13.66 334.57 2323.94 8718.8 1.08 44.49 314.95 2388.16 8065.48 9.2229 0.02 365 2324 100.0 24.3 14.768
82 57 0.0009 0.0008 100.0 518.67 643.44 1595.42 1408.86 14.62 21.61 553.25 2388.16 9060.63 1.3 47.56 521.16 2388.09 8141.98 8.4663 0.03 394 2388 100.0 38.94 23.2829
82 58 35.0004 0.8406 100.0 449.44 556.08 1370.17 1139.67 5.48 8.0 194.32 2222.99 8359.04 1.02 41.95 183.48 2388.15 8071.32 9.3861 0.02 334 2223 100.0 14.79 8.8959
82 59 35.0008 0.8414 100.0 449.44 556.04 1363.64 1135.23 5.48 8.0 194.33 2223.03 8353.93 1.02 42.15 182.73 2388.11 8062.68 9.3366 0.02 334 2223 100.0 14.75 8.9203
82 60 41.9985 0.84 100.0 445.0 549.75 1359.12 1133.92 3.91 5.71 137.86 2211.94 8331.21 1.02 42.04 131.02 2387.95 8087.64 9.3935 0.02 331 2212 100.0 10.68 6.255
82 61 41.9984 0.8401 100.0 445.0 549.63 1362.0 1127.78 3.91 5.72 138.99 2211.86 8324.64 1.02 42.19 130.47 2388.02 8085.6 9.366 0.02 331 2212 100.0 10.43 6.3225
82 62 34.9989 0.84 100.0 449.44 556.09 1369.57 1128.24 5.48 8.0 194.65 2223.04 8347.53 1.02 41.86 183.65 2388.09 8064.0 9.3005 0.02 333 2223 100.0 14.92 8.8605
82 63 0.0006 0.0 100.0 518.67 642.71 1589.97 1414.01 14.62 21.61 553.37 2388.09 9055.65 1.3 47.79 521.27 2388.1 8134.11 8.4548 0.03 394 2388 100.0 38.92 23.3056
82 64 25.0017 0.62 60.0 462.54 536.94 1265.98 1050.61 7.05 9.03 174.97 1915.4 8015.17 0.94 36.88 163.89 2028.25 7874.52 10.9378 0.02 307 1915 84.93 14.28 8.4255
82 65 42.0019 0.84 100.0 445.0 549.65 1353.2 1133.22 3.91 5.72 138.21 2211.88 8321.76 1.02 42.19 130.46 2387.95 8089.07 9.429 0.02 331 2212 100.0 10.52 6.3975
82 66 10.0058 0.25 100.0 489.05 605.33 1508.41 1314.23 10.52 15.49 393.14 2319.09 8777.84 1.26 45.75 371.36 2388.21 8137.57 8.6458 0.03 370 2319 100.0 28.42 17.0971
82 67 42.0044 0.84 100.0 445.0 549.76 1351.86 1128.75 3.91 5.72 138.33 2211.87 8318.79 1.02 42.19 130.18 2388.01 8080.13 9.3798 0.02 332 2212 100.0 10.58 6.3676
82 68 41.9992 0.8406 100.0 445.0 549.47 1355.99 1134.96 3.91 5.72 138.46 2211.89 8320.34 1.02 42.46 130.54 2388.01 8082.13 9.3825 0.02 330 2212 100.0 10.57 6.3858
82 69 20.0003 0.7 100.0 491.19 607.82 1484.07 1253.13 9.35 13.66 334.37 2324.04 8727.42 1.08 44.5 314.26 2388.13 8058.75 9.2177 0.02 366 2324 100.0 24.41 14.6598
82 70 35.0049 0.84 100.0 449.44 555.67 1369.55 1139.44 5.48 8.0 193.75 2222.92 8356.54 1.02 42.13 183.07 2387.99 8072.32 9.3565 0.02 336 2223 100.0 14.91 8.8229
82 71 42.0054 0.84 100.0 445.0 549.86 1357.76 1130.66 3.91 5.71 138.57 2211.9 8320.87 1.02 42.2 130.73 2387.97 8088.35 9.3963 0.02 332 2212 100.0 10.59 6.3418
82 72 42.0038 0.8408 100.0 445.0 549.65 1356.33 1128.54 3.91 5.72 138.22 2211.87 8326.43 1.02 42.21 130.35 2387.93 8084.04 9.4015 0.02 332 2212 100.0 10.43 6.2874
82 73 0.0016 0.0007 100.0 518.67 642.39 1594.01 1410.2 14.62 21.61 553.01 2388.13 9062.91 1.3 47.68 520.97 2388.11 8136.42 8.4908 0.03 395 2388 100.0 38.87 23.2582
82 74 25.0017 0.6205 60.0 462.54 536.76 1267.49 1060.85 7.05 9.03 175.13 1915.38 8005.44 0.94 37.04 165.13 2028.26 7876.55 10.9308 0.02 309 1915 84.93 14.11 8.5858
82 75 42.0009 0.84 100.0 445.0 550.15 1358.56 1123.82 3.91 5.72 138.9 2211.94 8324.76 1.02 42.21 130.17 2387.99 8084.02 9.3933 0.02 331 2212 100.0 10.67 6.4343
82 76 0.0019 0.0 100.0 518.67 643.06 1594.27 1412.33 14.62 21.61 553.41 2388.11 9059.93 1.3 47.7 520.8 2388.06 8137.52 8.48 0.03 394 2388 100.0 38.83 23.3312
82 77 25.0042 0.6213 60.0 462.54 537.11 1257.68 1054.55 7.05 9.03 175.04 1915.37 8014.4 0.94 36.88 164.98 2028.26 7879.86 10.9024 0.02 307 1915 84.93 14.32 8.5387
82 78 19.9985 0.7018 100.0 491.19 608.07 1490.89 1253.26 9.35 13.66 334.47 2324.06 8726.34 1.08 44.56 314.55 2388.19 8060.06 9.2699 0.03 365 2324 100.0 24.42 14.6012
82 79 42.0068 0.84 100.0 445.0 550.05 1357.21 1134.94 3.91 5.71 138.7 2211.86 8319.92 1.02 42.15 130.47 2387.95 8084.85 9.3924 0.02 332 2212 100.0 10.62 6.3556
82 80 9.9982 0.2508 100.0 489.05 605.56 1494.22 1310.39 10.52 15.5 394.47 2318.96 8781.24 1.26 45.51 370.76 2388.18 8129.91 8.6902 0.03 370 2319 100.0 28.5 17.0053
82 81 25.005 0.62 60.0 462.54 537.34 1268.36 1046.72 7.05 9.03 175.81 1915.38 8017.93 0.94 36.84 164.34 2028.26 7876.3 10.9381 0.02 307 1915 84.93 14.34 8.4985
82 82 9.9998 0.25 100.0 489.05 604.68 1503.87 1314.12 10.52 15.49 393.91 2319.03 8774.58 1.26 45.4 371.08 2388.2 8130.08 8.6822 0.03 371 2319 100.0 28.52 17.0269
82 83 20.003 0.702 100.0 491.19 607.5 1482.76 1260.91 9.35 13.66 334.32 2324.03 8727.47 1.08 44.45 314.4 2388.13 8066.84 9.2749 0.02 367 2324 100.0 24.43 14.5873
82 84 42.0076 0.8412 100.0 445.0 549.79 1353.14 1137.05 3.91 5.72 139.28 2211.96 8328.65 1.02 42.24 131.18 2388.0 8087.51 9.4221 0.02 332 2212 100.0 10.5 6.3422
82 85 35.0073 0.84 100.0 449.44 555.92 1366.68 1137.62 5.48 8.0 193.75 2223.05 8363.38 1.02 42.05 183.16 2388.12 8067.12 9.3214 0.02 335 2223 100.0 14.86 8.8353
82 86 35.0006 0.84 100.0 449.44 556.27 1373.05 1138.13 5.48 8.0 194.66 2223.06 8349.57 1.02 42.07 182.58 2388.06 8070.42 9.3479 0.02 334 2223 100.0 14.71 8.9256
82 87 42.0009 0.8401 100.0 445.0 549.87 1357.46 1132.42 3.91 5.72 138.47 2211.93 8324.56 1.02 42.22 130.93 2388.01 8082.98 9.404 0.02 331 2212 100.0 10.59 6.2577
82 88 0.0001 0.0018 100.0 518.67 643.15 1590.79 1414.78 14.62 21.61 553.07 2388.11 9056.35 1.3 47.5 521.21 2388.13 8138.73 8.4474 0.03 392 2388 100.0 38.65 23.2836
82 89 42.0065 0.84 100.0 445.0 549.6 1353.67 1124.35 3.91 5.71 138.69 2211.84 8321.53 1.02 42.25 130.52 2387.95 8094.24 9.3551 0.02 332 2212 100.0 10.63 6.2977
82 90 35.0012 0.8402 100.0 449.44 555.59 1374.19 1131.82 5.48 8.0 194.64 2223.05 8357.62 1.02 42.01 183.16 2388.15 8069.96 9.389 0.02 333 2223 100.0 15.01 8.8501
82 91 25.0014 0.6217 60.0 462.54 536.81 1268.61 1056.08 7.05 9.03 175.6 1915.35 8014.33 0.94 36.83 164.57 2028.24 7872.7 10.916 0.02 309 1915 84.93 14.23 8.4823
82 92 10.0074 0.25 100.0 489.05 605.4 1504.65 1318.62 10.52 15.5 393.67 2318.96 8781.78 1.26 45.72 371.74 2388.25 8130.82 8.6881 0.03 370 2319 100.0 28.27 17.0407
82 93 10.0003 0.2512 100.0 489.05 604.48 1502.6 1315.57 10.52 15.49 393.74 2319.03 8789.99 1.26 45.67 371.29 2388.23 8132.12 8.6925 0.03 369 2319 100.0 28.44 17.0903
82 94 25.0027 0.6209 60.0 462.54 536.48 1266.12 1050.55 7.05 9.03 175.17 1915.4 8016.53 0.94 36.97 164.97 2028.25 7880.06 10.8849 0.02 307 1915 84.93 14.06 8.4498
82 95 0.0026 0.0016 100.0 518.67 642.69 1599.1 1412.19 14.62 21.61 552.81 2388.13 9058.99 1.3 47.66 521.69 2388.15 8142.05 8.4737 0.03 393 2388 100.0 38.76 23.21
82 96 19.9996 0.7 100.0 491.19 607.67 1482.02 1255.98 9.35 13.66 334.46 2324.08 8725.58 1.08 44.37 314.12 2388.2 8068.85 9.2494 0.02 366 2324 100.0 24.49 14.604
82 97 42.0001 0.8418 100.0 445.0 550.24 1354.89 1133.91 3.91 5.72 138.05 2211.92 8324.11 1.02 42.22 130.4 2387.98 8087.46 9.3767 0.02 331 2212 100.0 10.54 6.3445
82 98 42.0017 0.84 100.0 445.0 549.81 1351.56 1130.42 3.91 5.72 138.31 2211.92 8326.7 1.02 42.36 130.52 2388.0 8093.98 9.3967 0.02 330 2212 100.0 10.47 6.2403
82 99 35.0077 0.8411 100.0 449.44 555.75 1369.13 1135.43 5.48 8.0 193.94 2222.97 8356.76 1.02 42.14 183.08 2388.12 8068.36 9.3689 0.02 334 2223 100.0 14.86 8.8573
82 100 35.0074 0.84 100.0 449.44 556.04 1372.54 1131.65 5.48 8.0 194.99 2223.06 8358.93 1.02 41.96 182.39 2388.1 8074.23 9.3659 0.02 335 2223 100.0 14.75 8.9279
82 101 35.0064 0.8413 100.0 449.44 555.71 1361.49 1134.63 5.48 8.0 194.2 2223.01 8354.65 1.02 42.11 183.15 2388.22 8068.3 9.3223 0.02 335 2223 100.0 14.74 8.8978
82 102 25.0005 0.6216 60.0 462.54 537.0 1259.49 1053.53 7.05 9.03 175.1 1915.37 8019.48 0.94 36.82 164.69 2028.27 7879.64 10.9347 0.02 309 1915 84.93 14.26 8.5781
82 103 10.0003 0.251 100.0 489.05 605.21 1504.15 1319.79 10.52 15.49 394.33 2319.0 8780.56 1.26 45.42 371.45 2388.19 8131.3 8.693 0.03 369 2319 100.0 28.36 17.1228
82 104 42.0042 0.8408 100.0 445.0 550.06 1354.19 1129.91 3.91 5.71 138.47 2211.85 8329.95 1.02 42.46 130.3 2387.98 8084.72 9.3793 0.02 332 2212 100.0 10.36 6.3407
82 105 42.0021 0.8403 100.0 445.0 549.08 1358.08 1126.67 3.91 5.71 138.86 2211.89 8326.77 1.02 42.36 130.18 2388.03 8093.29 9.403 0.02 333 2212 100.0 10.36 6.4174
82 106 19.9982 0.7011 100.0 491.19 607.51 1489.73 1254.57 9.35 13.66 334.38 2324.0 8726.26 1.08 44.53 314.61 2388.21 8061.61 9.2626 0.02 365 2324 100.0 24.55 14.6482
82 107 42.005 0.8403 100.0 445.0 549.76 1355.39 1127.91 3.91 5.71 137.84 2211.88 8322.91 1.02 42.31 130.36 2388.01 8086.9 9.3756 0.02 332 2212 100.0 10.46 6.2774
82 108 25.0018 0.62 60.0 462.54 537.19 1268.3 1056.11 7.05 9.03 175.73 1915.35 8011.24 0.94 36.95 164.55 2028.33 7875.28 10.9343 0.02 308 1915 84.93 14.2 8.4941
82 109 35.0025 0.8419 100.0 449.44 556.55 1368.13 1135.99 5.48 8.0 194.05 2223.07 8361.81 1.02 42.18 183.01 2388.12 8068.11 9.3258 0.02 334 2223 100.0 14.89 8.9817
82 110 42.003 0.8415 100.0 445.0 549.25 1353.43 1133.84 3.91 5.72 138.23 2211.93 8330.64 1.02 42.3 130.31 2388.0 8084.55 9.373 0.02 330 2212 100.0 10.6 6.3254
82 111 20.0032 0.7 100.0 491.19 607.4 1492.8 1256.17 9.35 13.66 334.49 2324.04 8733.48 1.08 44.47 315.0 2388.18 8064.32 9.2521 0.02 366 2324 100.0 24.43 14.6339
82 112 25.0004 0.62 60.0 462.54 536.75 1258.03 1057.64 7.05 9.03 175.11 1915.33 8008.12 0.94 36.99 164.36 2028.22 7875.71 10.9712 0.02 308 1915 84.93 14.16 8.5814
82 113 0.0009 0.0019 100.0 518.67 642.48 1590.61 1415.39 14.62 21.61 552.84 2388.12 9070.08 1.3 47.59 520.63 2388.14 8140.54 8.4322 0.03 394 2388 100.0 38.7 23.2009
82 114 9.9985 0.2517 100.0 489.05 605.1 1497.0 1311.21 10.52 15.5 394.48 2318.99 8782.99 1.26 45.66 371.58 2388.17 8137.25 8.6992 0.03 370 2319 100.0 28.48 17.0707
82 115 10.0041 0.2519 100.0 489.05 605.21 1505.26 1316.62 10.52 15.49 394.52 2319.03 8789.84 1.26 45.79 371.29 2388.25 8130.17 8.6465 0.03 370 2319 100.0 28.48 17.0216
82 116 20.0015 0.7011 100.0 491.19 607.85 1483.03 1260.29 9.35 13.66 334.52 2324.03 8730.15 1.08 44.48 315.02 2388.21 8061.27 9.2734 0.02 366 2324 100.0 24.47 14.6689
82 117 34.9983 0.8404 100.0 449.44 556.58 1373.59 1134.9 5.48 8.0 193.58 2223.05 8354.41 1.02 42.25 182.77 2388.13 8066.55 9.3804 0.02 335 2223 100.0 14.68 8.9628
82 118 25.0061 0.62 60.0 462.54 537.06 1267.72 1050.5 7.05 9.03 176.01 1915.41 8011.68 0.94 36.94 164.49 2028.27 7877.62 10.917 0.02 309 1915 84.93 14.23 8.5551
82 119 0.0004 0.0019 100.0 518.67 643.19 1587.45 1420.12 14.62 21.61 552.68 2388.12 9057.38 1.3 47.89 520.88 2388.17 8141.47 8.4923 0.03 395 2388 100.0 38.7 23.2136
82 120 25.0079 0.6208 60.0 462.54 536.5 1265.11 1064.02 7.05 9.03 175.35 1915.4 8014.69 0.94 36.91 163.97 2028.29 7876.17 10.9323 0.02 308 1915 84.93 14.27 8.4484
82 121 42.0044 0.8402 100.0 445.0 549.84 1359.55 1130.35 3.91 5.71 138.69 2211.91 8328.46 1.02 42.28 130.21 2387.94 8086.98 9.4198 0.02 331 2212 100.0 10.48 6.3293
82 122 19.9996 0.7 100.0 491.19 608.62 1487.87 1255.6 9.35 13.66 334.31 2324.01 8727.09 1.08 44.88 315.0 2388.19 8062.33 9.2593 0.03 366 2324 100.0 24.49 14.6671
82 123 0.0002 0.0 100.0 518.67 642.98 1597.49 1415.72 14.62 21.61 553.23 2388.15 9055.07 1.3 47.74 520.74 2388.13 8133.86 8.4464 0.03 394 2388 100.0 38.52 23.2425
82 124 10.0017 0.25 100.0 489.05 605.22 1515.86 1326.21 10.52 15.5 393.61 2319.04 8783.9 1.26 45.58 371.27 2388.21 8130.43 8.6649 0.03 369 2319 100.0 28.59 17.0956
82 125 10.0027 0.2508 100.0 489.05 605.17 1507.48 1316.91 10.52 15.5 393.78 2318.97 8788.84 1.26 45.58 371.46 2388.26 8132.45 8.6812 0.03 371 2319 100.0 28.28 17.0217
82 126 0.0006 0.0 100.0 518.67 643.04 1593.42 1415.74 14.62 21.61 552.86 2388.17 9065.41 1.3 47.6 521.24 2388.13 8140.29 8.4919 0.03 394 2388 100.0 38.8 23.2056
82 127 42.0029 0.84 100.0 445.0 549.78 1360.14 1138.33 3.91 5.72 138.68 2211.95 8327.42 1.02 42.37 130.37 2388.04 8090.38 9.4027 0.02 333 2212 100.0 10.58 6.253
82 128 42.0018 0.84 100.0 445.0 550.15 1353.84 1132.73 3.91 5.71 138.44 2211.88 8329.49 1.02 42.26 130.09 2388.0 8089.87 9.4234 0.02 332 2212 100.0 10.51 6.3787
82 129 10.0025 0.25 100.0 489.05 605.01 1510.59 1322.91 10.52 15.5 393.5 2319.03 8784.3 1.26 45.75 370.94 2388.27 8136.43 8.6821 0.03 371 2319 100.0 28.44 16.9419
82 130 10.0026 0.2502 100.0 489.05 605.24 1500.27 1323.8 10.52 15.49 394.32 2319.03 8789.41 1.26 45.7 371.09 2388.24 8131.07 8.73 0.03 371 2319 100.0 28.32 16.9335
82 131 19.9995 0.7019 100.0 491.19 608.27 1499.67 1255.63 9.35 13.66 334.77 2324.07 8732.55 1.08 44.52 314.65 2388.18 8066.35 9.2524 0.02 366 2324 100.0 24.34 14.5565
82 132 42.0001 0.8409 100.0 445.0 550.0 1362.99 1123.29 3.91 5.72 138.39 2211.94 8325.66 1.02 42.52 130.07 2388.0 8093.22 9.4296 0.02 332 2212 100.0 10.41 6.387
82 133 19.9987 0.7 100.0 491.19 607.95 1485.37 1258.29 9.35 13.66 334.51 2324.09 8734.28 1.07 44.56 314.82 2388.24 8065.68 9.2772 0.02 366 2324 100.0 24.42 14.6324
82 134 42.0039 0.84 100.0 445.0 550.22 1353.59 1143.13 3.91 5.72 139.21 2211.93 8328.71 1.02 42.35 129.97 2388.01 8088.39 9.3767 0.02 333 2212 100.0 10.48 6.3057
82 135 34.999 0.84 100.0 449.44 556.01 1368.01 1142.6 5.48 8.0 193.69 2223.03 8353.3 1.02 42.08 182.77 2388.14 8071.44 9.366 0.02 336 2223 100.0 14.77 8.701
82 136 35.0042 0.8405 100.0 449.44 556.29 1365.48 1136.51 5.48 8.0 194.06 2223.01 8356.35 1.02 42.3 182.94 2388.14 8072.25 9.3265 0.02 334 2223 100.0 14.86 8.8459
82 137 42.0046 0.8402 100.0 445.0 549.63 1353.01 1133.47 3.91 5.72 138.81 2211.95 8332.17 1.02 42.39 130.37 2387.98 8089.3 9.3847 0.02 331 2212 100.0 10.33 6.3037
82 138 0.0011 0.0019 100.0 518.67 642.98 1598.01 1420.7 14.62 21.61 552.7 2388.17 9066.01 1.3 47.76 520.81 2388.2 8140.32 8.4869 0.03 394 2388 100.0 38.7 23.2122
82 139 42.0041 0.8404 100.0 445.0 550.01 1357.86 1135.53 3.91 5.72 138.14 2211.94 8329.37 1.02 42.46 130.57 2387.99 8092.02 9.4031 0.02 333 2212 100.0 10.51 6.3524
82 140 42.0053 0.8415 100.0 445.0 549.71 1355.86 1140.33 3.91 5.72 138.71 2211.96 8332.07 1.02 42.26 130.44 2388.09 8094.2 9.3819 0.02 333 2212 100.0 10.48 6.3902
82 141 35.0069 0.8414 100.0 449.44 556.2 1374.43 1141.74 5.48 8.0 193.92 2223.03 8355.69 1.02 42.28 182.56 2388.13 8074.39 9.3539 0.02 335 2223 100.0 14.54 8.9302
82 142 35.0025 0.8412 100.0 449.44 556.1 1377.81 1143.67 5.48 8.0 193.74 2223.04 8360.12 1.02 42.2 182.43 2388.2 8073.92 9.3732 0.02 336 2223 100.0 14.71 8.8209
82 143 20.0054 0.7007 100.0 491.19 607.35 1491.36 1258.47 9.35 13.66 333.8 2324.11 8739.1 1.08 44.59 313.86 2388.2 8067.16 9.2863 0.02 366 2324 100.0 24.23 14.7049
82 144 20.0007 0.7 100.0 491.19 607.84 1497.01 1264.64 9.35 13.66 333.55 2324.09 8732.79 1.08 44.47 314.85 2388.25 8067.28 9.2666 0.02 366 2324 100.0 24.19 14.6854
82 145 25.0033 0.62 60.0 462.54 536.83 1265.69 1055.95 7.05 9.03 174.99 1915.38 8012.02 0.94 37.02 164.4 2028.32 7879.76 10.9484 0.02 308 1915 84.93 14.08 8.599
82 146 20.0063 0.7016 100.0 491.19 607.81 1491.17 1265.46 9.35 13.66 334.23 2324.09 8737.29 1.08 44.71 314.24 2388.23 8067.44 9.2956 0.02 367 2324 100.0 24.21 14.6725
82 147 10.0019 0.2508 100.0 489.05 605.41 1505.9 1326.88 10.52 15.5 393.66 2319.03 8787.71 1.26 45.54 370.96 2388.23 8134.99 8.7166 0.03 372 2319 100.0 28.39 17.0546
82 148 0.0024 0.0007 100.0 518.67 642.56 1598.11 1422.13 14.62 21.61 552.44 2388.15 9060.61 1.3 47.88 520.66 2388.15 8139.88 8.4832 0.03 395 2388 100.0 38.63 23.2035
82 149 19.9987 0.7 100.0 491.19 607.56 1493.26 1266.65 9.35 13.66 333.51 2324.05 8731.29 1.07 44.74 314.34 2388.25 8067.81 9.2955 0.03 366 2324 100.0 24.26 14.6781
82 150 0.0003 0.0019 100.0 518.67 643.25 1596.16 1419.75 14.62 21.61 553.39 2388.18 9068.09 1.3 47.98 520.59 2388.17 8139.88 8.4686 0.03 395 2388 100.0 38.65 23.2783
82 151 0.0018 0.0015 100.0 518.67 642.75 1601.86 1416.24 14.62 21.61 553.35 2388.18 9061.8 1.3 47.83 520.41 2388.15 8141.61 8.4933 0.03 394 2388 100.0 38.54 23.135
82 152 35.005 0.84 100.0 449.44 556.3 1376.24 1137.98 5.48 8.0 194.01 2223.03 8365.34 1.02 42.11 182.76 2388.15 8071.29 9.381 0.02 336 2223 100.0 14.71 8.8374
82 153 20.0041 0.7001 100.0 491.19 607.85 1494.54 1252.15 9.35 13.66 333.54 2324.06 8738.54 1.07 44.79 314.66 2388.3 8064.58 9.2393 0.03 367 2324 100.0 24.22 14.5935
82 154 20.0023 0.7005 100.0 491.19 608.16 1491.2 1258.62 9.35 13.66 334.09 2324.08 8732.77 1.08 44.71 314.23 2388.21 8063.54 9.288 0.03 366 2324 100.0 24.24 14.6715
82 155 10.0013 0.25 100.0 489.05 605.79 1510.05 1311.21 10.52 15.5 393.96 2319.13 8797.71 1.26 45.91 371.16 2388.26 8132.82 8.6867 0.03 371 2319 100.0 28.32 17.0235
82 156 20.0028 0.7016 100.0 491.19 608.42 1493.93 1268.84 9.35 13.66 333.89 2324.09 8732.3 1.08 44.74 313.97 2388.24 8066.14 9.2465 0.03 366 2324 100.0 24.34 14.62
82 157 42.0053 0.84 100.0 445.0 550.17 1356.56 1137.64 3.91 5.72 138.68 2211.9 8324.17 1.02 42.39 129.71 2388.03 8087.26 9.4178 0.02 332 2212 100.0 10.48 6.2368
82 158 10.0026 0.25 100.0 489.05 605.22 1501.68 1328.21 10.52 15.5 393.35 2319.07 8788.28 1.26 45.79 370.63 2388.25 8137.82 8.6845 0.03 371 2319 100.0 28.38 17.1025
82 159 10.0001 0.25 100.0 489.05 605.02 1512.29 1325.34 10.52 15.5 392.95 2319.13 8787.1 1.26 45.78 370.47 2388.25 8136.97 8.6729 0.03 370 2319 100.0 28.49 17.0185
82 160 25.0021 0.6219 60.0 462.54 537.06 1263.74 1064.34 7.05 9.03 175.83 1915.45 8018.52 0.94 37.1 164.58 2028.42 7878.07 10.9635 0.02 309 1915 84.93 14.13 8.4562
82 161 34.9997 0.8411 100.0 449.44 555.98 1374.67 1138.19 5.48 8.0 193.78 2223.03 8353.46 1.02 42.33 183.1 2388.17 8070.88 9.3863 0.02 336 2223 100.0 14.84 8.7883
82 162 42.0072 0.8411 100.0 445.0 549.96 1359.42 1136.2 3.91 5.72 138.09 2211.99 8328.7 1.02 42.4 130.12 2388.01 8084.61 9.4128 0.02 334 2212 100.0 10.54 6.3058
82 163 35.0054 0.84 100.0 449.44 556.42 1371.62 1142.51 5.48 8.0 193.91 2223.13 8360.73 1.02 42.05 182.84 2388.21 8072.06 9.3812 0.02 335 2223 100.0 14.76 8.8733
82 164 19.9999 0.7011 100.0 491.19 607.9 1498.75 1260.46 9.35 13.66 334.74 2324.15 8736.28 1.08 44.71 314.11 2388.3 8075.0 9.2739 0.03 367 2324 100.0 24.29 14.6061
82 165 35.0079 0.84 100.0 449.44 556.15 1373.48 1137.26 5.48 8.0 194.88 2223.07 8360.23 1.02 42.27 183.1 2388.14 8076.96 9.3749 0.02 337 2223 100.0 14.7 8.8556
82 166 20.0061 0.7 100.0 491.19 608.41 1492.43 1255.93 9.35 13.66 333.53 2324.14 8737.13 1.07 44.87 314.63 2388.25 8064.27 9.2568 0.03 366 2324 100.0 24.24 14.6166
82 167 20.0046 0.7019 100.0 491.19 608.46 1486.14 1259.33 9.35 13.66 334.3 2324.11 8741.3 1.07 44.58 314.33 2388.34 8075.72 9.2689 0.03 366 2324 100.0 24.24 14.645
82 168 10.0052 0.25 100.0 489.05 605.99 1514.15 1323.38 10.52 15.5 393.87 2319.06 8791.11 1.26 45.86 370.75 2388.3 8133.83 8.7353 0.03 371 2319 100.0 28.37 16.9841
82 169 42.0015 0.8405 100.0 445.0 550.31 1356.12 1132.78 3.91 5.72 138.2 2212.0 8336.69 1.02 42.4 130.39 2388.08 8094.23 9.4028 0.02 333 2212 100.0 10.6 6.1971
82 170 42.0076 0.84 100.0 445.0 549.61 1363.25 1136.2 3.91 5.72 137.95 2211.95 8332.55 1.02 42.56 130.4 2388.03 8086.61 9.4167 0.02 333 2212 100.0 10.62 6.2787
82 171 10.0074 0.25 100.0 489.05 605.26 1505.49 1324.3 10.52 15.5 392.92 2319.13 8790.66 1.26 45.81 370.76 2388.3 8134.81 8.7666 0.03 372 2319 100.0 28.41 16.9701
82 172 34.9991 0.84 100.0 449.44 556.3 1366.95 1143.14 5.48 8.0 193.71 2223.06 8360.55 1.02 42.39 183.19 2388.17 8077.21 9.3883 0.02 336 2223 100.0 14.85 8.7492
82 173 0.0005 0.0 100.0 518.67 644.06 1601.85 1426.04 14.62 21.61 552.3 2388.2 9073.89 1.3 47.94 520.41 2388.2 8137.07 8.51 0.03 396 2388 100.0 38.57 23.026
82 174 10.0052 0.25 100.0 489.05 605.17 1507.01 1317.33 10.52 15.5 392.74 2319.17 8793.74 1.26 45.71 370.92 2388.35 8134.75 8.7075 0.03 370 2319 100.0 28.33 17.0882
82 175 42.0006 0.8401 100.0 445.0 550.7 1363.42 1141.74 3.91 5.72 137.95 2211.96 8328.49 1.02 42.62 130.19 2388.04 8100.32 9.4431 0.02 332 2212 100.0 10.49 6.3111
82 176 42.0009 0.84 100.0 445.0 550.44 1364.19 1142.94 3.91 5.72 138.18 2211.96 8331.92 1.02 42.55 130.4 2388.06 8092.57 9.4426 0.02 335 2212 100.0 10.51 6.2252
82 177 24.9998 0.6217 60.0 462.54 537.18 1272.67 1068.43 7.05 9.03 175.41 1915.52 8028.88 0.94 37.15 164.56 2028.37 7882.76 11.0043 0.02 309 1915 84.93 14.07 8.6195
82 178 42.0013 0.84 100.0 445.0 550.59 1362.74 1140.09 3.91 5.72 137.47 2211.98 8335.56 1.02 42.6 130.35 2388.08 8093.01 9.432 0.02 333 2212 100.0 10.46 6.218
82 179 35.0075 0.84 100.0 449.44 556.03 1369.8 1141.64 5.48 8.0 193.76 2223.12 8362.96 1.02 42.4 182.15 2388.2 8077.59 9.4068 0.02 337 2223 100.0 14.85 8.8217
82 180 0.003 0.0007 100.0 518.67 643.8 1598.45 1424.41 14.62 21.61 551.77 2388.2 9080.93 1.3 48.09 519.87 2388.22 8143.24 8.5225 0.03 396 2388 100.0 38.52 23.2006
82 181 24.9995 0.62 60.0 462.54 537.14 1261.7 1063.23 7.05 9.03 174.17 1915.54 8019.21 0.94 37.15 164.46 2028.38 7877.66 10.9886 0.02 308 1915 84.93 14.24 8.5171
82 182 0.001 0.0 100.0 518.67 643.41 1605.93 1422.18 14.62 21.61 552.08 2388.21 9073.43 1.3 48.03 520.14 2388.23 8145.39 8.5216 0.03 396 2388 100.0 38.49 23.1771
82 183 34.9981 0.84 100.0 449.44 556.07 1372.23 1147.71 5.48 8.0 193.46 2223.17 8363.92 1.02 42.46 182.42 2388.24 8074.18 9.3866 0.02 335 2223 100.0 14.72 8.7724
82 184 25.0013 0.6207 60.0 462.54 537.35 1273.91 1055.68 7.05 9.03 175.27 1915.45 8025.8 0.94 37.3 164.01 2028.36 7883.38 11.0298 0.02 309 1915 84.93 14.03 8.5082
82 185 42.0072 0.84 100.0 445.0 550.21 1368.45 1138.51 3.91 5.72 137.57 2212.0 8339.56 1.02 42.48 130.11 2388.08 8091.33 9.4217 0.02 332 2212 100.0 10.55 6.3651
82 186 0.0002 0.0 100.0 518.67 643.18 1600.75 1425.91 14.62 21.61 551.88 2388.23 9073.94 1.3 48.18 519.54 2388.23 8142.79 8.488 0.03 396 2388 100.0 38.44 23.0711
82 187 0.0016 0.0002 100.0 518.67 643.37 1601.99 1426.5 14.62 21.61 551.37 2388.25 9080.43 1.3 48.15 520.09 2388.21 8151.6 8.5208 0.03 395 2388 100.0 38.54 23.0961
82 188 20.0015 0.7009 100.0 491.19 608.31 1488.69 1260.32 9.35 13.66 333.74 2324.18 8735.29 1.07 44.75 314.17 2388.29 8074.19 9.3153 0.03 369 2324 100.0 24.37 14.613
82 189 25.0002 0.6207 60.0 462.54 537.2 1268.23 1060.47 7.05 9.03 175.48 1915.52 8022.89 0.94 37.24 164.6 2028.47 7886.77 10.9915 0.02 309 1915 84.93 14.14 8.4651
82 190 0.0016 0.0012 100.0 518.67 643.43 1595.32 1427.19 14.62 21.61 551.45 2388.19 9072.57 1.3 47.99 519.76 2388.2 8148.33 8.4863 0.03 395 2388 100.0 38.45 23.092
82 191 20.0002 0.7009 100.0 491.19 608.33 1498.67 1265.17 9.35 13.66 333.16 2324.16 8744.01 1.07 44.93 313.92 2388.3 8071.12 9.3304 0.03 366 2324 100.0 24.26 14.5472
82 192 10.0011 0.25 100.0 489.05 605.89 1510.71 1328.05 10.52 15.5 393.68 2319.17 8796.38 1.26 45.92 370.93 2388.34 8135.76 8.7233 0.03 373 2319 100.0 28.27 17.0443
82 193 42.0057 0.8403 100.0 445.0 550.71 1365.11 1144.97 3.91 5.72 138.26 2212.04 8347.92 1.02 42.65 129.98 2388.16 8096.85 9.3997 0.02 334 2212 100.0 10.49 6.3532
82 194 19.9998 0.7 100.0 491.19 607.88 1498.48 1258.64 9.35 13.66 333.16 2324.23 8741.57 1.07 44.86 314.01 2388.33 8069.86 9.3468 0.03 368 2324 100.0 24.42 14.5626
82 195 42.0001 0.84 100.0 445.0 550.9 1363.96 1142.96 3.91 5.72 138.04 2212.06 8340.79 1.02 42.53 130.34 2388.1 8095.54 9.4404 0.02 333 2212 100.0 10.62 6.2875
82 196 25.0074 0.62 60.0 462.54 537.17 1271.58 1063.74 7.05 9.03 175.17 1915.54 8031.79 0.94 37.44 164.12 2028.45 7889.23 11.0135 0.02 310 1915 84.93 14.1 8.4957
82 197 25.0009 0.62 60.0 462.54 537.33 1268.84 1071.94 7.05 9.03 175.17 1915.54 8030.56 0.94 37.24 164.11 2028.47 7888.74 10.995 0.02 311 1915 84.93 14.2 8.502
82 198 24.9988 0.6215 60.0 462.54 537.29 1267.86 1065.66 7.05 9.03 175.36 1915.54 8027.83 0.94 37.18 164.78 2028.46 7885.09 10.9789 0.02 309 1915 84.93 14.0 8.3886
82 199 20.0024 0.7006 100.0 491.19 608.62 1499.99 1275.28 9.35 13.66 332.99 2324.2 8740.61 1.07 44.95 313.31 2388.38 8074.73 9.2757 0.03 369 2324 100.0 24.32 14.5092
82 200 42.0077 0.84 100.0 445.0 550.27 1366.94 1141.7 3.91 5.72 137.99 2211.98 8340.7 1.02 42.68 129.45 2388.08 8101.01 9.4646 0.02 333 2212 100.0 10.5 6.2865
91 1 0.0019 -0.0002 100.0 518.67 641.47 1590.6 1405.18 14.62 21.61 553.65 2388.04 9067.66 1.3 47.24 522.09 2387.98 8146.17 8.3756 0.03 392 2388 100.0 39.02 23.4153
91 2 0.0025 0.0 100.0 518.67 642.11 1585.19 1397.13 14.62 21.61 554.36 2388.01 9063.79 1.3 47.39 521.89 2388.0 8147.02 8.3908 0.03 392 2388 100.0 39.05 23.3266
91 3 -0.0011 -0.0005 100.0 518.67 641.49 1584.55 1396.74 14.62 21.61 554.37 2388.0 9062.99 1.3 47.15 522.18 2388.03 8153.51 8.3903 0.03 392 2388 100.0 39.12 23.4336
91 4 -0.0009 -0.0004 100.0 518.67 641.92 1590.04 1401.26 14.62 21.6 554.12 2388.05 9067.66 1.3 47.25 521.76 2388.03 8152.47 8.3817 0.03 390 2388 100.0 39.0 23.2557
91 5 -0.0011 0.0001 100.0 518.67 642.75 1589.06 1398.97 14.62 21.61 554.33 2388.04 9073.82 1.3 47.14 522.63 2388.02 8148.74 8.3987 0.03 392 2388 100.0 39.13 23.4364
91 6 0.0019 -0.0005 100.0 518.67 641.81 1591.81 1391.65 14.62 21.61 554.27 2388.0 9074.54 1.3 47.16 522.22 2388.02 8151.32 8.3847 0.03 392 2388 100.0 38.93 23.3595
91 7 -0.0042 -0.0003 100.0 518.67 642.37 1588.26 1400.69 14.62 21.61 554.51 2388.02 9062.52 1.3 47.16 522.59 2388.02 8142.14 8.3859 0.03 391 2388 100.0 38.93 23.3453
91 8 -0.0018 -0.0005 100.0 518.67 642.23 1584.28 1391.56 14.62 21.61 554.29 2387.99 9069.15 1.3 47.28 522.56 2388.01 8157.69 8.3965 0.03 392 2388 100.0 39.09 23.4481
91 9 0.0027 0.0004 100.0 518.67 642.31 1589.01 1391.2 14.62 21.61 553.89 2387.98 9062.87 1.3 47.24 522.03 2388.03 8151.45 8.3832 0.03 393 2388 100.0 39.0 23.2691
91 10 0.0024 -0.0004 100.0 518.67 642.51 1587.63 1400.41 14.62 21.61 554.02 2388.0 9066.07 1.3 47.11 522.55 2387.98 8155.63 8.378 0.03 390 2388 100.0 38.8 23.2767
91 11 0.0012 -0.0001 100.0 518.67 642.35 1590.61 1397.36 14.62 21.61 554.38 2388.0 9070.54 1.3 47.33 521.98 2387.96 8146.49 8.401 0.03 392 2388 100.0 39.0 23.3286
91 12 -0.0031 -0.0005 100.0 518.67 641.77 1579.3 1398.37 14.62 21.61 554.32 2388.03 9069.19 1.3 47.4 522.78 2388.03 8147.51 8.3915 0.03 391 2388 100.0 39.01 23.4507
91 13 -0.0012 -0.0003 100.0 518.67 641.86 1580.17 1395.17 14.62 21.61 554.85 2388.0 9069.76 1.3 47.15 522.54 2387.97 8150.72 8.4203 0.03 390 2388 100.0 39.01 23.4362
91 14 0.0016 0.0001 100.0 518.67 642.55 1586.37 1399.08 14.62 21.61 554.67 2387.97 9068.47 1.3 47.47 522.78 2388.01 8156.09 8.3912 0.03 391 2388 100.0 39.1 23.4501
91 15 -0.0002 -0.0003 100.0 518.67 642.41 1582.94 1396.59 14.62 21.61 554.34 2388.01 9064.38 1.3 47.39 522.38 2387.93 8149.47 8.4084 0.03 390 2388 100.0 39.02 23.3956
91 16 0.0015 -0.0002 100.0 518.67 641.86 1584.1 1406.34 14.62 21.61 554.62 2388.01 9069.58 1.3 47.23 522.29 2387.98 8148.57 8.4356 0.03 391 2388 100.0 39.01 23.3567
91 17 -0.0009 -0.0003 100.0 518.67 642.41 1582.11 1407.27 14.62 21.61 554.55 2388.0 9058.11 1.3 47.17 523.22 2388.05 8141.54 8.3936 0.03 391 2388 100.0 38.9 23.432
91 18 -0.003 -0.0003 100.0 518.67 642.62 1587.67 1402.32 14.62 21.61 554.11 2387.93 9071.15 1.3 47.22 522.66 2388.01 8152.16 8.3728 0.03 392 2388 100.0 38.96 23.4261
91 19 0.0008 0.0002 100.0 518.67 642.13 1590.17 1397.78 14.62 21.61 554.42 2387.97 9069.33 1.3 47.05 522.38 2388.0 8153.76 8.41 0.03 392 2388 100.0 39.08 23.4685
91 20 0.0004 -0.0 100.0 518.67 642.48 1584.41 1398.1 14.62 21.61 553.96 2388.01 9068.84 1.3 47.2 522.55 2387.99 8142.07 8.4139 0.03 393 2388 100.0 39.0 23.3705
91 21 -0.0024 0.0001 100.0 518.67 641.97 1581.76 1396.78 14.62 21.61 555.15 2388.07 9062.41 1.3 47.38 522.52 2387.98 8151.93 8.421 0.03 391 2388 100.0 38.97 23.2847
91 22 0.0037 0.0001 100.0 518.67 641.34 1583.87 1391.49 14.62 21.61 554.46 2387.98 9068.2 1.3 46.89 522.43 2388.03 8146.58 8.3987 0.03 391 2388 100.0 39.0 23.3398
91 23 -0.0032 -0.0004 100.0 518.67 642.18 1582.32 1396.46 14.62 21.61 554.49 2388.0 9063.74 1.3 47.26 522.53 2388.0 8150.57 8.3952 0.03 392 2388 100.0 39.1 23.3054
91 24 -0.0026 0.0001 100.0 518.67 641.97 1586.94 1398.76 14.62 21.61 554.38 2387.98 9063.72 1.3 47.26 522.29 2388.04 8147.58 8.4101 0.03 391 2388 100.0 38.92 23.4546
91 25 -0.0007 -0.0003 100.0 518.67 642.34 1585.34 1392.62 14.62 21.61 554.29 2388.03 9068.15 1.3 47.19 521.63 2388.01 8145.24 8.3798 0.03 393 2388 100.0 39.01 23.4228
91 26 0.0013 0.0002 100.0 518.67 641.89 1585.02 1397.89 14.62 21.61 554.05 2388.03 9066.56 1.3 47.2 522.25 2387.98 8144.8 8.3885 0.03 393 2388 100.0 38.92 23.3468
91 27 0.0004 0.0002 100.0 518.67 642.24 1588.36 1405.71 14.62 21.61 554.16 2388.01 9062.94 1.3 47.26 521.99 2387.96 8151.14 8.3669 0.03 392 2388 100.0 38.97 23.4479
91 28 -0.0016 0.0 100.0 518.67 641.54 1586.69 1400.29 14.62 21.61 553.65 2387.97 9065.27 1.3 47.18 521.97 2388.01 8147.28 8.4046 0.03 391 2388 100.0 39.14 23.3812
91 29 -0.0027 0.0001 100.0 518.67 641.92 1581.99 1401.7 14.62 21.6 554.72 2387.99 9076.43 1.3 47.1 522.56 2387.99 8147.71 8.4117 0.03 391 2388 100.0 38.87 23.303
91 30 0.0024 -0.0001 100.0 518.67 641.75 1584.63 1403.61 14.62 21.61 554.14 2387.96 9068.04 1.3 47.2 521.87 2388.01 8146.46 8.4499 0.03 393 2388 100.0 38.99 23.4222
91 31 0.0003 -0.0002 100.0 518.67 642.13 1584.52 1406.11 14.62 21.61 554.84 2387.98 9067.37 1.3 47.17 522.47 2388.01 8148.46 8.4073 0.03 392 2388 100.0 38.83 23.4599
91 32 -0.0005 -0.0006 100.0 518.67 642.73 1584.28 1403.92 14.62 21.61 554.04 2388.02 9069.16 1.3 47.24 521.81 2388.06 8145.48 8.4028 0.03 392 2388 100.0 38.9 23.3262
91 33 0.0005 -0.0002 100.0 518.67 642.06 1584.73 1397.7 14.62 21.61 555.35 2388.0 9069.23 1.3 47.23 522.08 2388.01 8147.17 8.4159 0.03 392 2388 100.0 38.98 23.4544
91 34 -0.0023 -0.0 100.0 518.67 642.77 1587.11 1405.21 14.62 21.61 554.28 2388.05 9066.74 1.3 47.32 522.31 2388.04 8147.7 8.3902 0.03 392 2388 100.0 39.05 23.4123
91 35 0.0001 0.0002 100.0 518.67 642.17 1584.72 1403.54 14.62 21.61 554.61 2388.0 9068.16 1.3 47.31 521.63 2388.02 8151.9 8.3573 0.03 392 2388 100.0 38.97 23.4387
91 36 0.0029 0.0001 100.0 518.67 641.63 1581.94 1404.11 14.62 21.61 554.56 2388.01 9069.15 1.3 47.2 522.15 2388.08 8148.52 8.4397 0.03 391 2388 100.0 38.9 23.3623
91 37 0.0013 0.0003 100.0 518.67 642.01 1585.33 1401.56 14.62 21.61 554.25 2388.04 9072.46 1.3 47.19 521.93 2388.04 8154.26 8.3908 0.03 392 2388 100.0 38.97 23.2455
91 38 0.0003 -0.0001 100.0 518.67 642.19 1581.86 1397.41 14.62 21.61 554.6 2387.93 9062.03 1.3 47.13 522.05 2388.01 8146.14 8.4055 0.03 391 2388 100.0 39.19 23.4394
91 39 -0.0008 -0.0002 100.0 518.67 642.39 1593.91 1398.38 14.62 21.61 553.54 2388.04 9065.34 1.3 47.08 522.09 2387.98 8149.52 8.3714 0.03 392 2388 100.0 39.16 23.4413
91 40 0.0027 -0.0004 100.0 518.67 642.57 1581.27 1405.0 14.62 21.61 554.3 2388.02 9074.67 1.3 47.22 521.81 2388.05 8151.19 8.4336 0.03 391 2388 100.0 39.02 23.3735
91 41 -0.0024 -0.0004 100.0 518.67 642.11 1586.19 1400.41 14.62 21.61 554.44 2388.01 9073.32 1.3 47.24 522.2 2388.04 8152.08 8.3857 0.03 393 2388 100.0 39.04 23.4384
91 42 -0.0004 0.0004 100.0 518.67 642.45 1586.31 1402.85 14.62 21.61 554.45 2388.02 9064.46 1.3 47.45 522.48 2388.0 8150.96 8.3974 0.03 391 2388 100.0 39.19 23.3823
91 43 -0.0013 -0.0001 100.0 518.67 642.26 1582.2 1404.28 14.62 21.61 554.61 2388.06 9071.25 1.3 47.18 521.99 2388.01 8144.16 8.423 0.03 393 2388 100.0 38.84 23.5238
91 44 0.0026 -0.0001 100.0 518.67 642.99 1581.97 1403.05 14.62 21.61 554.75 2388.0 9064.33 1.3 47.32 522.0 2388.05 8149.26 8.4014 0.03 391 2388 100.0 38.99 23.2707
91 45 0.0025 0.0003 100.0 518.67 641.96 1583.69 1400.52 14.62 21.61 554.53 2387.96 9072.15 1.3 47.22 522.7 2388.02 8151.41 8.3719 0.03 391 2388 100.0 38.95 23.2764
91 46 -0.0006 0.0001 100.0 518.67 642.01 1585.67 1400.39 14.62 21.61 553.65 2388.02 9074.04 1.3 47.13 522.97 2388.02 8150.53 8.4153 0.03 391 2388 100.0 38.92 23.4059
91 47 -0.0043 0.0004 100.0 518.67 642.11 1581.38 1401.6 14.62 21.61 554.96 2387.99 9066.79 1.3 47.27 521.88 2388.0 8154.7 8.409 0.03 391 2388 100.0 38.9 23.388
91 48 -0.0033 -0.0004 100.0 518.67 641.99 1585.33 1403.95 14.62 21.61 554.13 2388.03 9066.44 1.3 47.33 522.39 2388.01 8147.04 8.4214 0.03 391 2388 100.0 39.05 23.3575
91 49 0.0006 -0.0001 100.0 518.67 642.05 1577.13 1398.37 14.62 21.61 553.59 2388.02 9071.53 1.3 47.29 522.05 2388.06 8149.44 8.4092 0.03 392 2388 100.0 39.08 23.3639
91 50 0.0008 -0.0002 100.0 518.67 642.35 1577.75 1404.72 14.62 21.61 554.34 2388.05 9074.38 1.3 47.18 521.89 2387.96 8148.69 8.4226 0.03 392 2388 100.0 38.87 23.4274
91 51 0.0031 0.0002 100.0 518.67 642.15 1589.05 1402.36 14.62 21.61 554.29 2388.04 9070.13 1.3 47.3 522.7 2387.93 8149.85 8.4269 0.03 392 2388 100.0 38.93 23.2943
91 52 -0.005 -0.0002 100.0 518.67 641.97 1589.83 1407.52 14.62 21.61 554.08 2388.0 9060.27 1.3 47.39 522.34 2388.02 8153.59 8.4202 0.03 392 2388 100.0 38.9 23.3875
91 53 0.0003 0.0 100.0 518.67 642.1 1585.1 1401.43 14.62 21.61 554.46 2388.0 9072.67 1.3 47.37 522.49 2388.08 8150.65 8.3653 0.03 391 2388 100.0 39.03 23.338
91 54 0.0037 -0.0002 100.0 518.67 642.22 1586.24 1401.39 14.62 21.61 554.26 2388.06 9073.09 1.3 47.29 522.31 2387.99 8142.42 8.4118 0.03 392 2388 100.0 38.78 23.5269
91 55 -0.0017 -0.0 100.0 518.67 642.85 1585.3 1403.42 14.62 21.61 554.07 2388.02 9070.49 1.3 47.48 521.83 2388.05 8150.18 8.4192 0.03 390 2388 100.0 39.03 23.3729
91 56 -0.0005 -0.0002 100.0 518.67 642.06 1583.06 1403.14 14.62 21.61 554.46 2388.03 9068.96 1.3 47.33 521.46 2388.09 8147.11 8.3859 0.03 393 2388 100.0 38.95 23.4242
91 57 0.0012 -0.0001 100.0 518.67 641.97 1588.42 1403.69 14.62 21.61 554.53 2388.0 9071.36 1.3 47.3 522.35 2388.02 8151.68 8.4193 0.03 393 2388 100.0 39.02 23.4262
91 58 -0.0003 -0.0001 100.0 518.67 642.74 1584.91 1403.19 14.62 21.61 554.73 2388.03 9065.14 1.3 47.3 521.45 2388.0 8149.52 8.4095 0.03 392 2388 100.0 38.97 23.4589
91 59 0.0027 0.0003 100.0 518.67 642.48 1591.38 1406.91 14.62 21.61 553.91 2388.02 9065.17 1.3 47.36 522.55 2387.98 8144.86 8.3931 0.03 392 2388 100.0 38.96 23.3189
91 60 0.0013 0.0003 100.0 518.67 642.47 1591.33 1405.78 14.62 21.61 554.0 2388.05 9060.69 1.3 47.18 522.55 2388.04 8150.04 8.4274 0.03 391 2388 100.0 38.93 23.4611
91 61 0.0005 0.0 100.0 518.67 641.8 1581.04 1399.57 14.62 21.61 554.23 2388.03 9066.11 1.3 47.42 522.35 2388.01 8148.16 8.432 0.03 391 2388 100.0 38.97 23.2945
91 62 -0.0007 0.0 100.0 518.67 642.23 1585.79 1395.91 14.62 21.61 553.7 2387.99 9071.26 1.3 47.27 521.7 2388.03 8152.04 8.4167 0.03 392 2388 100.0 39.1 23.4303
91 63 0.0022 -0.0003 100.0 518.67 642.18 1591.67 1398.97 14.62 21.61 553.47 2388.06 9074.69 1.3 47.46 521.89 2388.1 8153.96 8.4527 0.03 391 2388 100.0 38.65 23.3715
91 64 -0.0001 -0.0005 100.0 518.67 641.81 1580.45 1395.45 14.62 21.61 554.32 2388.06 9071.21 1.3 47.29 522.45 2388.01 8150.65 8.4133 0.03 392 2388 100.0 38.9 23.3555
91 65 0.0008 -0.0003 100.0 518.67 642.26 1592.47 1401.02 14.62 21.61 553.49 2388.01 9070.42 1.3 47.35 522.03 2387.99 8149.68 8.3998 0.03 393 2388 100.0 38.93 23.2976
91 66 0.0011 0.0003 100.0 518.67 642.07 1584.25 1394.22 14.62 21.61 553.59 2388.02 9064.41 1.3 47.15 522.62 2388.08 8152.43 8.403 0.03 391 2388 100.0 38.99 23.4648
91 67 0.0026 -0.0001 100.0 518.67 642.4 1583.0 1398.46 14.62 21.61 554.35 2388.04 9067.66 1.3 47.4 522.04 2388.07 8146.81 8.436 0.03 393 2388 100.0 39.04 23.3217
91 68 -0.0021 -0.0004 100.0 518.67 642.16 1589.78 1401.07 14.62 21.61 553.46 2388.08 9069.55 1.3 47.29 521.8 2388.01 8147.09 8.4282 0.03 390 2388 100.0 38.93 23.3805
91 69 -0.0003 -0.0001 100.0 518.67 642.47 1585.78 1396.3 14.62 21.61 553.74 2388.1 9070.04 1.3 47.27 521.58 2387.99 8150.62 8.4011 0.03 393 2388 100.0 39.07 23.4061
91 70 -0.0017 0.0002 100.0 518.67 642.27 1581.27 1406.64 14.62 21.61 553.88 2388.03 9072.67 1.3 47.44 522.03 2388.01 8148.19 8.4485 0.03 393 2388 100.0 38.98 23.3834
91 71 -0.0024 -0.0001 100.0 518.67 641.93 1583.64 1394.63 14.62 21.61 553.83 2388.03 9072.21 1.3 47.44 522.04 2387.99 8151.02 8.4181 0.03 393 2388 100.0 39.01 23.3843
91 72 0.0036 0.0003 100.0 518.67 642.28 1589.91 1400.2 14.62 21.61 554.38 2388.06 9067.95 1.3 47.2 522.05 2388.06 8151.19 8.4211 0.03 392 2388 100.0 38.9 23.3305
91 73 0.0 0.0003 100.0 518.67 642.32 1591.36 1394.17 14.62 21.61 554.36 2388.04 9066.69 1.3 47.16 522.05 2388.0 8145.62 8.4117 0.03 393 2388 100.0 39.03 23.3941
91 74 0.0027 -0.0001 100.0 518.67 642.22 1582.5 1403.5 14.62 21.61 553.67 2388.03 9071.62 1.3 47.23 521.96 2388.0 8146.61 8.4074 0.03 393 2388 100.0 38.77 23.3079
91 75 0.0017 -0.0001 100.0 518.67 642.39 1590.25 1403.95 14.62 21.61 554.12 2388.02 9073.44 1.3 47.3 521.63 2388.0 8147.36 8.3953 0.03 392 2388 100.0 38.88 23.3737
91 76 0.0025 -0.0004 100.0 518.67 642.51 1590.79 1408.89 14.62 21.61 554.39 2387.96 9078.25 1.3 47.4 522.42 2388.01 8153.71 8.4271 0.03 392 2388 100.0 38.76 23.2886
91 77 -0.0014 0.0002 100.0 518.67 642.28 1583.32 1399.73 14.62 21.61 554.74 2388.09 9076.82 1.3 47.28 521.86 2388.07 8148.44 8.4194 0.03 392 2388 100.0 38.95 23.3109
91 78 0.0006 0.0003 100.0 518.67 642.16 1584.9 1404.16 14.62 21.61 553.82 2388.05 9057.2 1.3 47.45 521.55 2388.04 8151.03 8.4208 0.03 393 2388 100.0 39.01 23.436
91 79 -0.0014 0.0003 100.0 518.67 642.33 1591.18 1407.18 14.62 21.61 554.19 2388.01 9064.13 1.3 47.44 521.43 2388.06 8149.29 8.3987 0.03 393 2388 100.0 39.0 23.2603
91 80 0.0009 0.0001 100.0 518.67 642.35 1581.55 1403.3 14.62 21.61 553.73 2388.05 9070.08 1.3 47.49 521.92 2388.03 8153.11 8.4361 0.03 392 2388 100.0 39.07 23.4119
91 81 0.0022 -0.0003 100.0 518.67 642.55 1586.77 1401.42 14.62 21.61 553.48 2388.08 9064.79 1.3 47.34 522.22 2388.11 8150.25 8.4091 0.03 393 2388 100.0 38.85 23.335
91 82 -0.0012 -0.0001 100.0 518.67 642.59 1589.41 1400.72 14.62 21.61 554.14 2388.06 9068.55 1.3 47.53 522.56 2388.06 8146.51 8.4052 0.03 392 2388 100.0 38.99 23.3605
91 83 0.0022 -0.0003 100.0 518.67 642.24 1586.57 1396.63 14.62 21.61 554.03 2388.02 9060.91 1.3 47.55 521.85 2387.97 8145.96 8.3911 0.03 392 2388 100.0 38.85 23.3495
91 84 0.001 -0.0006 100.0 518.67 642.25 1583.74 1403.24 14.62 21.6 553.88 2388.05 9072.03 1.3 47.33 521.36 2388.01 8150.4 8.4491 0.03 392 2388 100.0 38.79 23.3915
91 85 0.0001 -0.0 100.0 518.67 642.6 1596.52 1403.78 14.62 21.61 554.26 2387.99 9064.69 1.3 47.47 521.88 2388.06 8149.49 8.4005 0.03 393 2388 100.0 38.89 23.3974
91 86 -0.001 0.0001 100.0 518.67 642.3 1586.8 1404.74 14.62 21.6 554.21 2388.08 9066.87 1.3 47.46 521.96 2388.09 8149.86 8.421 0.03 393 2388 100.0 38.92 23.5265
91 87 0.0025 -0.0003 100.0 518.67 642.26 1589.52 1400.9 14.62 21.61 554.26 2387.99 9066.87 1.3 47.36 522.01 2388.03 8142.03 8.4366 0.03 391 2388 100.0 38.82 23.291
91 88 -0.0002 0.0001 100.0 518.67 642.3 1585.51 1404.25 14.62 21.61 553.3 2387.99 9066.98 1.3 47.3 521.97 2388.0 8144.74 8.3927 0.03 392 2388 100.0 39.03 23.3722
91 89 0.0014 -0.0004 100.0 518.67 642.34 1594.84 1399.38 14.62 21.61 553.53 2388.06 9069.25 1.3 47.3 521.49 2388.07 8149.49 8.392 0.03 392 2388 100.0 39.01 23.4139
91 90 -0.0006 0.0 100.0 518.67 642.5 1593.37 1407.13 14.62 21.61 553.5 2388.04 9065.48 1.3 47.35 521.78 2388.07 8144.93 8.4079 0.03 393 2388 100.0 39.01 23.352
91 91 -0.0004 -0.0003 100.0 518.67 642.62 1591.66 1407.15 14.62 21.61 553.51 2388.03 9069.74 1.3 47.16 521.95 2388.02 8145.3 8.4426 0.03 392 2388 100.0 38.96 23.3467
91 92 0.0022 -0.0005 100.0 518.67 641.53 1581.16 1403.87 14.62 21.61 553.75 2388.12 9074.29 1.3 47.41 521.82 2388.03 8154.26 8.4835 0.03 392 2388 100.0 38.98 23.3847
91 93 -0.0006 0.0001 100.0 518.67 641.99 1583.64 1400.6 14.62 21.61 553.28 2388.06 9068.64 1.3 47.36 522.12 2388.04 8146.07 8.4091 0.03 392 2388 100.0 38.89 23.2614
91 94 -0.001 0.0004 100.0 518.67 642.52 1591.57 1400.26 14.62 21.61 554.0 2388.03 9073.48 1.3 47.37 521.78 2388.07 8146.59 8.4263 0.03 393 2388 100.0 38.9 23.3224
91 95 0.0016 0.0004 100.0 518.67 642.38 1595.92 1404.41 14.62 21.61 554.09 2388.06 9065.44 1.3 47.65 521.58 2388.15 8142.91 8.4439 0.03 391 2388 100.0 39.03 23.3066
91 96 0.0059 -0.0 100.0 518.67 642.5 1590.29 1402.92 14.62 21.61 553.84 2388.07 9072.03 1.3 47.54 521.66 2388.04 8148.87 8.4545 0.03 393 2388 100.0 38.96 23.2828
91 97 -0.0047 0.0003 100.0 518.67 642.56 1592.77 1404.33 14.62 21.61 553.87 2388.07 9061.59 1.3 47.39 521.68 2388.1 8144.8 8.4489 0.03 393 2388 100.0 38.8 23.2992
91 98 0.0046 0.0002 100.0 518.67 642.65 1588.36 1403.58 14.62 21.61 553.69 2388.05 9070.48 1.3 47.24 521.79 2387.95 8145.86 8.4179 0.03 393 2388 100.0 38.91 23.3492
91 99 0.0 0.0001 100.0 518.67 642.43 1585.92 1406.44 14.62 21.61 553.18 2388.08 9069.58 1.3 47.41 521.7 2388.06 8141.81 8.4673 0.03 392 2388 100.0 38.88 23.3316
91 100 -0.0029 0.0003 100.0 518.67 642.48 1592.54 1408.4 14.62 21.61 553.52 2388.1 9069.57 1.3 47.47 521.88 2388.05 8147.05 8.4402 0.03 393 2388 100.0 39.03 23.2784
91 101 0.002 0.0001 100.0 518.67 642.69 1593.47 1408.0 14.62 21.61 553.14 2388.07 9065.0 1.3 47.4 521.1 2388.06 8144.4 8.4522 0.03 393 2388 100.0 38.65 23.3404
91 102 -0.0001 -0.0001 100.0 518.67 642.87 1586.1 1409.6 14.62 21.61 553.98 2388.05 9067.76 1.3 47.38 521.23 2388.08 8141.05 8.4023 0.03 393 2388 100.0 38.93 23.2501
91 103 0.0021 -0.0003 100.0 518.67 642.54 1590.1 1414.76 14.62 21.61 553.51 2388.09 9064.52 1.3 47.34 521.6 2388.06 8145.41 8.4639 0.03 393 2388 100.0 38.95 23.398
91 104 0.0005 0.0001 100.0 518.67 642.52 1581.91 1396.65 14.62 21.61 553.66 2388.02 9071.95 1.3 47.39 521.97 2388.02 8148.3 8.3963 0.03 396 2388 100.0 38.85 23.3602
91 105 -0.0002 0.0 100.0 518.67 642.1 1586.43 1410.3 14.62 21.61 553.61 2388.09 9066.78 1.3 47.51 521.19 2388.04 8140.83 8.4568 0.03 393 2388 100.0 38.74 23.3441
91 106 0.0032 -0.0002 100.0 518.67 642.13 1589.98 1403.02 14.62 21.61 553.38 2388.06 9072.05 1.3 47.51 520.98 2388.06 8148.69 8.4534 0.03 394 2388 100.0 38.99 23.3735
91 107 -0.0014 -0.0005 100.0 518.67 642.42 1596.88 1409.66 14.62 21.61 553.52 2388.09 9065.05 1.3 47.54 521.4 2388.08 8147.56 8.4221 0.03 393 2388 100.0 38.86 23.1501
91 108 0.0 -0.0005 100.0 518.67 642.26 1586.59 1409.65 14.62 21.61 553.49 2388.09 9063.84 1.3 47.57 521.43 2388.11 8144.15 8.4468 0.03 392 2388 100.0 38.77 23.1969
91 109 0.0016 0.0001 100.0 518.67 643.13 1596.23 1402.46 14.62 21.61 553.9 2388.01 9065.91 1.3 47.63 521.41 2388.2 8145.6 8.423 0.03 394 2388 100.0 38.92 23.3195
91 110 0.0003 -0.0003 100.0 518.67 641.86 1593.8 1405.31 14.62 21.61 553.32 2388.09 9070.2 1.3 47.6 521.73 2388.1 8144.05 8.3882 0.03 393 2388 100.0 38.83 23.368
91 111 0.0034 -0.0004 100.0 518.67 642.65 1594.5 1404.21 14.62 21.61 553.16 2388.12 9070.55 1.3 47.53 520.97 2388.1 8146.99 8.4546 0.03 393 2388 100.0 38.79 23.3321
91 112 0.0016 -0.0005 100.0 518.67 642.66 1593.4 1406.27 14.62 21.61 553.93 2388.09 9066.7 1.3 47.59 521.73 2388.09 8145.41 8.4425 0.03 393 2388 100.0 38.84 23.3142
91 113 -0.0014 0.0003 100.0 518.67 642.14 1596.63 1403.68 14.62 21.61 553.18 2388.09 9061.96 1.3 47.51 521.59 2388.07 8146.62 8.4541 0.03 392 2388 100.0 38.86 23.2849
91 114 -0.0004 -0.0006 100.0 518.67 643.35 1587.66 1408.07 14.62 21.61 553.57 2388.05 9071.3 1.3 47.69 521.18 2388.08 8144.9 8.4722 0.03 392 2388 100.0 38.87 23.2398
91 115 0.0048 0.0001 100.0 518.67 642.74 1589.11 1406.69 14.62 21.61 553.55 2388.15 9077.25 1.3 47.39 521.42 2388.11 8144.25 8.4814 0.03 393 2388 100.0 38.66 23.2589
91 116 -0.0015 -0.0002 100.0 518.67 642.78 1590.97 1409.71 14.62 21.61 553.58 2388.14 9066.04 1.3 47.54 521.84 2388.07 8148.01 8.4286 0.03 394 2388 100.0 38.72 23.4119
91 117 -0.0027 0.0004 100.0 518.67 642.07 1588.99 1411.39 14.62 21.61 552.54 2388.11 9062.85 1.3 47.55 521.27 2388.08 8146.4 8.4285 0.03 392 2388 100.0 38.82 23.3484
91 118 -0.0 0.0001 100.0 518.67 642.56 1588.1 1409.2 14.62 21.61 553.85 2388.15 9063.01 1.3 47.54 520.98 2388.1 8147.02 8.4487 0.03 394 2388 100.0 38.89 23.3592
91 119 0.0004 0.0004 100.0 518.67 642.93 1593.86 1410.92 14.62 21.61 553.67 2388.09 9064.8 1.3 47.69 521.24 2388.11 8145.33 8.4539 0.03 394 2388 100.0 38.86 23.2498
91 120 -0.0017 0.0001 100.0 518.67 642.67 1590.45 1413.7 14.62 21.61 554.18 2388.12 9068.08 1.3 47.41 521.37 2388.07 8143.38 8.435 0.03 393 2388 100.0 38.92 23.1999
91 121 -0.0018 -0.0001 100.0 518.67 642.87 1592.17 1411.13 14.62 21.61 553.35 2388.12 9064.68 1.3 47.48 521.49 2388.11 8144.29 8.4264 0.03 394 2388 100.0 38.84 23.1863
91 122 0.0005 -0.0006 100.0 518.67 642.95 1596.32 1410.48 14.62 21.61 553.09 2388.14 9064.1 1.3 47.61 520.95 2388.1 8140.33 8.4166 0.03 394 2388 100.0 38.88 23.2421
91 123 0.0008 0.0002 100.0 518.67 643.25 1589.63 1418.21 14.62 21.61 552.75 2388.1 9062.27 1.3 47.54 521.29 2388.15 8135.52 8.461 0.03 394 2388 100.0 38.72 23.2743
91 124 -0.0044 -0.0005 100.0 518.67 642.75 1589.88 1413.57 14.62 21.61 553.86 2388.16 9056.8 1.3 47.63 521.48 2388.13 8142.78 8.4465 0.03 394 2388 100.0 38.66 23.2802
91 125 0.001 -0.0002 100.0 518.67 642.81 1595.2 1414.69 14.62 21.61 552.91 2388.12 9065.42 1.3 47.76 521.28 2388.09 8144.13 8.4792 0.03 395 2388 100.0 38.77 23.2369
91 126 -0.0003 0.0001 100.0 518.67 643.22 1603.15 1414.11 14.62 21.61 553.24 2388.18 9065.35 1.3 47.76 521.0 2388.09 8149.18 8.4615 0.03 394 2388 100.0 38.86 23.1459
91 127 -0.0018 0.0002 100.0 518.67 643.15 1597.33 1414.73 14.62 21.61 553.24 2388.21 9065.67 1.3 47.71 520.94 2388.09 8141.35 8.4459 0.03 394 2388 100.0 38.64 23.1426
91 128 0.0033 0.0003 100.0 518.67 642.93 1591.04 1417.69 14.62 21.61 552.4 2388.15 9069.97 1.3 47.71 520.5 2388.09 8140.3 8.4418 0.03 395 2388 100.0 38.78 23.2681
91 129 -0.0001 -0.0002 100.0 518.67 643.02 1592.06 1404.68 14.62 21.61 552.83 2388.14 9059.75 1.3 47.75 521.11 2388.15 8141.95 8.4879 0.03 394 2388 100.0 38.6 23.2049
91 130 0.0023 -0.0003 100.0 518.67 643.28 1584.81 1425.05 14.62 21.61 552.77 2388.16 9060.98 1.3 47.72 521.0 2388.18 8143.36 8.4586 0.03 393 2388 100.0 38.56 23.2144
91 131 -0.0017 -0.0004 100.0 518.67 642.98 1595.56 1417.18 14.62 21.61 553.16 2388.15 9059.37 1.3 47.68 520.65 2388.15 8142.64 8.4381 0.03 394 2388 100.0 38.6 23.0946
91 132 0.0003 0.0003 100.0 518.67 642.72 1598.03 1421.53 14.62 21.61 552.72 2388.11 9064.74 1.3 47.7 520.85 2388.2 8141.85 8.4693 0.03 393 2388 100.0 38.86 23.2985
91 133 0.0003 -0.0 100.0 518.67 643.74 1595.33 1416.67 14.62 21.61 552.72 2388.14 9073.89 1.3 47.72 521.07 2388.07 8139.32 8.4448 0.03 394 2388 100.0 38.77 23.2011
91 134 0.0025 -0.0003 100.0 518.67 643.78 1596.46 1417.1 14.62 21.61 552.54 2388.16 9060.7 1.3 47.68 520.39 2388.16 8147.3 8.462 0.03 394 2388 100.0 38.66 23.2049
91 135 0.0006 0.0001 100.0 518.67 643.16 1597.24 1413.94 14.62 21.61 552.08 2388.14 9074.12 1.3 47.99 520.78 2388.14 8149.25 8.4737 0.03 395 2388 100.0 38.64 23.1766
91 136 -0.0006 0.0001 100.0 518.67 643.28 1596.6 1421.46 14.62 21.61 552.91 2388.16 9064.7 1.3 47.75 520.27 2388.12 8142.56 8.5008 0.03 395 2388 100.0 38.63 23.1748
91 137 -0.0014 0.0003 100.0 518.67 642.98 1589.1 1417.56 14.62 21.61 552.17 2388.15 9062.25 1.3 47.77 520.75 2388.08 8142.94 8.4747 0.03 397 2388 100.0 38.66 23.1944
91 138 0.0001 -0.0001 100.0 518.67 642.86 1596.8 1412.16 14.62 21.61 552.53 2388.21 9055.01 1.3 47.76 520.27 2388.19 8137.9 8.519 0.03 394 2388 100.0 38.57 23.0831
91 139 0.0002 0.0001 100.0 518.67 643.08 1588.57 1415.32 14.62 21.61 551.57 2388.19 9068.75 1.3 47.92 520.3 2388.21 8135.74 8.4667 0.03 393 2388 100.0 38.44 23.2111
91 140 -0.0002 0.0003 100.0 518.67 643.24 1593.09 1425.25 14.62 21.61 552.74 2388.14 9052.34 1.3 47.95 519.77 2388.23 8137.01 8.5261 0.03 395 2388 100.0 38.83 23.2055
91 141 0.0002 -0.0002 100.0 518.67 643.65 1599.38 1425.53 14.62 21.61 552.01 2388.19 9067.64 1.3 47.93 520.31 2388.15 8138.48 8.4724 0.03 396 2388 100.0 38.7 23.1171
91 142 0.0062 0.0002 100.0 518.67 643.38 1590.31 1423.41 14.62 21.61 552.67 2388.19 9060.42 1.3 47.9 520.61 2388.23 8136.43 8.4592 0.03 394 2388 100.0 38.64 23.2124
91 143 0.0007 0.0004 100.0 518.67 643.39 1599.23 1420.52 14.62 21.61 552.42 2388.23 9067.11 1.3 47.9 520.2 2388.19 8138.59 8.4578 0.03 394 2388 100.0 38.66 23.1636
91 144 0.0006 0.0003 100.0 518.67 643.76 1600.76 1423.38 14.62 21.61 551.28 2388.18 9066.76 1.3 47.98 520.46 2388.19 8130.1 8.5042 0.03 395 2388 100.0 38.69 23.2764
91 145 -0.0022 -0.0004 100.0 518.67 643.23 1597.46 1415.1 14.62 21.61 552.13 2388.24 9064.95 1.3 47.82 519.72 2388.16 8136.83 8.5298 0.03 396 2388 100.0 38.71 23.1927
91 146 0.0009 -0.0002 100.0 518.67 643.32 1597.43 1421.79 14.62 21.61 551.64 2388.19 9060.03 1.3 48.19 520.13 2388.19 8134.95 8.5121 0.03 395 2388 100.0 38.45 23.1376
91 147 0.0036 0.0004 100.0 518.67 643.39 1599.09 1420.38 14.62 21.61 551.49 2388.22 9062.1 1.3 47.98 520.07 2388.27 8131.63 8.4661 0.03 396 2388 100.0 38.64 23.0942
91 148 0.0002 -0.0005 100.0 518.67 643.93 1598.44 1429.21 14.62 21.61 551.91 2388.23 9062.35 1.3 48.08 519.94 2388.23 8128.1 8.5328 0.03 395 2388 100.0 38.57 23.0592
91 149 -0.0023 -0.0004 100.0 518.67 643.6 1602.04 1427.23 14.62 21.61 552.58 2388.19 9058.15 1.3 47.92 519.35 2388.27 8142.79 8.5186 0.03 394 2388 100.0 38.75 23.0938
91 150 0.0027 0.0001 100.0 518.67 643.72 1595.45 1425.02 14.62 21.61 550.42 2388.25 9061.9 1.3 48.09 520.2 2388.19 8133.23 8.5051 0.03 396 2388 100.0 38.44 23.1168
91 151 -0.0031 -0.0001 100.0 518.67 643.27 1593.6 1425.95 14.62 21.61 551.88 2388.25 9058.09 1.3 48.37 519.88 2388.23 8130.88 8.5306 0.03 395 2388 100.0 38.56 23.1018
91 152 0.0011 -0.0 100.0 518.67 643.61 1601.55 1429.93 14.62 21.61 550.66 2388.24 9053.03 1.3 48.06 520.47 2388.33 8132.59 8.5669 0.03 397 2388 100.0 38.46 23.0299
91 153 -0.0013 -0.0001 100.0 518.67 644.1 1589.01 1425.03 14.62 21.61 551.3 2388.3 9060.32 1.3 48.09 519.92 2388.28 8130.06 8.5245 0.03 396 2388 100.0 38.59 23.1138
91 154 -0.0005 -0.0002 100.0 518.67 643.63 1595.18 1427.31 14.62 21.61 551.31 2388.27 9063.18 1.3 48.25 519.62 2388.25 8133.66 8.5464 0.03 396 2388 100.0 38.59 23.084
91 155 -0.0003 -0.0003 100.0 518.67 643.85 1605.08 1433.12 14.62 21.61 551.03 2388.28 9058.38 1.3 48.3 519.56 2388.29 8132.21 8.5261 0.03 396 2388 100.0 38.46 23.0161
91 156 0.0077 -0.0003 100.0 518.67 643.91 1610.83 1428.1 14.62 21.61 551.23 2388.27 9058.61 1.3 48.19 519.55 2388.29 8130.41 8.5079 0.03 396 2388 100.0 38.61 23.0567
