84 1 0.0018 0.0 100.0 518.67 642.6 1584.39 1407.44 14.62 21.61 553.21 2388.1 9047.8 1.3 47.44 521.64 2388.07 8130.25 8.4272 0.03 394 2388 100.0 38.92 23.3157
84 2 20.0069 0.7017 100.0 491.19 607.18 1486.93 1257.56 9.35 13.66 334.85 2323.92 8721.23 1.08 44.48 315.19 2388.05 8051.48 9.2094 0.02 365 2324 100.0 24.53 14.7473
84 3 0.0013 0.0004 100.0 518.67 642.82 1597.5 1417.66 14.62 21.61 553.4 2388.12 9048.96 1.3 47.52 521.67 2388.11 8135.93 8.4335 0.03 393 2388 100.0 38.91 23.1636
84 4 42.0062 0.8412 100.0 445.0 549.27 1352.89 1130.94 3.91 5.71 139.0 2211.77 8315.26 1.02 41.96 130.67 2387.88 8076.76 9.363 0.02 332 2212 100.0 10.66 6.3473
84 5 0.0028 0.0 100.0 518.67 642.74 1585.66 1402.08 14.62 21.61 553.36 2388.12 9045.76 1.3 47.55 521.41 2388.07 8132.93 8.4346 0.03 394 2388 100.0 38.82 23.2684
84 6 20.0047 0.7001 100.0 491.19 607.52 1481.83 1256.77 9.35 13.65 334.26 2323.95 8721.74 1.08 44.27 315.01 2388.04 8058.58 9.2416 0.02 365 2324 100.0 24.15 14.6472
84 7 10.0016 0.25 100.0 489.05 604.91 1497.16 1304.6 10.52 15.49 393.84 2318.93 8772.26 1.26 45.45 371.27 2388.15 8126.78 8.6562 0.03 369 2319 100.0 28.54 17.1554
84 8 42.003 0.84 100.0 445.0 550.09 1348.38 1132.93 3.91 5.71 138.82 2211.66 8315.9 1.02 42.04 130.52 2387.79 8072.69 9.3325 0.02 330 2212 100.0 10.49 6.3178
84 9 42.0011 0.84 100.0 445.0 549.75 1355.61 1126.87 3.91 5.71 139.11 2211.78 8315.15 1.02 42.11 130.62 2387.77 8080.17 9.3862 0.02 331 2212 100.0 10.57 6.3596
84 10 10.0033 0.2512 100.0 489.05 605.12 1499.84 1307.11 10.52 15.5 394.7 2318.94 8763.72 1.26 45.54 372.43 2388.08 8123.27 8.6393 0.03 369 2319 100.0 28.58 17.086
84 11 25.0037 0.6217 60.0 462.54 536.58 1264.79 1048.49 7.05 9.02 175.93 1915.26 8009.25 0.94 36.58 165.24 2028.1 7861.75 10.8651 0.02 305 1915 84.93 14.36 8.5375
84 12 10.0029 0.2516 100.0 489.05 605.19 1503.35 1307.89 10.52 15.49 393.89 2318.98 8778.98 1.26 45.32 371.27 2388.16 8126.89 8.6414 0.03 369 2319 100.0 28.41 17.093
84 13 20.0053 0.7 100.0 491.19 607.54 1480.34 1250.58 9.35 13.66 334.5 2323.93 8717.87 1.08 44.54 315.34 2388.08 8046.49 9.2337 0.02 364 2324 100.0 24.43 14.7249
84 14 35.0056 0.84 100.0 449.44 555.44 1369.61 1133.08 5.48 8.0 195.31 2222.81 8342.41 1.02 42.02 182.82 2387.91 8070.54 9.3215 0.02 333 2223 100.0 14.79 8.8902
84 15 0.0012 0.0 100.0 518.67 642.94 1588.95 1414.84 14.62 21.61 552.62 2388.13 9049.04 1.3 47.61 521.19 2388.07 8127.72 8.4102 0.03 392 2388 100.0 38.54 23.2654
84 16 42.0032 0.8412 100.0 445.0 549.37 1360.22 1126.92 3.91 5.71 138.91 2211.79 8324.38 1.02 42.01 130.63 2387.84 8084.25 9.3644 0.02 330 2212 100.0 10.4 6.3286
84 17 10.0015 0.25 100.0 489.05 605.05 1505.54 1303.45 10.52 15.49 394.57 2318.93 8781.88 1.26 45.42 371.72 2388.14 8119.58 8.6694 0.03 370 2319 100.0 28.52 17.0523
84 18 0.0012 0.0 100.0 518.67 642.39 1581.91 1411.35 14.62 21.61 553.7 2388.09 9044.8 1.3 47.47 521.31 2388.08 8133.91 8.4429 0.03 393 2388 100.0 38.71 23.3474
84 19 35.0063 0.8419 100.0 449.44 555.7 1364.58 1130.84 5.48 8.0 194.78 2222.88 8348.41 1.02 41.93 183.03 2387.95 8065.28 9.35 0.02 333 2223 100.0 14.69 8.8953
84 20 9.9982 0.2508 100.0 489.05 604.78 1504.01 1309.93 10.52 15.49 394.25 2318.92 8778.64 1.26 45.49 371.29 2388.12 8123.44 8.6456 0.03 369 2319 100.0 28.51 17.0407
84 21 20.0057 0.7 100.0 491.19 607.53 1485.1 1258.67 9.35 13.66 333.75 2323.94 8722.3 1.08 44.59 314.81 2388.07 8055.89 9.2341 0.02 364 2324 100.0 24.53 14.6856
84 22 20.0007 0.7017 100.0 491.19 607.8 1480.8 1249.32 9.35 13.66 335.28 2323.96 8713.39 1.08 44.29 314.49 2388.11 8057.22 9.2338 0.02 366 2324 100.0 24.61 14.6563
84 23 42.0054 0.84 100.0 445.0 549.24 1356.28 1115.71 3.91 5.71 138.95 2211.8 8316.54 1.02 42.05 130.49 2387.81 8077.66 9.3719 0.02 331 2212 100.0 10.47 6.3298
84 24 35.0044 0.8401 100.0 449.44 555.92 1361.17 1135.21 5.48 8.0 194.21 2222.84 8347.19 1.02 41.79 183.22 2387.91 8062.66 9.3186 0.02 333 2223 100.0 14.71 8.8438
84 25 42.0035 0.8405 100.0 445.0 549.55 1353.0 1126.9 3.91 5.72 138.51 2211.78 8310.12 1.02 42.14 130.47 2387.84 8076.01 9.3697 0.02 330 2212 100.0 10.48 6.3621
84 26 41.9997 0.8412 100.0 445.0 548.94 1359.12 1128.07 3.91 5.72 138.18 2211.8 8321.19 1.02 42.08 130.56 2387.85 8084.71 9.3803 0.02 330 2212 100.0 10.67 6.4325
84 27 25.0029 0.62 60.0 462.54 536.53 1262.42 1051.49 7.05 9.02 174.43 1915.25 8008.22 0.94 36.8 164.25 2028.11 7868.98 10.9257 0.02 309 1915 84.93 14.36 8.6023
84 28 41.9986 0.84 100.0 445.0 549.95 1349.05 1121.42 3.91 5.71 139.06 2211.83 8315.44 1.02 42.15 130.31 2387.84 8077.44 9.3784 0.02 333 2212 100.0 10.6 6.2798
84 29 20.0073 0.7016 100.0 491.19 606.92 1481.86 1246.88 9.35 13.66 334.08 2323.99 8715.24 1.08 44.42 314.79 2388.09 8055.93 9.2254 0.02 365 2324 100.0 24.56 14.6854
84 30 20.0029 0.7 100.0 491.19 607.96 1486.12 1259.17 9.35 13.65 333.69 2323.93 8721.24 1.08 44.26 315.07 2388.09 8054.43 9.2356 0.02 365 2324 100.0 24.55 14.6633
84 31 25.0043 0.62 60.0 462.54 536.18 1257.25 1048.76 7.05 9.02 175.77 1915.23 8007.04 0.94 36.72 164.56 2028.15 7874.91 10.8783 0.02 306 1915 84.93 14.31 8.5286
84 32 42.0012 0.841 100.0 445.0 549.92 1351.29 1125.68 3.91 5.71 138.68 2211.8 8315.03 1.02 42.2 131.06 2387.83 8078.13 9.3399 0.02 332 2212 100.0 10.56 6.3287
84 33 42.0002 0.84 100.0 445.0 549.86 1350.82 1126.0 3.91 5.72 138.05 2211.77 8317.55 1.02 42.23 130.24 2387.9 8080.86 9.3881 0.02 332 2212 100.0 10.74 6.338
84 34 42.002 0.8407 100.0 445.0 549.64 1351.64 1122.67 3.91 5.71 139.08 2211.81 8316.83 1.02 42.29 130.45 2387.88 8076.02 9.3455 0.02 330 2212 100.0 10.64 6.3217
84 35 10.0075 0.25 100.0 489.05 604.97 1502.52 1301.0 10.52 15.49 394.55 2318.94 8770.69 1.26 45.3 371.29 2388.14 8123.19 8.6485 0.03 368 2319 100.0 28.61 17.0606
84 36 0.002 0.0006 100.0 518.67 642.37 1590.81 1409.07 14.62 21.61 553.71 2388.15 9054.2 1.3 47.38 521.22 2388.14 8128.67 8.4374 0.03 392 2388 100.0 38.88 23.2989
84 37 25.0004 0.62 60.0 462.54 536.56 1261.39 1054.08 7.05 9.02 175.39 1915.31 8011.27 0.94 36.93 164.89 2028.18 7872.56 10.9058 0.02 306 1915 84.93 14.08 8.5224
84 38 10.0011 0.2519 100.0 489.05 605.09 1501.24 1309.4 10.52 15.49 393.76 2318.99 8773.68 1.26 45.52 371.5 2388.09 8129.13 8.6674 0.03 367 2319 100.0 28.47 17.1211
84 39 42.0043 0.84 100.0 445.0 549.34 1350.77 1125.67 3.91 5.72 139.16 2211.79 8319.55 1.02 42.24 130.54 2387.85 8076.64 9.3664 0.02 330 2212 100.0 10.78 6.3085
84 40 42.005 0.84 100.0 445.0 549.8 1349.92 1127.67 3.91 5.71 138.63 2211.74 8314.4 1.02 42.08 130.3 2387.88 8079.33 9.3767 0.02 330 2212 100.0 10.61 6.3584
84 41 35.004 0.84 100.0 449.44 555.55 1362.66 1126.52 5.48 8.0 193.89 2222.84 8341.57 1.02 41.84 183.29 2387.87 8062.86 9.3232 0.02 334 2223 100.0 14.9 8.8415
84 42 41.9997 0.8416 100.0 445.0 549.58 1354.94 1122.04 3.91 5.71 138.9 2211.75 8317.41 1.02 42.16 130.39 2387.79 8081.25 9.3384 0.02 331 2212 100.0 10.62 6.3919
84 43 24.9993 0.62 60.0 462.54 537.08 1256.55 1048.99 7.05 9.03 174.76 1915.3 8008.77 0.94 37.01 164.12 2028.11 7872.78 10.8972 0.02 307 1915 84.93 14.31 8.623
84 44 0.0005 0.0 100.0 518.67 642.5 1585.19 1409.02 14.62 21.61 553.72 2388.04 9051.07 1.3 47.53 521.53 2388.09 8128.77 8.4115 0.03 392 2388 100.0 38.83 23.4129
84 45 25.0077 0.6214 60.0 462.54 536.39 1259.83 1051.51 7.05 9.03 175.55 1915.21 8009.7 0.94 36.68 164.53 2028.11 7872.06 10.8573 0.02 307 1915 84.93 14.24 8.5506
84 46 34.9988 0.8412 100.0 449.44 556.0 1362.94 1128.86 5.48 8.0 194.23 2222.86 8342.41 1.02 41.88 183.4 2387.88 8060.87 9.3337 0.02 334 2223 100.0 15.02 8.9426
84 47 35.0061 0.8404 100.0 449.44 555.47 1371.01 1127.34 5.48 8.0 194.22 2222.88 8344.47 1.02 42.22 182.69 2387.92 8060.98 9.3603 0.02 333 2223 100.0 14.87 8.9006
84 48 10.0031 0.25 100.0 489.05 604.68 1501.04 1313.7 10.52 15.49 394.51 2318.92 8769.37 1.26 45.34 371.69 2388.21 8126.3 8.6919 0.03 369 2319 100.0 28.67 17.0714
84 49 42.0033 0.84 100.0 445.0 550.04 1354.86 1126.01 3.91 5.72 137.92 2211.78 8314.78 1.02 42.14 131.16 2387.85 8085.37 9.4138 0.02 329 2212 100.0 10.36 6.411
84 50 9.9994 0.25 100.0 489.05 604.85 1498.51 1306.14 10.52 15.49 394.68 2318.92 8771.54 1.26 45.49 371.85 2388.11 8126.48 8.6371 0.03 370 2319 100.0 28.56 17.1654
84 51 20.006 0.7005 100.0 491.19 607.31 1484.65 1253.48 9.35 13.66 334.83 2323.92 8718.79 1.08 44.34 315.57 2388.08 8053.56 9.206 0.02 365 2324 100.0 24.6 14.6783
84 52 35.0022 0.8415 100.0 449.44 555.58 1358.7 1133.34 5.48 8.0 194.86 2222.89 8335.11 1.02 41.92 182.87 2388.0 8064.71 9.3226 0.02 334 2223 100.0 14.87 8.9719
84 53 20.0039 0.7 100.0 491.19 607.73 1484.46 1250.25 9.35 13.66 334.3 2323.96 8716.93 1.08 44.41 314.67 2388.06 8059.09 9.2194 0.02 367 2324 100.0 24.65 14.7195
84 54 20.0024 0.7014 100.0 491.19 607.35 1479.2 1246.7 9.35 13.65 334.61 2323.99 8725.52 1.08 44.34 315.08 2388.11 8057.81 9.2343 0.02 365 2324 100.0 24.61 14.6273
84 55 20.0007 0.7011 100.0 491.19 607.59 1484.67 1255.4 9.35 13.66 334.37 2323.97 8723.84 1.08 44.57 314.2 2388.07 8059.65 9.2325 0.02 367 2324 100.0 24.37 14.7182
84 56 42.005 0.84 100.0 445.0 549.58 1349.46 1120.1 3.91 5.72 137.99 2211.81 8323.67 1.02 42.02 130.77 2387.85 8082.98 9.3857 0.02 332 2212 100.0 10.6 6.4361
84 57 42.0003 0.84 100.0 445.0 550.02 1345.72 1120.73 3.91 5.72 138.39 2211.77 8316.02 1.02 42.07 131.05 2387.84 8081.27 9.3742 0.02 330 2212 100.0 10.6 6.3499
84 58 25.0014 0.6205 60.0 462.54 536.82 1255.46 1054.56 7.05 9.02 175.03 1915.27 8007.32 0.94 36.59 164.66 2028.18 7873.82 10.8882 0.02 307 1915 84.93 14.26 8.4891
84 59 42.0004 0.8408 100.0 445.0 549.64 1355.25 1125.44 3.91 5.71 137.91 2211.8 8314.02 1.02 41.92 130.37 2387.84 8079.99 9.4045 0.02 332 2212 100.0 10.45 6.3421
84 60 42.0001 0.84 100.0 445.0 549.88 1349.61 1119.32 3.91 5.71 138.29 2211.87 8318.11 1.02 41.97 130.66 2387.94 8081.07 9.3934 0.02 330 2212 100.0 10.67 6.3319
84 61 35.0052 0.84 100.0 449.44 555.79 1361.16 1124.29 5.48 8.0 194.37 2222.86 8342.19 1.02 41.88 183.29 2387.99 8061.96 9.2979 0.02 335 2223 100.0 14.84 8.9741
84 62 35.0043 0.84 100.0 449.44 556.1 1372.02 1128.6 5.48 8.0 194.23 2222.8 8341.39 1.02 41.98 182.87 2387.95 8065.31 9.3241 0.02 335 2223 100.0 14.91 8.7878
84 63 20.0059 0.7011 100.0 491.19 607.53 1488.7 1249.29 9.35 13.65 334.43 2323.94 8723.84 1.07 44.44 314.56 2388.09 8060.08 9.2023 0.03 366 2324 100.0 24.51 14.6542
84 64 42.008 0.84 100.0 445.0 549.39 1361.59 1131.62 3.91 5.71 138.96 2211.69 8314.31 1.02 42.05 130.89 2387.8 8079.38 9.3839 0.02 330 2212 100.0 10.48 6.3704
84 65 42.0 0.84 100.0 445.0 549.63 1354.03 1129.47 3.91 5.72 139.17 2211.79 8319.69 1.02 42.16 130.57 2387.89 8075.27 9.4167 0.02 330 2212 100.0 10.69 6.4412
84 66 42.0017 0.84 100.0 445.0 550.12 1352.93 1131.47 3.91 5.72 138.46 2211.79 8314.39 1.02 42.14 130.13 2387.86 8082.1 9.3856 0.02 332 2212 100.0 10.65 6.3735
84 67 20.0057 0.7 100.0 491.19 607.02 1483.55 1248.0 9.35 13.65 334.8 2323.89 8720.12 1.08 44.32 314.91 2388.11 8059.56 9.2061 0.02 366 2324 100.0 24.5 14.7345
84 68 25.0031 0.6204 60.0 462.54 537.11 1262.61 1044.8 7.05 9.03 175.49 1915.26 8003.79 0.94 36.99 164.56 2028.17 7870.01 10.8896 0.02 308 1915 84.93 14.46 8.6053
84 69 35.0043 0.8405 100.0 449.44 555.64 1371.07 1132.96 5.48 8.0 195.08 2222.89 8349.7 1.02 41.82 183.38 2387.99 8062.47 9.307 0.02 334 2223 100.0 15.01 8.8892
84 70 25.001 0.62 60.0 462.54 536.86 1253.32 1050.84 7.05 9.03 175.85 1915.27 8003.11 0.94 36.75 164.6 2028.12 7868.79 10.8761 0.02 306 1915 84.93 14.19 8.5753
84 71 34.998 0.8402 100.0 449.44 555.08 1367.8 1128.21 5.48 8.0 194.26 2222.88 8345.73 1.02 42.06 182.85 2387.98 8063.97 9.3208 0.02 335 2223 100.0 14.76 8.8794
84 72 42.007 0.84 100.0 445.0 549.45 1356.92 1123.53 3.91 5.71 139.01 2211.84 8318.9 1.02 42.23 130.57 2387.85 8085.47 9.3668 0.02 331 2212 100.0 10.59 6.2988
84 73 35.0002 0.84 100.0 449.44 556.15 1364.31 1122.44 5.48 8.0 195.4 2222.84 8344.0 1.02 41.98 183.25 2387.9 8062.68 9.3234 0.02 334 2223 100.0 14.78 8.9108
84 74 10.0008 0.251 100.0 489.05 604.87 1498.41 1307.09 10.52 15.49 394.03 2318.97 8777.44 1.26 45.19 371.92 2388.21 8127.26 8.6822 0.03 370 2319 100.0 28.41 17.1214
84 75 25.0048 0.62 60.0 462.54 536.85 1261.61 1053.05 7.05 9.03 174.97 1915.28 8003.34 0.94 36.83 164.46 2028.18 7876.85 10.8972 0.02 306 1915 84.93 14.25 8.5453
84 76 0.0006 0.0005 100.0 518.67 642.85 1596.58 1409.99 14.62 21.61 553.28 2388.11 9060.33 1.3 47.27 521.54 2388.13 8129.95 8.4509 0.03 394 2388 100.0 38.83 23.4218
84 77 0.0016 0.0013 100.0 518.67 642.65 1591.85 1407.6 14.62 21.61 553.48 2388.13 9053.05 1.3 47.76 521.1 2388.09 8134.78 8.4424 0.03 394 2388 100.0 38.92 23.3293
84 78 0.0008 0.0 100.0 518.67 642.19 1590.87 1405.77 14.62 21.61 553.36 2388.12 9051.81 1.3 47.49 521.16 2388.12 8133.41 8.4452 0.03 393 2388 100.0 38.81 23.2616
84 79 20.0007 0.7 100.0 491.19 607.59 1480.51 1252.82 9.35 13.66 334.67 2323.94 8721.97 1.08 44.47 314.5 2388.05 8056.52 9.224 0.02 364 2324 100.0 24.37 14.6819
84 80 9.9998 0.25 100.0 489.05 604.28 1499.78 1312.26 10.52 15.5 394.53 2318.99 8780.35 1.26 45.33 371.8 2388.16 8125.28 8.6555 0.03 371 2319 100.0 28.63 17.1321
84 81 42.0055 0.8404 100.0 445.0 549.49 1355.21 1121.95 3.91 5.71 138.24 2211.76 8314.64 1.02 42.22 130.61 2387.91 8076.53 9.3518 0.02 332 2212 100.0 10.79 6.2837
84 82 9.9999 0.2515 100.0 489.05 605.04 1495.65 1306.59 10.52 15.49 394.87 2318.96 8778.42 1.26 45.45 371.63 2388.16 8124.29 8.6622 0.03 369 2319 100.0 28.52 17.1409
84 83 42.0054 0.84 100.0 445.0 549.63 1352.45 1129.5 3.91 5.72 138.65 2211.8 8328.98 1.02 42.24 130.39 2387.89 8080.9 9.3619 0.02 331 2212 100.0 10.59 6.3325
84 84 42.0019 0.8415 100.0 445.0 549.51 1355.77 1128.23 3.91 5.72 139.04 2211.79 8308.65 1.02 42.15 130.73 2387.92 8074.02 9.4021 0.02 331 2212 100.0 10.69 6.4005
84 85 42.0052 0.8414 100.0 445.0 549.98 1353.68 1129.65 3.91 5.72 138.48 2211.74 8316.17 1.02 42.15 130.63 2387.88 8083.71 9.3641 0.02 332 2212 100.0 10.45 6.3102
84 86 42.004 0.84 100.0 445.0 549.92 1350.51 1126.38 3.91 5.72 138.55 2211.81 8315.79 1.02 42.1 130.11 2387.83 8077.01 9.3816 0.02 330 2212 100.0 10.69 6.2931
84 87 42.0058 0.84 100.0 445.0 550.12 1361.15 1130.45 3.91 5.71 138.74 2211.77 8317.79 1.02 42.23 130.63 2387.89 8083.8 9.3801 0.02 331 2212 100.0 10.49 6.3907
84 88 42.0001 0.8406 100.0 445.0 550.42 1359.48 1130.61 3.91 5.72 139.19 2211.89 8322.2 1.02 42.09 130.18 2387.9 8083.57 9.3678 0.02 333 2212 100.0 10.64 6.2558
84 89 25.0054 0.6211 60.0 462.54 536.75 1264.75 1051.28 7.05 9.02 175.14 1915.24 8003.81 0.94 36.87 164.37 2028.19 7873.1 10.889 0.02 307 1915 84.93 14.32 8.575
84 90 0.0022 0.0019 100.0 518.67 642.52 1589.12 1406.41 14.62 21.61 553.05 2388.13 9045.13 1.3 47.62 521.11 2388.12 8135.14 8.4699 0.03 392 2388 100.0 38.83 23.3253
84 91 20.0013 0.7 100.0 491.19 607.4 1487.83 1251.58 9.35 13.66 335.25 2323.94 8711.08 1.08 44.43 314.92 2388.1 8059.86 9.2234 0.02 364 2324 100.0 24.37 14.5708
84 92 35.0005 0.84 100.0 449.44 555.65 1362.92 1129.0 5.48 8.0 194.7 2222.85 8348.63 1.02 41.94 183.52 2387.97 8060.77 9.3295 0.02 335 2223 100.0 14.87 8.8673
84 93 41.9997 0.84 100.0 445.0 549.47 1354.91 1131.55 3.91 5.71 138.8 2211.86 8326.46 1.02 42.27 130.67 2387.86 8084.83 9.3695 0.02 331 2212 100.0 10.4 6.3275
84 94 42.0059 0.84 100.0 445.0 549.68 1347.53 1121.27 3.91 5.71 138.75 2211.86 8315.34 1.02 42.2 130.61 2387.82 8080.78 9.3513 0.02 331 2212 100.0 10.65 6.3005
84 95 35.0072 0.84 100.0 449.44 555.37 1373.31 1130.58 5.48 8.0 194.55 2222.9 8349.81 1.02 41.98 183.34 2388.03 8066.63 9.3301 0.02 335 2223 100.0 14.72 8.9054
84 96 0.0017 0.0 100.0 518.67 643.04 1595.05 1407.45 14.62 21.61 554.0 2388.14 9056.9 1.3 47.44 520.97 2388.13 8133.41 8.4348 0.03 392 2388 100.0 38.85 23.3143
84 97 34.9986 0.84 100.0 449.44 555.48 1364.74 1130.87 5.48 8.0 194.15 2222.87 8348.79 1.02 42.03 183.72 2388.0 8057.0 9.3408 0.02 334 2223 100.0 14.75 8.8482
84 98 42.0016 0.84 100.0 445.0 549.86 1356.07 1129.53 3.91 5.72 138.34 2211.86 8318.71 1.02 42.07 130.39 2387.93 8078.68 9.3782 0.02 332 2212 100.0 10.74 6.3432
84 99 10.0029 0.25 100.0 489.05 604.65 1505.71 1309.61 10.52 15.49 394.78 2319.02 8779.07 1.26 45.49 371.8 2388.16 8125.01 8.6704 0.03 368 2319 100.0 28.5 17.1781
84 100 41.9987 0.8412 100.0 445.0 549.61 1351.93 1124.17 3.91 5.72 138.26 2211.8 8321.27 1.02 42.26 130.73 2387.93 8082.79 9.3523 0.02 331 2212 100.0 10.61 6.3726
84 101 42.0035 0.84 100.0 445.0 549.37 1353.02 1135.25 3.91 5.72 138.09 2211.85 8323.6 1.02 42.21 130.31 2387.92 8083.43 9.3942 0.02 331 2212 100.0 10.5 6.3798
84 102 0.0003 0.0 100.0 518.67 642.57 1590.57 1402.09 14.62 21.61 553.18 2388.11 9050.55 1.3 47.65 521.74 2388.09 8131.71 8.414 0.03 393 2388 100.0 38.67 23.3622
84 103 0.0011 0.0 100.0 518.67 642.16 1591.39 1411.88 14.62 21.61 553.62 2388.11 9053.03 1.3 47.55 521.3 2388.1 8140.28 8.446 0.03 393 2388 100.0 38.77 23.3967
84 104 42.0002 0.8403 100.0 445.0 549.39 1355.99 1119.13 3.91 5.72 137.8 2211.75 8318.24 1.02 42.11 130.37 2387.88 8079.49 9.3778 0.02 332 2212 100.0 10.53 6.3208
84 105 10.0022 0.2517 100.0 489.05 604.64 1493.04 1306.22 10.52 15.49 394.27 2318.99 8775.5 1.26 45.63 371.78 2388.12 8132.5 8.6845 0.03 370 2319 100.0 28.43 17.0833
84 106 9.9986 0.25 100.0 489.05 604.87 1503.08 1305.44 10.52 15.49 393.79 2319.0 8774.62 1.26 45.7 371.45 2388.15 8129.89 8.6426 0.03 371 2319 100.0 28.38 17.0447
84 107 9.9994 0.2511 100.0 489.05 604.52 1503.16 1306.95 10.52 15.49 394.35 2318.9 8772.52 1.26 45.59 371.41 2388.14 8128.0 8.6446 0.03 369 2319 100.0 28.63 17.0921
84 108 25.0062 0.6214 60.0 462.54 536.56 1259.93 1047.64 7.05 9.03 175.79 1915.29 8008.56 0.94 36.87 163.98 2028.16 7866.16 10.9072 0.02 307 1915 84.93 14.48 8.5238
84 109 10.0013 0.2503 100.0 489.05 604.9 1504.13 1309.32 10.52 15.49 394.37 2318.92 8772.89 1.26 45.5 371.26 2388.15 8127.61 8.6677 0.03 370 2319 100.0 28.62 17.1227
84 110 41.9993 0.8416 100.0 445.0 550.38 1347.02 1130.72 3.91 5.71 138.76 2211.81 8316.07 1.02 42.22 130.79 2387.9 8088.8 9.3785 0.02 331 2212 100.0 10.56 6.3828
84 111 41.9991 0.84 100.0 445.0 549.89 1356.4 1122.57 3.91 5.72 138.65 2211.83 8319.96 1.02 42.2 129.95 2387.9 8075.91 9.3965 0.02 331 2212 100.0 10.5 6.3273
84 112 42.0006 0.84 100.0 445.0 549.56 1361.17 1130.34 3.91 5.71 138.48 2211.83 8326.14 1.02 42.26 130.66 2387.96 8079.32 9.3636 0.02 331 2212 100.0 10.84 6.359
84 113 24.9994 0.6214 60.0 462.54 536.78 1261.99 1050.1 7.05 9.03 175.28 1915.3 8017.89 0.94 36.82 164.39 2028.22 7873.7 10.946 0.02 308 1915 84.93 14.14 8.5
84 114 35.0036 0.84 100.0 449.44 554.63 1364.95 1138.51 5.48 8.0 194.53 2222.97 8354.04 1.02 41.98 182.65 2388.02 8066.56 9.3367 0.02 334 2223 100.0 14.76 8.9453
84 115 0.0001 0.0 100.0 518.67 642.65 1592.67 1408.17 14.62 21.61 553.18 2388.11 9052.55 1.3 47.45 521.58 2388.16 8133.72 8.4518 0.03 394 2388 100.0 38.73 23.3083
84 116 20.0019 0.7012 100.0 491.19 607.81 1489.5 1253.37 9.35 13.65 334.38 2323.97 8721.08 1.08 44.46 315.39 2388.17 8054.14 9.2548 0.03 365 2324 100.0 24.44 14.6241
84 117 34.9996 0.84 100.0 449.44 555.94 1371.53 1130.88 5.48 8.0 193.99 2222.9 8347.3 1.02 41.98 182.83 2387.94 8062.66 9.3397 0.02 333 2223 100.0 14.79 8.8532
84 118 25.0028 0.62 60.0 462.54 536.42 1260.75 1059.55 7.05 9.03 175.76 1915.28 8006.11 0.94 36.88 164.82 2028.18 7873.5 10.9465 0.02 307 1915 84.93 14.19 8.4998
84 119 10.0045 0.25 100.0 489.05 604.94 1502.28 1307.17 10.52 15.49 394.13 2318.99 8774.72 1.26 45.41 371.13 2388.13 8132.47 8.6407 0.03 371 2319 100.0 28.47 17.1159
84 120 19.9995 0.7 100.0 491.19 606.82 1483.65 1264.47 9.35 13.66 334.72 2323.96 8728.36 1.08 44.44 314.84 2388.12 8062.96 9.2699 0.02 365 2324 100.0 24.58 14.6043
84 121 20.0056 0.7016 100.0 491.19 607.94 1486.08 1254.61 9.35 13.66 334.38 2324.0 8724.26 1.07 44.37 314.67 2388.12 8061.96 9.2198 0.02 365 2324 100.0 24.64 14.6583
84 122 42.0016 0.84 100.0 445.0 549.87 1348.43 1134.45 3.91 5.72 138.69 2211.87 8321.24 1.02 42.03 130.64 2387.93 8086.45 9.3798 0.02 331 2212 100.0 10.45 6.342
84 123 24.9986 0.62 60.0 462.54 536.62 1263.49 1041.19 7.05 9.03 175.22 1915.4 8014.77 0.94 36.92 164.08 2028.24 7875.48 10.949 0.02 307 1915 84.93 14.33 8.576
84 124 42.0 0.84 100.0 445.0 549.86 1354.06 1125.33 3.91 5.72 139.01 2211.85 8324.27 1.02 42.16 130.44 2387.91 8079.77 9.4207 0.02 331 2212 100.0 10.57 6.2966
84 125 35.0016 0.84 100.0 449.44 555.87 1367.51 1131.99 5.48 8.0 194.73 2222.93 8354.17 1.02 41.98 182.79 2388.01 8068.73 9.3139 0.02 335 2223 100.0 14.82 8.8594
84 126 41.9991 0.842 100.0 445.0 549.66 1354.59 1124.23 3.91 5.72 138.15 2211.89 8318.18 1.02 42.17 130.31 2387.93 8084.11 9.3794 0.02 331 2212 100.0 10.53 6.2901
84 127 10.0049 0.25 100.0 489.05 604.97 1506.31 1312.62 10.52 15.49 393.89 2318.96 8781.87 1.26 45.54 371.69 2388.21 8132.67 8.6876 0.03 369 2319 100.0 28.42 17.1381
84 128 20.0009 0.7007 100.0 491.19 607.57 1490.55 1259.32 9.35 13.66 335.19 2324.07 8718.63 1.07 44.42 315.57 2388.15 8065.07 9.2092 0.02 364 2324 100.0 24.4 14.7065
84 129 20.0007 0.7002 100.0 491.19 607.74 1491.26 1254.92 9.35 13.66 334.04 2324.0 8725.92 1.08 44.54 314.84 2388.17 8064.0 9.2133 0.02 367 2324 100.0 24.31 14.6684
84 130 35.0011 0.84 100.0 449.44 556.05 1365.83 1126.19 5.48 8.0 194.2 2222.96 8351.47 1.02 42.08 182.41 2388.08 8066.02 9.3555 0.02 334 2223 100.0 15.02 8.9941
84 131 10.0027 0.2519 100.0 489.05 604.78 1505.47 1314.08 10.52 15.5 394.29 2319.01 8776.82 1.26 45.78 371.24 2388.2 8135.03 8.6708 0.03 368 2319 100.0 28.43 17.1341
84 132 24.9998 0.6201 60.0 462.54 537.58 1265.16 1057.65 7.05 9.02 175.52 1915.34 8010.95 0.94 36.68 164.83 2028.24 7880.48 10.8959 0.02 308 1915 84.93 14.28 8.5619
84 133 0.0007 0.0003 100.0 518.67 643.06 1588.28 1408.16 14.62 21.61 553.71 2388.1 9063.1 1.3 47.67 521.6 2388.08 8133.44 8.4604 0.03 393 2388 100.0 38.76 23.3628
84 134 25.0054 0.621 60.0 462.54 536.76 1265.94 1050.36 7.05 9.03 174.86 1915.28 8019.2 0.94 36.7 164.08 2028.24 7874.26 10.9344 0.02 307 1915 84.93 14.24 8.525
84 135 19.9997 0.7014 100.0 491.19 607.58 1494.03 1251.72 9.35 13.66 334.88 2323.97 8729.96 1.08 44.42 315.35 2388.18 8055.75 9.254 0.02 366 2324 100.0 24.34 14.6489
84 136 0.0027 0.0005 100.0 518.67 642.63 1591.09 1405.23 14.62 21.61 553.66 2388.13 9059.5 1.3 47.69 521.42 2388.13 8139.02 8.4242 0.03 393 2388 100.0 38.91 23.1858
84 137 25.004 0.62 60.0 462.54 536.3 1268.37 1049.13 7.05 9.03 175.14 1915.35 8009.78 0.94 36.85 164.53 2028.21 7874.45 10.9138 0.02 308 1915 84.93 14.34 8.5817
84 138 10.0035 0.251 100.0 489.05 605.08 1497.09 1312.95 10.52 15.5 394.4 2319.01 8785.34 1.26 45.66 371.46 2388.15 8133.64 8.6566 0.03 370 2319 100.0 28.49 16.956
84 139 35.0054 0.8415 100.0 449.44 555.23 1372.08 1133.82 5.48 8.0 194.31 2222.97 8358.57 1.02 42.01 182.76 2388.09 8069.88 9.3274 0.02 335 2223 100.0 14.79 8.9008
84 140 9.9993 0.2511 100.0 489.05 605.64 1507.39 1309.3 10.52 15.49 394.86 2318.93 8777.12 1.26 45.69 371.7 2388.2 8134.94 8.6784 0.03 368 2319 100.0 28.55 17.0773
84 141 42.0061 0.8414 100.0 445.0 549.7 1349.51 1130.93 3.91 5.72 138.97 2211.9 8322.66 1.02 42.06 130.49 2388.02 8084.76 9.3988 0.02 332 2212 100.0 10.68 6.3761
84 142 10.0017 0.2507 100.0 489.05 605.05 1501.78 1307.54 10.52 15.49 394.4 2318.98 8783.21 1.26 45.51 371.54 2388.16 8130.3 8.6596 0.03 370 2319 100.0 28.55 17.0647
84 143 0.0003 0.0 100.0 518.67 642.57 1596.09 1412.92 14.62 21.61 553.38 2388.08 9059.09 1.3 47.72 521.42 2388.2 8136.0 8.4971 0.03 394 2388 100.0 38.8 23.2264
84 144 35.0066 0.8401 100.0 449.44 555.84 1365.0 1135.87 5.48 8.0 194.72 2222.97 8356.15 1.02 41.99 182.62 2388.07 8065.87 9.3504 0.02 334 2223 100.0 14.96 8.8521
84 145 9.9994 0.25 100.0 489.05 604.96 1504.46 1311.95 10.52 15.5 393.55 2318.92 8778.9 1.26 45.36 371.08 2388.14 8132.93 8.6833 0.03 370 2319 100.0 28.49 17.0588
84 146 35.0033 0.841 100.0 449.44 555.97 1367.12 1127.0 5.48 8.0 193.81 2223.0 8353.37 1.02 42.15 182.97 2388.12 8075.06 9.3486 0.02 335 2223 100.0 14.87 8.9729
84 147 42.0067 0.84 100.0 445.0 549.68 1356.02 1125.61 3.91 5.72 138.82 2211.95 8331.92 1.02 42.13 130.24 2388.0 8085.42 9.3768 0.02 332 2212 100.0 10.59 6.345
84 148 9.9986 0.2502 100.0 489.05 604.81 1497.7 1316.21 10.52 15.49 393.88 2318.98 8783.07 1.26 45.52 371.06 2388.2 8137.79 8.6705 0.03 370 2319 100.0 28.52 17.0856
84 149 0.0016 0.0 100.0 518.67 642.76 1597.98 1413.44 14.62 21.61 552.79 2388.11 9064.24 1.3 47.6 521.36 2388.13 8137.71 8.4631 0.03 393 2388 100.0 38.73 23.2364
84 150 42.0037 0.84 100.0 445.0 549.56 1356.78 1131.2 3.91 5.72 138.33 2211.96 8336.21 1.02 42.44 131.19 2387.96 8085.84 9.3858 0.02 331 2212 100.0 10.51 6.4269
84 151 25.0003 0.6213 60.0 462.54 536.92 1257.11 1047.38 7.05 9.03 175.76 1915.4 8017.18 0.94 36.94 164.11 2028.31 7880.59 10.9165 0.02 309 1915 84.93 14.37 8.6435
84 152 10.0069 0.252 100.0 489.05 605.14 1500.74 1315.65 10.52 15.49 393.66 2318.97 8789.84 1.26 45.46 371.47 2388.23 8135.34 8.6993 0.03 371 2319 100.0 28.48 17.1941
84 153 24.9982 0.6203 60.0 462.54 536.38 1256.46 1057.54 7.05 9.03 175.53 1915.38 8024.97 0.94 36.91 164.66 2028.29 7872.76 10.9098 0.02 309 1915 84.93 14.36 8.5862
84 154 42.0045 0.84 100.0 445.0 550.47 1357.0 1132.25 3.91 5.71 138.67 2211.96 8328.28 1.02 42.16 130.2 2388.06 8090.97 9.4179 0.02 332 2212 100.0 10.47 6.3432
84 155 25.0032 0.6205 60.0 462.54 537.14 1270.44 1048.38 7.05 9.03 175.7 1915.42 8017.15 0.94 36.87 164.51 2028.3 7872.66 10.9362 0.02 308 1915 84.93 14.23 8.6236
84 156 10.0015 0.25 100.0 489.05 604.57 1501.18 1321.67 10.52 15.49 394.94 2318.97 8780.36 1.26 45.42 371.56 2388.21 8136.7 8.6663 0.03 369 2319 100.0 28.53 17.1325
84 157 42.0031 0.8405 100.0 445.0 549.82 1351.1 1120.6 3.91 5.71 138.97 2211.95 8332.47 1.02 42.13 131.14 2387.98 8086.06 9.4015 0.02 331 2212 100.0 10.56 6.2452
84 158 35.004 0.8409 100.0 449.44 556.17 1367.91 1125.83 5.48 8.0 194.0 2223.02 8353.28 1.02 42.05 183.1 2388.13 8069.67 9.3437 0.02 335 2223 100.0 14.79 8.9522
84 159 25.0039 0.6209 60.0 462.54 537.04 1263.82 1053.36 7.05 9.03 174.91 1915.39 8008.22 0.94 36.95 164.44 2028.35 7876.63 10.9127 0.02 309 1915 84.93 14.31 8.5433
84 160 25.0024 0.6201 60.0 462.54 536.69 1265.18 1059.05 7.05 9.03 175.41 1915.46 8016.0 0.94 37.09 164.63 2028.31 7879.12 10.9051 0.02 307 1915 84.93 14.22 8.5384
84 161 34.998 0.84 100.0 449.44 556.01 1366.24 1137.71 5.48 8.0 193.85 2223.0 8361.01 1.02 41.88 183.4 2388.14 8070.27 9.347 0.02 335 2223 100.0 14.97 8.7997
84 162 35.0031 0.84 100.0 449.44 555.71 1365.88 1137.57 5.48 8.0 193.8 2223.04 8360.02 1.02 42.06 183.1 2388.13 8070.67 9.3652 0.02 335 2223 100.0 14.77 8.8525
84 163 9.9992 0.2511 100.0 489.05 604.97 1500.58 1314.58 10.52 15.49 394.41 2318.98 8785.09 1.26 45.56 371.36 2388.2 8136.84 8.7013 0.03 369 2319 100.0 28.46 17.2065
84 164 35.0064 0.8416 100.0 449.44 555.94 1376.02 1137.27 5.48 8.0 193.73 2223.06 8360.66 1.02 41.95 182.91 2388.14 8072.0 9.2991 0.02 335 2223 100.0 14.9 8.9571
84 165 10.0051 0.2516 100.0 489.05 605.35 1498.44 1309.76 10.52 15.5 394.79 2318.98 8787.73 1.26 45.69 371.34 2388.24 8134.2 8.6652 0.03 371 2319 100.0 28.62 17.0172
84 166 25.0037 0.6218 60.0 462.54 537.16 1259.17 1053.29 7.05 9.03 175.27 1915.43 8016.16 0.94 36.84 164.44 2028.37 7881.14 10.9473 0.02 306 1915 84.93 14.19 8.6564
84 167 25.0009 0.62 60.0 462.54 537.04 1260.52 1052.49 7.05 9.03 175.87 1915.44 8010.11 0.94 36.93 163.33 2028.37 7882.91 10.9414 0.02 309 1915 84.93 14.27 8.4386
84 168 25.0047 0.6212 60.0 462.54 536.58 1273.19 1053.89 7.05 9.03 176.0 1915.42 8018.93 0.94 36.78 164.75 2028.3 7880.11 10.9267 0.02 307 1915 84.93 14.18 8.5328
84 169 42.0015 0.84 100.0 445.0 549.91 1358.7 1122.54 3.91 5.71 138.29 2211.99 8331.73 1.02 42.19 130.48 2388.11 8090.43 9.3683 0.02 331 2212 100.0 10.56 6.3976
84 170 25.006 0.62 60.0 462.54 537.02 1264.45 1047.09 7.05 9.03 175.52 1915.49 8019.76 0.94 36.86 164.44 2028.31 7881.57 10.9283 0.02 309 1915 84.93 14.28 8.5305
84 171 35.0073 0.8403 100.0 449.44 556.05 1369.35 1139.86 5.48 8.0 194.53 2223.06 8359.41 1.02 42.0 183.01 2388.14 8073.93 9.3496 0.02 335 2223 100.0 14.83 8.8211
84 172 25.0074 0.6212 60.0 462.54 537.08 1258.26 1046.56 7.05 9.03 175.02 1915.46 8010.14 0.94 36.8 164.29 2028.35 7881.45 10.9612 0.02 307 1915 84.93 14.18 8.4901
84 173 0.0015 0.0014 100.0 518.67 642.79 1594.98 1412.64 14.62 21.61 553.01 2388.12 9078.06 1.3 47.66 521.12 2388.11 8147.25 8.4668 0.03 394 2388 100.0 38.73 23.2174
84 174 41.9989 0.8413 100.0 445.0 550.13 1354.87 1130.34 3.91 5.72 138.49 2212.01 8332.07 1.02 42.36 131.21 2388.06 8092.34 9.4156 0.02 331 2212 100.0 10.53 6.3877
84 175 19.9984 0.7 100.0 491.19 607.18 1485.33 1257.6 9.35 13.66 335.24 2324.07 8740.72 1.08 44.45 315.8 2388.14 8068.38 9.2499 0.02 365 2324 100.0 24.38 14.6999
84 176 42.0029 0.8419 100.0 445.0 549.39 1355.2 1124.26 3.91 5.72 138.19 2212.03 8334.76 1.02 42.17 130.65 2388.16 8093.29 9.3939 0.02 330 2212 100.0 10.73 6.3188
84 177 20.007 0.7 100.0 491.19 608.07 1489.54 1256.88 9.35 13.66 334.27 2324.13 8738.99 1.08 44.57 314.78 2388.22 8073.05 9.2105 0.02 365 2324 100.0 24.42 14.6259
84 178 42.0068 0.84 100.0 445.0 549.61 1355.1 1127.86 3.91 5.72 138.75 2212.05 8333.16 1.02 42.25 130.29 2388.15 8094.4 9.372 0.02 332 2212 100.0 10.54 6.2783
84 179 25.0022 0.6212 60.0 462.54 537.05 1270.98 1047.71 7.05 9.03 175.04 1915.51 8021.56 0.94 36.95 164.93 2028.41 7881.04 10.9257 0.02 308 1915 84.93 14.08 8.5971
84 180 0.0021 0.0006 100.0 518.67 642.65 1593.48 1412.51 14.62 21.61 552.77 2388.15 9072.68 1.3 47.7 520.54 2388.11 8146.34 8.4437 0.03 395 2388 100.0 38.79 23.1625
84 181 42.0051 0.84 100.0 445.0 549.69 1357.92 1136.95 3.91 5.72 138.78 2212.0 8333.4 1.02 42.04 130.65 2388.08 8099.49 9.3635 0.02 330 2212 100.0 10.7 6.3003
84 182 25.0004 0.62 60.0 462.54 537.02 1263.04 1054.25 7.05 9.03 175.15 1915.5 8010.73 0.94 36.84 163.95 2028.43 7885.71 10.9501 0.02 305 1915 84.93 14.32 8.5248
84 183 10.0016 0.25 100.0 489.05 605.07 1502.93 1311.42 10.52 15.49 393.58 2319.01 8799.75 1.26 45.53 371.28 2388.17 8144.49 8.6637 0.03 372 2319 100.0 28.57 17.0648
84 184 0.0027 0.0004 100.0 518.67 643.46 1601.2 1409.09 14.62 21.61 552.9 2388.07 9082.7 1.3 47.61 520.46 2388.1 8144.2 8.4904 0.03 392 2388 100.0 38.58 23.2306
84 185 10.0012 0.25 100.0 489.05 605.51 1504.06 1314.0 10.52 15.5 394.08 2318.99 8792.09 1.26 45.85 371.22 2388.24 8141.64 8.6786 0.03 370 2319 100.0 28.51 17.0561
84 186 42.0079 0.84 100.0 445.0 550.05 1357.33 1136.51 3.91 5.71 138.3 2212.09 8336.44 1.02 42.38 130.73 2388.15 8097.02 9.3838 0.02 334 2212 100.0 10.48 6.3367
84 187 25.0007 0.62 60.0 462.54 536.83 1264.97 1054.55 7.05 9.03 175.02 1915.51 8026.83 0.94 37.14 164.72 2028.46 7883.48 10.9448 0.02 307 1915 84.93 14.15 8.5498
84 188 42.0005 0.8408 100.0 445.0 549.85 1359.15 1141.58 3.91 5.72 138.08 2212.08 8338.7 1.02 42.42 130.92 2388.17 8092.3 9.3347 0.02 333 2212 100.0 10.57 6.302
84 189 0.0026 0.0005 100.0 518.67 642.65 1592.09 1413.7 14.62 21.61 553.19 2388.18 9071.68 1.3 47.59 521.05 2388.14 8145.29 8.432 0.03 394 2388 100.0 38.72 23.199
84 190 35.0069 0.84 100.0 449.44 556.17 1368.2 1134.41 5.48 8.0 194.47 2223.22 8366.93 1.02 41.97 183.18 2388.22 8079.66 9.3489 0.02 334 2223 100.0 14.78 8.9244
84 191 10.0004 0.2501 100.0 489.05 605.15 1509.1 1314.22 10.52 15.5 393.4 2319.05 8803.9 1.26 45.66 371.08 2388.21 8139.99 8.6887 0.03 372 2319 100.0 28.34 17.151
84 192 9.9981 0.25 100.0 489.05 605.1 1508.66 1315.44 10.52 15.49 394.01 2319.0 8797.25 1.26 45.48 371.3 2388.2 8137.98 8.6743 0.03 369 2319 100.0 28.52 17.022
84 193 19.998 0.7001 100.0 491.19 607.79 1485.33 1261.39 9.35 13.66 333.63 2324.14 8744.51 1.07 44.67 314.78 2388.23 8075.25 9.254 0.02 366 2324 100.0 24.31 14.7141
84 194 42.0025 0.8414 100.0 445.0 550.12 1355.1 1130.75 3.91 5.72 138.38 2212.08 8343.7 1.02 42.37 130.76 2388.22 8102.39 9.4021 0.02 331 2212 100.0 10.32 6.2148
84 195 10.0064 0.25 100.0 489.05 605.47 1503.36 1305.95 10.52 15.49 394.09 2319.0 8794.45 1.26 45.88 371.09 2388.2 8148.04 8.7357 0.03 371 2319 100.0 28.48 17.0611
84 196 20.0078 0.7 100.0 491.19 608.01 1489.52 1264.92 9.35 13.66 334.16 2324.14 8741.52 1.08 44.5 315.17 2388.19 8078.6 9.2043 0.02 366 2324 100.0 24.3 14.6341
84 197 20.0061 0.7 100.0 491.19 607.21 1493.49 1260.1 9.35 13.66 334.19 2324.13 8746.85 1.08 44.72 315.1 2388.25 8073.96 9.2557 0.02 366 2324 100.0 24.32 14.6457
84 198 42.006 0.84 100.0 445.0 549.88 1358.23 1133.13 3.91 5.72 138.54 2212.1 8339.64 1.02 42.32 130.29 2388.23 8104.48 9.4165 0.02 331 2212 100.0 10.58 6.3532
84 199 42.0046 0.84 100.0 445.0 549.89 1356.0 1129.5 3.91 5.72 137.83 2212.23 8348.7 1.02 42.26 130.77 2388.25 8104.59 9.3884 0.02 333 2212 100.0 10.79 6.4028
84 200 35.0026 0.84 100.0 449.44 556.1 1364.44 1135.06 5.48 8.0 194.34 2223.25 8371.03 1.02 41.99 182.51 2388.35 8081.81 9.3421 0.02 335 2223 100.0 14.79 8.9751
84 201 42.0033 0.8402 100.0 445.0 550.61 1356.11 1137.14 3.91 5.72 138.58 2212.19 8345.43 1.02 42.48 130.5 2388.3 8099.07 9.3848 0.02 334 2212 100.0 10.64 6.3465
84 202 10.0034 0.25 100.0 489.05 605.35 1503.78 1321.23 10.52 15.5 393.87 2319.04 8803.01 1.26 45.83 370.92 2388.23 8141.67 8.6871 0.03 371 2319 100.0 28.37 17.0282
84 203 0.0012 0.0 100.0 518.67 643.08 1591.89 1419.66 14.62 21.61 553.2 2388.09 9077.43 1.3 47.81 520.85 2388.11 8149.43 8.4579 0.03 392 2388 100.0 38.55 23.1683
84 204 25.0075 0.62 60.0 462.54 536.79 1262.07 1062.58 7.05 9.03 175.92 1915.65 8027.74 0.94 37.02 164.23 2028.55 7890.28 10.9196 0.02 307 1915 84.93 14.3 8.5073
84 205 0.0005 0.0004 100.0 518.67 643.43 1592.38 1410.4 14.62 21.61 552.6 2388.13 9085.01 1.3 47.59 521.0 2388.11 8159.17 8.4724 0.03 394 2388 100.0 38.82 23.2351
84 206 34.9985 0.84 100.0 449.44 556.25 1373.66 1137.96 5.48 8.0 194.09 2223.33 8374.76 1.02 42.07 182.81 2388.46 8088.87 9.3706 0.02 336 2223 100.0 14.71 8.861
84 207 20.0075 0.702 100.0 491.19 607.68 1488.09 1258.34 9.35 13.66 334.09 2324.22 8741.92 1.07 44.56 314.49 2388.34 8079.19 9.2787 0.03 367 2324 100.0 24.4 14.4993
84 208 20.0034 0.7 100.0 491.19 607.73 1491.59 1255.62 9.35 13.66 334.79 2324.08 8750.15 1.07 44.76 314.44 2388.36 8077.45 9.2567 0.03 367 2324 100.0 24.27 14.4936
84 209 25.0047 0.62 60.0 462.54 537.01 1267.41 1054.86 7.05 9.03 174.94 1915.74 8040.36 0.94 36.98 164.43 2028.63 7896.54 10.9553 0.02 309 1915 84.93 14.24 8.606
84 210 25.0027 0.62 60.0 462.54 537.33 1264.75 1052.56 7.05 9.03 174.54 1915.75 8028.97 0.94 37.09 164.74 2028.55 7891.98 10.9515 0.02 309 1915 84.93 14.09 8.4919
84 211 0.0023 0.0006 100.0 518.67 643.0 1596.44 1417.09 14.62 21.61 552.97 2388.17 9093.33 1.3 47.66 520.92 2388.15 8160.48 8.4547 0.03 394 2388 100.0 38.56 23.1759
84 212 0.0012 0.0007 100.0 518.67 643.41 1599.65 1417.14 14.62 21.61 552.57 2388.14 9087.92 1.3 47.85 520.45 2388.16 8156.97 8.4624 0.03 393 2388 100.0 38.66 23.2106
84 213 24.9992 0.62 60.0 462.54 537.24 1272.79 1057.2 7.05 9.03 174.72 1915.68 8037.83 0.94 37.06 164.44 2028.67 7898.62 10.9442 0.02 308 1915 84.93 14.18 8.4545
84 214 41.9993 0.84 100.0 445.0 550.29 1359.03 1136.45 3.91 5.72 138.78 2212.3 8348.97 1.02 42.27 131.26 2388.38 8109.05 9.3795 0.02 331 2212 100.0 10.59 6.3323
84 215 0.0021 0.0015 100.0 518.67 643.04 1598.16 1420.0 14.62 21.61 552.19 2388.15 9080.98 1.3 47.92 520.78 2388.13 8160.63 8.5015 0.03 395 2388 100.0 38.46 23.3526
84 216 42.0054 0.842 100.0 445.0 549.72 1354.45 1131.71 3.91 5.72 139.04 2212.35 8346.87 1.02 42.39 130.66 2388.5 8114.99 9.3869 0.02 333 2212 100.0 10.59 6.2837
84 217 20.0003 0.7 100.0 491.19 608.17 1489.11 1258.78 9.35 13.66 334.56 2324.2 8756.72 1.07 44.49 314.76 2388.35 8082.8 9.2673 0.02 368 2324 100.0 24.4 14.5778
84 218 35.0019 0.8402 100.0 449.44 556.03 1368.43 1128.93 5.48 8.0 194.57 2223.41 8380.96 1.02 42.29 181.85 2388.56 8093.62 9.3696 0.02 335 2223 100.0 14.82 8.9682
84 219 42.0025 0.84 100.0 445.0 549.98 1356.04 1133.39 3.91 5.72 138.63 2212.35 8351.44 1.02 42.4 130.63 2388.51 8111.69 9.3741 0.02 331 2212 100.0 10.54 6.2295
84 220 10.0059 0.25 100.0 489.05 605.19 1506.35 1316.15 10.52 15.5 393.77 2319.04 8812.89 1.26 45.8 370.88 2388.24 8161.82 8.6869 0.03 371 2319 100.0 28.52 17.013
84 221 42.0031 0.84 100.0 445.0 550.59 1369.42 1131.61 3.91 5.72 138.72 2212.37 8353.35 1.02 42.26 130.41 2388.51 8110.78 9.4291 0.02 333 2212 100.0 10.53 6.2368
84 222 0.0012 0.0015 100.0 518.67 642.78 1603.79 1418.32 14.62 21.61 552.74 2388.12 9088.86 1.3 47.95 520.52 2388.09 8159.56 8.4714 0.03 395 2388 100.0 38.64 23.1662
84 223 24.9994 0.62 60.0 462.54 537.15 1264.22 1056.91 7.05 9.03 175.44 1915.84 8045.42 0.94 36.99 164.23 2028.77 7902.18 10.9731 0.02 308 1915 84.93 14.2 8.533
84 224 34.9999 0.8412 100.0 449.44 555.96 1373.48 1138.33 5.48 8.0 194.4 2223.47 8384.96 1.02 42.23 182.76 2388.65 8099.58 9.3863 0.02 336 2223 100.0 14.81 8.8457
84 225 0.0001 0.0 100.0 518.67 643.81 1588.09 1418.54 14.62 21.61 552.23 2388.12 9099.34 1.3 47.85 520.71 2388.12 8171.86 8.4876 0.03 394 2388 100.0 38.5 23.1073
84 226 19.9991 0.7014 100.0 491.19 608.36 1486.34 1264.22 9.35 13.66 334.48 2324.26 8763.52 1.07 44.63 314.11 2388.37 8092.68 9.2872 0.03 367 2324 100.0 24.33 14.6482
84 227 42.0061 0.84 100.0 445.0 549.7 1354.55 1138.66 3.91 5.72 138.58 2212.46 8361.72 1.02 42.37 130.27 2388.58 8115.83 9.3994 0.02 333 2212 100.0 10.67 6.2681
84 228 0.0018 0.0 100.0 518.67 643.11 1598.32 1421.16 14.62 21.61 552.71 2388.06 9097.42 1.3 47.96 520.63 2388.17 8170.36 8.4651 0.03 393 2388 100.0 38.73 23.1452
84 229 34.9989 0.84 100.0 449.44 556.6 1373.32 1142.56 5.48 8.0 194.52 2223.59 8390.81 1.02 42.13 182.66 2388.85 8102.68 9.3781 0.02 335 2223 100.0 14.87 8.8642
84 230 35.0016 0.84 100.0 449.44 556.11 1375.66 1142.5 5.48 8.0 193.11 2223.57 8383.69 1.02 42.28 183.16 2388.69 8099.25 9.3663 0.02 335 2223 100.0 14.76 8.805
84 231 20.002 0.7 100.0 491.19 608.56 1490.07 1266.82 9.35 13.66 334.23 2324.29 8764.69 1.08 44.87 314.08 2388.48 8093.62 9.2869 0.03 368 2324 100.0 24.34 14.5526
84 232 0.0012 0.0 100.0 518.67 642.8 1589.99 1422.54 14.62 21.61 553.21 2388.07 9094.49 1.3 47.86 520.45 2388.13 8175.08 8.5508 0.03 395 2388 100.0 38.6 23.1435
84 233 0.0026 0.0 100.0 518.67 643.93 1595.73 1423.26 14.62 21.61 552.58 2388.12 9106.8 1.3 47.78 520.58 2388.15 8179.34 8.5047 0.03 396 2388 100.0 38.5 23.1111
84 234 42.0007 0.84 100.0 445.0 550.11 1362.41 1138.18 3.91 5.72 138.54 2212.57 8366.69 1.02 42.39 130.71 2388.71 8122.59 9.449 0.02 332 2212 100.0 10.42 6.3559
84 235 20.0024 0.7011 100.0 491.19 607.94 1492.84 1265.78 9.35 13.66 333.82 2324.34 8773.55 1.07 44.76 314.11 2388.47 8096.58 9.273 0.03 367 2324 100.0 24.43 14.6081
84 236 35.0063 0.84 100.0 449.44 555.97 1373.38 1145.2 5.48 8.0 194.7 2223.68 8401.66 1.02 42.19 182.8 2388.83 8106.53 9.3874 0.02 338 2223 100.0 14.8 8.8548
84 237 35.0015 0.841 100.0 449.44 556.34 1378.59 1141.19 5.48 8.0 194.36 2223.76 8397.11 1.02 42.14 182.32 2388.93 8107.25 9.4073 0.02 335 2223 100.0 14.8 8.8476
84 238 19.9998 0.7016 100.0 491.19 607.98 1488.11 1268.01 9.35 13.66 333.81 2324.34 8773.27 1.07 44.56 314.78 2388.49 8101.84 9.311 0.03 368 2324 100.0 24.29 14.5185
84 239 41.9985 0.84 100.0 445.0 550.09 1361.36 1138.31 3.91 5.72 139.45 2212.64 8375.92 1.02 42.34 130.49 2388.76 8127.4 9.4266 0.02 332 2212 100.0 10.63 6.2137
84 240 25.0003 0.6205 60.0 462.54 537.45 1274.74 1057.23 7.05 9.03 174.7 1916.1 8046.03 0.94 37.16 164.34 2028.99 7914.41 11.0037 0.02 309 1915 84.93 14.07 8.405
84 241 25.0072 0.6202 60.0 462.54 537.17 1265.36 1058.82 7.05 9.03 174.78 1916.13 8049.74 0.94 37.03 164.13 2029.01 7912.87 10.9838 0.02 311 1915 84.93 14.16 8.5453
84 242 25.0004 0.6211 60.0 462.54 537.12 1270.88 1062.88 7.05 9.03 175.61 1916.04 8051.08 0.93 37.03 164.39 2029.03 7911.16 10.9955 0.02 310 1915 84.93 14.45 8.4899
84 243 20.0078 0.7 100.0 491.19 608.37 1501.45 1261.4 9.35 13.66 333.89 2324.33 8767.92 1.07 44.8 314.17 2388.5 8100.36 9.2899 0.03 367 2324 100.0 24.36 14.4276
84 244 0.0016 0.0006 100.0 518.67 643.3 1598.68 1420.98 14.62 21.61 552.4 2388.17 9113.11 1.3 47.95 520.35 2388.14 8185.41 8.5098 0.03 395 2388 100.0 38.51 23.0436
84 245 19.9998 0.7 100.0 491.19 608.84 1483.1 1269.27 9.35 13.66 332.97 2324.42 8782.32 1.07 45.02 314.85 2388.57 8104.45 9.286 0.03 366 2324 100.0 24.36 14.5711
84 246 0.0027 0.0011 100.0 518.67 643.1 1595.49 1423.7 14.62 21.61 551.86 2388.15 9113.84 1.3 47.98 520.35 2388.15 8182.42 8.5188 0.03 396 2388 100.0 38.56 23.1064
84 247 20.0078 0.7 100.0 491.19 608.17 1486.31 1265.57 9.35 13.66 333.66 2324.43 8779.12 1.07 44.85 314.17 2388.61 8101.09 9.2871 0.03 367 2324 100.0 24.34 14.6544
84 248 35.0043 0.84 100.0 449.44 556.85 1373.86 1142.69 5.48 8.01 194.69 2223.94 8411.05 1.02 42.31 183.2 2389.03 8113.22 9.3742 0.02 336 2223 100.0 14.66 8.7335
84 249 41.9983 0.8411 100.0 445.0 549.96 1362.86 1140.96 3.91 5.72 138.57 2212.85 8384.29 1.02 42.68 130.64 2388.95 8137.55 9.4117 0.02 333 2212 100.0 10.53 6.262
84 250 0.0002 0.0 100.0 518.67 643.65 1594.16 1418.9 14.62 21.61 552.53 2388.13 9116.58 1.3 47.99 520.4 2388.11 8187.23 8.5065 0.03 396 2388 100.0 38.58 23.0369
84 251 42.0044 0.841 100.0 445.0 550.28 1373.54 1140.55 3.91 5.72 138.68 2212.88 8387.95 1.02 42.61 130.64 2388.98 8139.58 9.4634 0.02 333 2212 100.0 10.57 6.2754
84 252 35.004 0.84 100.0 449.44 556.23 1376.53 1135.23 5.48 8.01 194.01 2224.02 8413.96 1.02 42.47 182.46 2389.18 8123.19 9.38 0.02 338 2223 100.0 14.66 8.9502
84 253 20.0 0.702 100.0 491.19 608.26 1494.45 1268.74 9.35 13.66 333.53 2324.43 8791.72 1.07 44.84 313.56 2388.64 8113.66 9.3134 0.03 367 2324 100.0 24.15 14.5884
84 254 10.0074 0.251 100.0 489.05 605.54 1509.21 1325.41 10.52 15.5 393.63 2319.14 8858.17 1.26 45.73 370.21 2388.37 8186.92 8.7304 0.03 372 2319 100.0 28.27 16.8749
84 255 35.006 0.84 100.0 449.44 556.37 1378.48 1148.33 5.48 8.01 194.92 2224.06 8422.05 1.02 42.44 182.43 2389.26 8124.59 9.3611 0.02 336 2223 100.0 14.78 8.8248
84 256 25.0022 0.6208 60.0 462.54 536.96 1274.11 1062.87 7.05 9.03 174.42 1916.37 8064.94 0.94 37.18 164.16 2029.31 7921.59 10.9736 0.02 310 1915 84.93 14.13 8.4984
84 257 20.0029 0.7 100.0 491.19 608.6 1498.32 1262.36 9.35 13.66 333.63 2324.61 8800.63 1.07 44.88 314.23 2388.68 8116.01 9.2588 0.03 368 2324 100.0 24.21 14.4905
84 258 10.0047 0.2511 100.0 489.05 606.05 1512.79 1327.06 10.52 15.5 393.25 2319.21 8854.07 1.26 46.15 370.74 2388.37 8192.56 8.7538 0.03 373 2319 100.0 28.25 17.1309
84 259 42.006 0.84 100.0 445.0 550.48 1359.71 1142.84 3.91 5.72 138.93 2213.0 8404.28 1.02 42.57 130.5 2389.18 8150.19 9.3981 0.02 334 2212 100.0 10.5 6.2966
169 1 10.0 0.25 100.0 489.05 604.55 1506.46 1305.99 10.52 15.49 393.68 2318.95 8773.01 1.26 45.39 371.39 2388.17 8126.05 8.6548 0.03 368 2319 100.0 28.31 17.0811
169 2 42.007 0.84 100.0 445.0 549.27 1349.97 1126.8 3.91 5.71 138.66 2211.75 8312.1 1.02 41.96 130.25 2387.86 8075.5 9.3816 0.02 330 2212 100.0 10.58 6.3066
169 3 24.9985 0.62 60.0 462.54 536.88 1259.85 1041.2 7.05 9.02 176.13 1915.2 8007.18 0.94 36.67 164.79 2028.11 7865.34 10.8886 0.02 305 1915 84.93 14.42 8.6908
169 4 0.0024 0.0 100.0 518.67 642.51 1583.75 1398.73 14.62 21.61 553.35 2388.13 9044.41 1.3 47.43 521.64 2388.03 8131.31 8.4628 0.03 393 2388 100.0 39.09 23.3154
169 5 35.0041 0.84 100.0 449.44 555.4 1367.73 1135.38 5.48 8.0 194.88 2222.79 8342.61 1.02 41.82 183.03 2387.92 8063.5 9.3033 0.02 334 2223 100.0 14.9 8.9249
169 6 35.003 0.84 100.0 449.44 555.39 1373.17 1127.34 5.48 8.0 194.36 2222.85 8341.55 1.02 41.97 182.72 2387.86 8063.0 9.3039 0.02 334 2223 100.0 14.88 8.8831
169 7 20.0079 0.7016 100.0 491.19 607.34 1489.15 1253.5 9.35 13.65 334.24 2323.88 8722.02 1.08 44.38 315.08 2388.07 8051.59 9.226 0.02 365 2324 100.0 24.46 14.7114
169 8 25.0054 0.6214 60.0 462.54 537.32 1260.95 1053.11 7.05 9.03 176.14 1915.19 8000.72 0.94 36.84 164.41 2028.09 7869.45 10.8901 0.02 306 1915 84.93 14.22 8.451
169 9 20.0033 0.7 100.0 491.19 606.89 1483.88 1249.67 9.35 13.66 334.43 2323.95 8715.22 1.08 44.21 315.12 2388.03 8053.69 9.2107 0.02 364 2324 100.0 24.61 14.8
169 10 20.0044 0.7 100.0 491.19 607.57 1485.65 1255.28 9.35 13.65 334.81 2323.93 8714.3 1.08 44.36 314.99 2388.1 8054.68 9.2039 0.02 366 2324 100.0 24.54 14.708
169 11 9.9986 0.2511 100.0 489.05 604.77 1496.13 1312.5 10.52 15.49 394.67 2318.95 8771.58 1.26 45.35 371.98 2388.12 8127.37 8.6374 0.03 370 2319 100.0 28.47 17.1134
169 12 35.0059 0.84 100.0 449.44 555.67 1366.7 1123.48 5.48 8.0 194.22 2222.78 8344.95 1.02 41.75 182.83 2387.95 8055.92 9.3412 0.02 336 2223 100.0 14.97 8.9335
169 13 10.0018 0.25 100.0 489.05 604.64 1498.87 1308.89 10.52 15.49 394.07 2318.91 8769.56 1.26 45.35 371.92 2388.1 8126.27 8.6335 0.03 370 2319 100.0 28.62 17.127
169 14 34.9982 0.8403 100.0 449.44 555.8 1367.15 1124.85 5.48 8.0 194.33 2222.81 8351.59 1.02 41.96 182.97 2387.86 8054.32 9.3462 0.02 334 2223 100.0 14.78 8.9274
169 15 0.0005 0.0 100.0 518.67 642.49 1584.94 1404.25 14.62 21.61 553.13 2388.05 9052.22 1.3 47.46 522.19 2388.15 8124.04 8.4064 0.03 391 2388 100.0 38.98 23.3344
169 16 25.0026 0.6201 60.0 462.54 536.81 1257.83 1048.04 7.05 9.03 175.96 1915.23 8001.65 0.94 36.7 165.12 2028.07 7869.15 10.8789 0.02 308 1915 84.93 14.36 8.5159
169 17 10.0019 0.2502 100.0 489.05 604.81 1501.65 1311.29 10.52 15.49 394.9 2318.86 8769.93 1.26 45.47 370.92 2388.18 8124.09 8.6291 0.03 369 2319 100.0 28.63 17.1325
169 18 24.9993 0.62 60.0 462.54 536.58 1261.78 1052.36 7.05 9.02 175.32 1915.23 8005.0 0.94 36.56 165.1 2028.2 7869.02 10.9014 0.02 306 1915 84.93 14.36 8.5975
169 19 20.0063 0.701 100.0 491.19 607.83 1481.22 1253.58 9.35 13.65 335.15 2323.97 8720.07 1.07 44.54 314.64 2388.09 8052.88 9.242 0.02 366 2324 100.0 24.37 14.6493
169 20 0.0008 0.0 100.0 518.67 642.17 1590.45 1407.86 14.62 21.61 553.1 2388.16 9049.28 1.3 47.59 521.59 2388.11 8126.66 8.4263 0.03 394 2388 100.0 38.74 23.3283
169 21 42.0012 0.84 100.0 445.0 549.97 1342.46 1123.02 3.91 5.72 139.83 2211.77 8312.8 1.02 42.01 130.36 2387.8 8081.51 9.3539 0.02 331 2212 100.0 10.61 6.2872
169 22 25.0054 0.622 60.0 462.54 536.52 1259.8 1050.5 7.05 9.02 175.73 1915.23 8006.6 0.94 36.64 165.15 2028.12 7867.13 10.8965 0.02 308 1915 84.93 14.32 8.6601
169 23 25.0039 0.62 60.0 462.54 536.81 1264.35 1041.65 7.05 9.03 175.46 1915.25 8003.14 0.94 36.78 164.66 2028.09 7864.85 10.9018 0.02 308 1915 84.93 14.22 8.6332
169 24 41.9981 0.84 100.0 445.0 549.14 1352.3 1125.88 3.91 5.71 138.63 2211.7 8315.47 1.02 42.16 130.38 2387.72 8073.36 9.3537 0.02 332 2212 100.0 10.56 6.3172
169 25 24.9996 0.621 60.0 462.54 536.26 1257.96 1044.06 7.05 9.03 175.49 1915.2 8007.57 0.94 36.77 164.92 2028.1 7863.99 10.8833 0.02 307 1915 84.93 14.15 8.6298
169 26 25.0022 0.62 60.0 462.54 536.4 1256.79 1053.07 7.05 9.02 175.5 1915.24 8005.34 0.94 36.81 164.44 2028.14 7868.86 10.9058 0.02 307 1915 84.93 14.35 8.6376
169 27 35.0026 0.84 100.0 449.44 555.37 1366.12 1129.77 5.48 8.0 194.49 2222.85 8346.1 1.02 41.8 182.78 2387.93 8061.0 9.3332 0.02 334 2223 100.0 14.75 9.0185
169 28 10.0017 0.25 100.0 489.05 604.61 1502.8 1317.81 10.52 15.49 394.53 2318.92 8768.62 1.26 45.39 371.61 2388.08 8121.91 8.6557 0.03 369 2319 100.0 28.46 17.145
169 29 25.0069 0.62 60.0 462.54 536.88 1268.07 1043.84 7.05 9.02 175.46 1915.23 8000.5 0.94 36.73 164.76 2028.11 7873.46 10.9105 0.02 308 1915 84.93 14.41 8.5706
169 30 19.9985 0.701 100.0 491.19 607.2 1476.14 1247.61 9.35 13.65 334.55 2323.95 8715.35 1.08 44.23 315.01 2388.08 8059.2 9.2337 0.02 365 2324 100.0 24.46 14.6718
169 31 25.007 0.62 60.0 462.54 536.87 1256.77 1055.34 7.05 9.02 175.85 1915.22 8006.06 0.94 36.8 164.83 2028.15 7871.63 10.8897 0.02 306 1915 84.93 14.35 8.7493
169 32 42.0078 0.84 100.0 445.0 549.23 1355.23 1129.7 3.91 5.71 139.1 2211.78 8314.28 1.02 41.8 130.11 2387.86 8077.87 9.3541 0.02 331 2212 100.0 10.55 6.4005
169 33 20.0046 0.7 100.0 491.19 607.47 1488.42 1250.2 9.35 13.65 334.79 2323.94 8717.33 1.08 44.42 314.76 2388.09 8058.21 9.1894 0.03 364 2324 100.0 24.39 14.6243
169 34 42.008 0.84 100.0 445.0 549.75 1353.33 1125.11 3.91 5.71 138.58 2211.8 8315.24 1.02 42.01 129.98 2387.89 8081.08 9.3472 0.02 330 2212 100.0 10.56 6.3218
169 35 24.9984 0.6217 60.0 462.54 536.68 1256.3 1046.99 7.05 9.03 175.89 1915.22 8005.71 0.94 36.85 164.32 2028.13 7873.4 10.9045 0.02 308 1915 84.93 14.39 8.5668
169 36 42.0015 0.84 100.0 445.0 548.94 1354.03 1125.2 3.91 5.72 139.46 2211.74 8317.08 1.02 42.3 130.91 2387.82 8083.7 9.3919 0.02 332 2212 100.0 10.69 6.3057
169 37 35.0021 0.8414 100.0 449.44 555.53 1363.76 1127.05 5.48 8.0 194.66 2222.83 8345.13 1.02 41.95 182.59 2387.94 8064.3 9.2987 0.02 334 2223 100.0 14.69 8.9565
169 38 34.998 0.84 100.0 449.44 555.71 1365.28 1127.52 5.48 8.0 195.0 2222.78 8343.46 1.02 41.88 182.91 2387.92 8061.87 9.307 0.02 334 2223 100.0 15.05 8.8913
169 39 0.0 0.0 100.0 518.67 643.15 1596.55 1405.98 14.62 21.61 553.67 2388.1 9052.39 1.3 47.66 521.82 2388.05 8126.55 8.4474 0.03 393 2388 100.0 38.93 23.3381
169 40 42.0058 0.8411 100.0 445.0 549.91 1355.93 1130.68 3.91 5.72 138.38 2211.79 8314.63 1.02 41.97 130.95 2387.85 8080.33 9.3529 0.02 330 2212 100.0 10.65 6.2197
169 41 42.0037 0.8416 100.0 445.0 549.53 1351.22 1116.57 3.91 5.72 138.05 2211.82 8313.7 1.02 42.1 130.29 2387.83 8086.82 9.4081 0.02 331 2212 100.0 10.64 6.4259
169 42 34.9987 0.84 100.0 449.44 555.61 1362.9 1125.61 5.48 8.0 194.32 2222.88 8338.46 1.02 41.93 183.19 2387.89 8062.53 9.3026 0.02 334 2223 100.0 14.97 8.94
169 43 24.9991 0.6217 60.0 462.54 536.99 1263.31 1051.37 7.05 9.02 175.73 1915.26 8006.89 0.94 36.8 165.17 2028.14 7869.85 10.8802 0.02 307 1915 84.93 14.27 8.5045
169 44 10.0044 0.2512 100.0 489.05 605.22 1493.94 1309.53 10.52 15.5 395.0 2318.94 8770.61 1.26 45.43 371.75 2388.13 8128.38 8.6485 0.03 369 2319 100.0 28.43 17.1409
169 45 19.9991 0.7007 100.0 491.19 607.55 1486.77 1246.42 9.35 13.66 335.12 2323.87 8711.13 1.08 44.32 314.26 2388.03 8052.23 9.2355 0.02 364 2324 100.0 24.62 14.6666
169 46 0.0017 0.0 100.0 518.67 642.22 1593.15 1409.68 14.62 21.61 553.12 2388.02 9054.25 1.3 47.24 521.39 2388.1 8127.59 8.4005 0.03 394 2388 100.0 38.88 23.3492
169 47 19.9992 0.701 100.0 491.19 607.24 1480.76 1247.24 9.35 13.66 335.1 2323.96 8722.74 1.08 44.45 315.05 2388.09 8056.62 9.2045 0.02 365 2324 100.0 24.57 14.7994
169 48 42.004 0.84 100.0 445.0 549.93 1352.8 1125.34 3.91 5.71 138.19 2211.77 8305.97 1.02 41.98 130.89 2387.82 8082.64 9.3784 0.02 330 2212 100.0 10.56 6.3773
169 49 0.0002 0.0017 100.0 518.67 642.32 1583.32 1408.61 14.62 21.61 554.0 2388.05 9049.79 1.3 47.55 521.91 2388.1 8128.65 8.4385 0.03 392 2388 100.0 39.01 23.4141
169 50 41.9989 0.8418 100.0 445.0 549.06 1354.03 1124.91 3.91 5.71 139.06 2211.77 8314.63 1.02 42.26 130.63 2387.87 8079.55 9.3819 0.02 329 2212 100.0 10.64 6.3486
169 51 0.0018 0.001 100.0 518.67 642.24 1590.98 1411.93 14.62 21.61 553.59 2388.04 9054.0 1.3 47.42 521.91 2388.14 8136.98 8.4498 0.03 393 2388 100.0 38.91 23.3272
169 52 35.0076 0.84 100.0 449.44 555.37 1365.72 1128.98 5.48 8.0 194.95 2222.82 8344.72 1.02 42.0 182.7 2387.94 8060.02 9.3074 0.02 333 2223 100.0 14.87 8.9239
169 53 42.0002 0.8401 100.0 445.0 549.42 1353.22 1127.34 3.91 5.72 138.55 2211.8 8316.4 1.02 42.19 130.24 2387.77 8077.63 9.3706 0.02 332 2212 100.0 10.55 6.3532
169 54 41.9982 0.84 100.0 445.0 549.14 1350.08 1129.92 3.91 5.72 139.45 2211.77 8320.56 1.02 42.0 130.49 2387.82 8078.22 9.3654 0.02 330 2212 100.0 10.64 6.4215
169 55 25.0027 0.62 60.0 462.54 536.16 1265.09 1044.95 7.05 9.02 175.54 1915.24 8007.93 0.94 36.68 164.84 2028.09 7865.13 10.8897 0.02 308 1915 84.93 14.27 8.584
169 56 20.0063 0.7 100.0 491.19 607.52 1480.44 1245.07 9.35 13.65 334.66 2323.93 8723.5 1.08 44.52 314.53 2388.06 8055.48 9.2365 0.02 363 2324 100.0 24.49 14.6926
169 57 25.0021 0.62 60.0 462.54 537.01 1267.86 1045.14 7.05 9.03 175.13 1915.21 8012.13 0.94 36.58 164.41 2028.09 7871.81 10.9214 0.02 307 1915 84.93 14.23 8.5416
169 58 35.0046 0.84 100.0 449.44 555.67 1367.81 1131.26 5.48 8.0 194.41 2222.84 8341.93 1.02 42.18 182.81 2387.98 8061.94 9.309 0.02 335 2223 100.0 14.99 8.9056
169 59 20.0004 0.7 100.0 491.19 607.31 1482.28 1250.88 9.35 13.66 334.91 2323.94 8717.97 1.08 44.51 315.03 2388.03 8054.02 9.2293 0.02 364 2324 100.0 24.38 14.5939
169 60 20.0035 0.7015 100.0 491.19 607.24 1486.68 1256.65 9.35 13.66 334.52 2323.95 8716.22 1.08 44.51 313.92 2388.07 8049.49 9.2379 0.02 365 2324 100.0 24.37 14.6841
169 61 42.0006 0.84 100.0 445.0 549.69 1351.87 1128.67 3.91 5.72 138.3 2211.82 8315.56 1.02 41.97 130.58 2387.93 8082.4 9.3564 0.02 330 2212 100.0 10.59 6.3906
169 62 35.0032 0.8406 100.0 449.44 556.16 1364.45 1124.66 5.48 8.0 194.33 2222.85 8343.57 1.02 41.84 183.21 2387.92 8065.59 9.3242 0.02 336 2223 100.0 14.78 8.8289
169 63 20.0 0.7 100.0 491.19 607.69 1481.8 1255.48 9.35 13.66 334.39 2323.98 8717.66 1.08 44.31 314.74 2388.02 8055.14 9.2551 0.02 366 2324 100.0 24.45 14.7702
169 64 25.0016 0.6217 60.0 462.54 536.74 1266.85 1051.73 7.05 9.03 175.24 1915.22 8004.71 0.94 36.86 164.06 2028.13 7872.28 10.9171 0.02 309 1915 84.93 14.29 8.4897
169 65 42.0077 0.8405 100.0 445.0 549.61 1355.31 1124.11 3.91 5.72 139.0 2211.75 8315.11 1.02 42.17 130.42 2387.88 8079.02 9.3892 0.02 331 2212 100.0 10.71 6.3765
169 66 42.0022 0.84 100.0 445.0 549.61 1344.69 1131.06 3.91 5.72 138.24 2211.72 8323.96 1.02 42.08 130.7 2387.82 8075.71 9.3686 0.02 331 2212 100.0 10.51 6.3899
169 67 20.0012 0.7013 100.0 491.19 607.5 1487.74 1256.46 9.35 13.65 334.58 2323.94 8725.52 1.08 44.44 315.16 2388.12 8056.95 9.235 0.02 366 2324 100.0 24.38 14.6646
169 68 19.9994 0.7 100.0 491.19 607.15 1485.54 1248.68 9.35 13.66 333.95 2323.97 8719.84 1.08 44.46 315.26 2388.1 8059.33 9.2437 0.02 367 2324 100.0 24.44 14.7497
169 69 41.9988 0.841 100.0 445.0 550.01 1349.56 1125.17 3.91 5.71 138.41 2211.72 8317.64 1.02 41.87 130.28 2387.84 8079.93 9.3955 0.02 330 2212 100.0 10.56 6.2752
169 70 35.0067 0.84 100.0 449.44 555.29 1368.31 1136.59 5.48 8.0 194.92 2222.86 8345.85 1.02 41.88 182.93 2387.9 8062.39 9.3307 0.02 333 2223 100.0 14.93 8.8879
169 71 10.0068 0.25 100.0 489.05 604.51 1500.02 1313.95 10.52 15.49 394.31 2319.0 8779.88 1.26 45.51 371.69 2388.17 8125.38 8.6805 0.03 370 2319 100.0 28.52 17.1963
169 72 35.0057 0.8411 100.0 449.44 556.14 1367.78 1123.63 5.48 8.0 194.31 2222.87 8348.6 1.02 42.08 182.95 2387.99 8061.01 9.3536 0.02 335 2223 100.0 14.85 8.8854
169 73 35.0037 0.84 100.0 449.44 555.92 1363.66 1132.99 5.48 8.0 194.72 2222.81 8339.1 1.02 41.78 183.55 2387.89 8060.82 9.3496 0.02 334 2223 100.0 14.83 8.9993
169 74 20.0003 0.7005 100.0 491.19 607.3 1481.38 1245.44 9.35 13.66 334.66 2323.98 8725.62 1.08 44.52 315.14 2388.09 8057.33 9.1994 0.02 366 2324 100.0 24.4 14.8726
169 75 41.9994 0.8404 100.0 445.0 549.13 1359.85 1124.63 3.91 5.72 138.6 2211.79 8315.0 1.02 42.03 130.86 2387.84 8076.97 9.3683 0.02 331 2212 100.0 10.4 6.3919
169 76 20.0049 0.7 100.0 491.19 607.36 1492.56 1255.35 9.35 13.66 334.64 2323.98 8716.79 1.08 44.48 314.86 2388.09 8056.59 9.2282 0.02 364 2324 100.0 24.4 14.6866
169 77 20.0052 0.7008 100.0 491.19 608.04 1483.79 1255.11 9.35 13.66 334.23 2323.98 8713.64 1.08 44.4 315.04 2388.12 8062.35 9.2175 0.02 365 2324 100.0 24.54 14.6374
169 78 34.9992 0.8402 100.0 449.44 555.5 1369.84 1126.88 5.48 8.0 194.55 2222.91 8349.02 1.02 41.92 183.41 2388.0 8065.5 9.3406 0.02 333 2223 100.0 14.88 8.9842
169 79 42.0001 0.84 100.0 445.0 550.15 1356.47 1128.19 3.91 5.71 138.49 2211.8 8319.02 1.02 42.04 130.76 2387.83 8079.88 9.3929 0.02 331 2212 100.0 10.65 6.4115
169 80 9.9994 0.2515 100.0 489.05 604.6 1496.1 1311.7 10.52 15.49 394.24 2318.98 8780.35 1.26 45.39 371.86 2388.15 8123.04 8.6658 0.03 368 2319 100.0 28.38 17.0963
169 81 35.007 0.8407 100.0 449.44 556.29 1360.14 1137.82 5.48 8.0 194.46 2222.86 8356.27 1.02 42.02 182.88 2387.95 8058.23 9.3411 0.02 333 2223 100.0 14.85 8.8764
169 82 0.0009 0.001 100.0 518.67 642.57 1591.51 1402.8 14.62 21.61 552.55 2388.16 9052.82 1.3 47.5 521.86 2388.12 8132.74 8.4697 0.03 394 2388 100.0 38.69 23.325
169 83 9.9984 0.2503 100.0 489.05 605.14 1507.81 1311.07 10.52 15.49 394.0 2318.91 8776.51 1.26 45.43 371.4 2388.12 8133.14 8.6545 0.03 370 2319 100.0 28.45 17.0052
169 84 41.9981 0.84 100.0 445.0 549.41 1355.57 1127.43 3.91 5.71 139.3 2211.85 8317.89 1.02 42.08 130.49 2387.97 8080.73 9.4107 0.02 331 2212 100.0 10.74 6.3127
169 85 42.0077 0.8404 100.0 445.0 549.3 1351.64 1118.33 3.91 5.72 138.88 2211.79 8320.68 1.02 42.2 130.67 2387.93 8080.14 9.3574 0.02 329 2212 100.0 10.77 6.3347
169 86 42.0069 0.8401 100.0 445.0 549.28 1353.34 1121.52 3.91 5.71 138.92 2211.82 8324.91 1.02 42.2 130.35 2387.83 8079.86 9.3887 0.02 331 2212 100.0 10.54 6.4407
169 87 0.0016 0.0004 100.0 518.67 642.45 1596.17 1400.58 14.62 21.61 553.11 2388.14 9053.67 1.3 47.51 521.46 2388.07 8129.89 8.4293 0.03 394 2388 100.0 39.02 23.3147
169 88 25.0059 0.6201 60.0 462.54 536.95 1260.17 1047.75 7.05 9.03 176.17 1915.33 8014.81 0.94 36.96 164.66 2028.21 7872.89 10.9018 0.02 307 1915 84.93 14.25 8.5917
169 89 25.0037 0.6207 60.0 462.54 537.02 1256.5 1053.35 7.05 9.03 176.3 1915.24 8005.37 0.94 36.83 164.89 2028.2 7876.62 10.915 0.02 306 1915 84.93 14.2 8.5504
169 90 10.0017 0.2519 100.0 489.05 605.05 1497.77 1308.77 10.52 15.49 395.23 2318.98 8774.84 1.26 45.54 371.03 2388.19 8127.85 8.6732 0.03 368 2319 100.0 28.52 17.2222
169 91 25.007 0.6218 60.0 462.54 536.72 1266.38 1054.22 7.05 9.03 175.79 1915.3 8006.85 0.94 36.84 164.65 2028.14 7867.67 10.9358 0.02 308 1915 84.93 14.13 8.5626
169 92 42.0064 0.84 100.0 445.0 549.8 1353.52 1125.11 3.91 5.72 138.39 2211.85 8311.21 1.02 42.06 130.28 2387.94 8079.13 9.3621 0.02 331 2212 100.0 10.58 6.2993
169 93 0.0026 0.0018 100.0 518.67 642.93 1585.36 1412.3 14.62 21.61 553.25 2388.13 9058.01 1.3 47.61 521.61 2388.1 8129.34 8.4045 0.03 395 2388 100.0 38.82 23.259
169 94 35.0064 0.8407 100.0 449.44 556.31 1374.58 1132.9 5.48 8.0 194.43 2222.9 8345.27 1.02 42.0 183.11 2387.94 8065.85 9.3464 0.02 334 2223 100.0 14.89 8.8496
169 95 25.0036 0.62 60.0 462.54 536.65 1263.52 1054.34 7.05 9.02 175.63 1915.29 8011.68 0.94 36.87 164.42 2028.2 7871.34 10.9441 0.02 306 1915 84.93 14.23 8.5733
169 96 0.0021 0.0019 100.0 518.67 642.69 1594.91 1409.77 14.62 21.61 553.86 2388.12 9056.36 1.3 47.43 521.44 2388.12 8137.24 8.4226 0.03 393 2388 100.0 38.7 23.3951
169 97 10.0072 0.2516 100.0 489.05 605.02 1499.24 1311.77 10.52 15.5 394.89 2319.0 8781.46 1.26 45.43 370.81 2388.22 8128.68 8.6605 0.03 370 2319 100.0 28.38 17.1148
169 98 20.0078 0.7014 100.0 491.19 608.41 1480.25 1245.1 9.35 13.66 334.85 2324.03 8722.69 1.08 44.45 314.84 2388.1 8059.88 9.2378 0.02 366 2324 100.0 24.45 14.5784
169 99 0.0009 0.0 100.0 518.67 643.28 1594.47 1402.81 14.62 21.61 553.48 2388.12 9055.97 1.3 47.6 521.87 2388.15 8132.85 8.4224 0.03 393 2388 100.0 38.86 23.3479
169 100 41.9993 0.8416 100.0 445.0 549.82 1355.32 1124.56 3.91 5.71 139.19 2211.87 8318.77 1.02 42.14 130.28 2387.96 8081.48 9.375 0.02 331 2212 100.0 10.56 6.4203
169 101 24.9992 0.6212 60.0 462.54 536.9 1262.87 1050.04 7.05 9.03 175.04 1915.29 8012.03 0.94 36.95 164.72 2028.21 7870.99 10.9085 0.02 306 1915 84.93 14.33 8.6926
169 102 19.9995 0.7 100.0 491.19 608.03 1491.2 1255.41 9.35 13.66 334.87 2324.0 8719.61 1.08 44.42 314.72 2388.09 8058.42 9.2533 0.02 367 2324 100.0 24.52 14.6089
169 103 42.0068 0.84 100.0 445.0 549.84 1353.1 1132.73 3.91 5.71 139.22 2211.83 8319.2 1.02 42.03 130.8 2387.84 8077.0 9.4027 0.02 331 2212 100.0 10.57 6.2142
169 104 10.0017 0.2509 100.0 489.05 604.93 1502.28 1311.6 10.52 15.49 393.74 2318.99 8776.32 1.26 45.58 371.08 2388.18 8127.45 8.6794 0.03 370 2319 100.0 28.59 17.0631
169 105 20.0023 0.7 100.0 491.19 607.6 1486.03 1254.86 9.35 13.66 334.62 2323.98 8722.3 1.08 44.37 314.55 2388.12 8059.39 9.2369 0.02 365 2324 100.0 24.41 14.6705
169 106 35.0018 0.84 100.0 449.44 555.64 1371.06 1136.28 5.48 8.0 194.26 2222.98 8362.05 1.03 41.81 182.53 2388.05 8064.63 9.3119 0.02 334 2223 100.0 14.86 9.0316
169 107 19.9982 0.7019 100.0 491.19 607.58 1488.32 1251.96 9.35 13.66 334.53 2323.96 8725.6 1.07 44.52 315.29 2388.15 8060.04 9.2342 0.02 368 2324 100.0 24.2 14.6993
169 108 34.9988 0.84 100.0 449.44 556.04 1362.52 1136.1 5.48 8.0 194.55 2222.93 8349.38 1.02 41.93 183.35 2388.01 8066.16 9.3707 0.02 335 2223 100.0 14.8 8.9264
169 109 41.9986 0.84 100.0 445.0 549.7 1354.67 1131.98 3.91 5.72 138.78 2211.89 8318.75 1.02 42.11 130.47 2387.92 8078.18 9.3725 0.02 330 2212 100.0 10.53 6.4334
169 110 10.003 0.25 100.0 489.05 604.9 1503.97 1314.62 10.52 15.49 394.45 2319.01 8778.13 1.26 45.4 371.63 2388.2 8130.46 8.6397 0.03 370 2319 100.0 28.5 17.0975
169 111 42.0032 0.84 100.0 445.0 549.56 1355.11 1133.34 3.91 5.71 138.44 2211.92 8322.84 1.02 42.09 130.27 2387.99 8086.89 9.3823 0.02 331 2212 100.0 10.53 6.3631
169 112 34.9996 0.842 100.0 449.44 555.45 1367.33 1128.29 5.48 8.0 194.49 2222.91 8343.57 1.02 41.91 182.96 2388.03 8062.18 9.332 0.02 336 2223 100.0 15.01 9.0206
169 113 0.0028 0.0002 100.0 518.67 642.8 1592.58 1419.18 14.62 21.61 553.1 2388.12 9061.23 1.3 47.7 521.25 2388.09 8144.89 8.4591 0.03 392 2388 100.0 38.92 23.3845
169 114 42.0041 0.84 100.0 445.0 549.69 1353.81 1123.3 3.91 5.71 138.97 2211.88 8328.04 1.02 42.08 130.39 2387.97 8088.16 9.37 0.02 332 2212 100.0 10.76 6.3218
169 115 42.0015 0.84 100.0 445.0 549.37 1353.68 1128.32 3.91 5.71 138.58 2211.91 8316.41 1.02 42.28 130.2 2387.97 8088.38 9.4105 0.02 331 2212 100.0 10.7 6.2238
169 116 0.0006 0.0 100.0 518.67 642.48 1590.04 1410.72 14.62 21.61 553.08 2388.09 9059.03 1.3 47.56 520.98 2388.12 8137.69 8.4343 0.03 392 2388 100.0 38.85 23.3039
169 117 0.0008 0.0014 100.0 518.67 642.45 1592.7 1410.86 14.62 21.61 553.6 2388.12 9062.36 1.3 47.6 521.56 2388.13 8140.74 8.4278 0.03 393 2388 100.0 38.73 23.1624
169 118 20.0034 0.7011 100.0 491.19 607.35 1483.72 1260.84 9.35 13.66 334.56 2324.02 8729.7 1.08 44.37 315.46 2388.12 8064.99 9.2437 0.02 366 2324 100.0 24.61 14.621
169 119 24.9996 0.6204 60.0 462.54 537.19 1267.56 1055.05 7.05 9.03 175.0 1915.36 8012.9 0.94 36.76 164.42 2028.29 7875.12 10.9268 0.02 309 1915 84.93 14.08 8.5874
169 120 0.0015 0.0005 100.0 518.67 642.71 1602.54 1407.19 14.62 21.61 552.88 2388.17 9055.36 1.3 47.82 520.67 2388.16 8144.85 8.4451 0.03 393 2388 100.0 38.91 23.2843
169 121 25.0012 0.62 60.0 462.54 536.86 1263.96 1057.05 7.05 9.03 174.72 1915.41 8016.62 0.94 36.86 164.71 2028.23 7874.22 10.9103 0.02 308 1915 84.93 14.08 8.6413
169 122 10.0028 0.251 100.0 489.05 605.18 1507.44 1312.74 10.52 15.49 394.31 2318.91 8780.55 1.26 45.62 371.05 2388.19 8136.73 8.677 0.03 370 2319 100.0 28.59 17.051
169 123 41.9995 0.8405 100.0 445.0 550.06 1357.55 1125.77 3.91 5.72 138.83 2211.96 8334.85 1.02 42.34 130.48 2387.96 8088.0 9.3504 0.02 332 2212 100.0 10.39 6.3431
169 124 10.0066 0.25 100.0 489.05 604.94 1495.01 1313.68 10.52 15.49 393.92 2318.99 8789.17 1.26 45.49 371.24 2388.19 8138.39 8.6868 0.03 370 2319 100.0 28.44 17.106
169 125 41.9988 0.84 100.0 445.0 549.75 1355.06 1133.01 3.91 5.72 139.1 2211.96 8326.97 1.02 42.29 130.34 2388.02 8091.55 9.3901 0.02 332 2212 100.0 10.62 6.3962
169 126 0.0025 0.0 100.0 518.67 643.24 1590.74 1410.89 14.62 21.61 552.62 2388.13 9070.96 1.3 47.77 520.87 2388.15 8136.91 8.4462 0.03 393 2388 100.0 38.73 23.1361
169 127 10.0029 0.2513 100.0 489.05 604.89 1500.27 1320.67 10.52 15.49 393.94 2318.99 8785.89 1.26 45.46 372.45 2388.2 8136.38 8.6836 0.03 369 2319 100.0 28.36 17.142
169 128 35.0047 0.8417 100.0 449.44 555.84 1362.68 1143.31 5.48 8.0 193.98 2223.05 8360.82 1.02 42.17 182.51 2388.13 8066.35 9.3763 0.02 334 2223 100.0 14.75 8.9153
169 129 35.0055 0.84 100.0 449.44 556.5 1367.44 1132.98 5.48 8.0 194.26 2223.06 8363.48 1.02 42.13 182.78 2388.15 8069.27 9.3575 0.02 336 2223 100.0 14.72 8.9341
169 130 0.0029 0.0 100.0 518.67 642.97 1593.88 1411.62 14.62 21.61 551.67 2388.12 9066.71 1.3 47.57 521.2 2388.13 8143.75 8.444 0.03 394 2388 100.0 38.92 23.1983
169 131 25.0071 0.6205 60.0 462.54 536.81 1262.94 1049.12 7.05 9.03 176.07 1915.41 8014.57 0.94 36.87 164.41 2028.37 7880.08 10.9359 0.02 308 1915 84.93 14.15 8.4901
169 132 10.0019 0.251 100.0 489.05 605.04 1506.18 1319.06 10.52 15.5 394.42 2318.99 8795.43 1.26 45.73 371.4 2388.2 8138.35 8.6871 0.03 370 2319 100.0 28.61 17.2248
169 133 20.0079 0.7005 100.0 491.19 607.91 1488.01 1256.02 9.35 13.66 334.28 2324.08 8729.56 1.08 44.56 314.61 2388.18 8070.98 9.2532 0.02 366 2324 100.0 24.56 14.6343
169 134 20.005 0.7002 100.0 491.19 607.84 1489.72 1257.56 9.35 13.66 333.92 2324.04 8734.22 1.08 44.53 314.8 2388.16 8069.74 9.2283 0.02 367 2324 100.0 24.49 14.626
169 135 9.9984 0.2515 100.0 489.05 605.24 1500.8 1313.46 10.52 15.49 393.66 2318.97 8786.41 1.26 45.47 371.19 2388.18 8132.05 8.6664 0.03 373 2319 100.0 28.46 17.1074
169 136 35.0002 0.84 100.0 449.44 555.78 1362.25 1135.17 5.48 8.0 194.31 2223.06 8359.02 1.02 42.03 183.07 2388.15 8078.09 9.33 0.02 334 2223 100.0 14.87 8.8806
169 137 9.9988 0.25 100.0 489.05 605.58 1506.29 1314.74 10.52 15.5 394.17 2319.05 8788.14 1.26 45.76 371.32 2388.27 8136.58 8.6968 0.03 371 2319 100.0 28.32 17.0295
169 138 42.0045 0.8411 100.0 445.0 550.17 1363.74 1133.83 3.91 5.71 138.99 2212.01 8334.13 1.02 42.46 130.41 2388.11 8095.41 9.3763 0.02 332 2212 100.0 10.41 6.32
169 139 42.0014 0.8403 100.0 445.0 549.78 1354.89 1134.33 3.91 5.71 138.38 2211.96 8337.22 1.02 42.32 130.33 2388.08 8086.36 9.3737 0.02 332 2212 100.0 10.39 6.4808
169 140 42.0005 0.8406 100.0 445.0 549.95 1362.38 1139.97 3.91 5.71 138.59 2212.06 8331.65 1.02 42.29 130.34 2388.14 8090.27 9.3928 0.02 332 2212 100.0 10.49 6.2803
169 141 35.0073 0.84 100.0 449.44 556.07 1370.36 1136.19 5.48 8.0 194.47 2223.15 8364.28 1.02 42.11 182.66 2388.22 8078.98 9.3436 0.02 335 2223 100.0 14.75 8.8675
169 142 34.9988 0.841 100.0 449.44 556.0 1375.18 1132.1 5.48 8.0 194.26 2223.14 8369.24 1.02 42.28 182.63 2388.2 8081.85 9.3263 0.02 336 2223 100.0 14.71 8.8992
169 143 0.0029 0.0002 100.0 518.67 643.11 1595.98 1425.43 14.62 21.61 552.4 2388.15 9064.98 1.3 47.73 520.69 2388.15 8144.3 8.4961 0.03 395 2388 100.0 38.75 23.2397
169 144 0.0011 0.0 100.0 518.67 643.25 1594.77 1412.13 14.62 21.61 552.19 2388.12 9065.16 1.3 47.63 520.84 2388.12 8148.74 8.4482 0.03 394 2388 100.0 38.54 23.2024
169 145 42.0005 0.84 100.0 445.0 549.9 1362.86 1136.96 3.91 5.72 138.1 2212.0 8337.79 1.02 42.26 129.86 2388.16 8095.98 9.4009 0.02 331 2212 100.0 10.65 6.2882
169 146 25.0033 0.62 60.0 462.54 537.02 1272.53 1055.68 7.05 9.03 175.46 1915.51 8021.05 0.94 37.09 164.09 2028.45 7886.79 10.9631 0.02 307 1915 84.93 14.2 8.5619
169 147 41.9982 0.8404 100.0 445.0 549.67 1364.99 1130.9 3.91 5.72 139.1 2212.11 8343.22 1.02 42.37 130.46 2388.18 8096.31 9.406 0.02 333 2212 100.0 10.52 6.3146
169 148 25.0058 0.621 60.0 462.54 537.05 1266.38 1057.65 7.05 9.03 175.32 1915.52 8029.05 0.94 37.1 164.49 2028.42 7882.29 10.9373 0.02 308 1915 84.93 14.22 8.6911
169 149 41.9986 0.8408 100.0 445.0 549.87 1358.37 1136.35 3.91 5.72 139.78 2212.13 8335.06 1.02 42.45 130.08 2388.23 8102.21 9.4156 0.02 332 2212 100.0 10.45 6.3802
169 150 35.0017 0.8418 100.0 449.44 556.08 1370.29 1138.7 5.48 8.0 194.18 2223.26 8362.24 1.02 42.01 183.28 2388.24 8080.73 9.4039 0.02 336 2223 100.0 14.74 8.9622
169 151 10.007 0.25 100.0 489.05 604.99 1504.8 1324.74 10.52 15.5 393.81 2319.04 8801.55 1.26 45.76 370.61 2388.23 8148.38 8.684 0.03 371 2319 100.0 28.48 16.9722
169 152 20.0066 0.7016 100.0 491.19 607.92 1496.0 1262.65 9.35 13.66 333.75 2324.19 8741.46 1.07 44.63 314.42 2388.28 8080.16 9.2371 0.03 367 2324 100.0 24.31 14.6165
169 153 0.0027 0.0 100.0 518.67 643.37 1592.71 1420.98 14.62 21.61 552.35 2388.15 9075.36 1.3 47.86 520.47 2388.15 8150.43 8.4653 0.03 393 2388 100.0 38.7 23.2219
169 154 42.0039 0.8402 100.0 445.0 549.61 1355.38 1138.86 3.91 5.72 138.36 2212.19 8350.06 1.02 42.33 130.28 2388.36 8106.51 9.3964 0.02 333 2212 100.0 10.49 6.3577
169 155 35.0068 0.84 100.0 449.44 556.27 1372.15 1136.91 5.48 8.0 194.35 2223.26 8373.85 1.02 42.12 182.71 2388.36 8086.46 9.3616 0.02 335 2223 100.0 14.81 8.8918
169 156 25.0052 0.6209 60.0 462.54 537.12 1262.2 1055.05 7.05 9.03 174.7 1915.63 8024.95 0.94 37.02 164.37 2028.51 7888.59 10.954 0.02 310 1915 84.93 14.12 8.499
169 157 42.0075 0.8416 100.0 445.0 549.78 1356.65 1132.24 3.91 5.72 138.05 2212.22 8346.34 1.02 42.42 130.32 2388.31 8106.56 9.4104 0.02 332 2212 100.0 10.63 6.2951
169 158 0.0016 0.0019 100.0 518.67 643.21 1594.11 1416.61 14.62 21.61 552.18 2388.11 9074.89 1.3 47.82 520.29 2388.15 8156.02 8.463 0.03 396 2388 100.0 38.59 23.1142
169 159 10.0072 0.2503 100.0 489.05 605.75 1513.24 1320.11 10.52 15.5 393.66 2319.05 8804.75 1.26 45.9 370.61 2388.31 8149.19 8.6952 0.03 371 2319 100.0 28.16 17.0782
169 160 42.0078 0.8414 100.0 445.0 550.18 1362.66 1144.47 3.91 5.72 138.43 2212.2 8349.48 1.02 42.43 130.43 2388.33 8103.83 9.4231 0.02 332 2212 100.0 10.65 6.3382
169 161 34.9982 0.8409 100.0 449.44 556.14 1373.48 1141.53 5.48 8.0 193.59 2223.34 8375.74 1.02 42.31 182.77 2388.44 8089.21 9.3841 0.02 336 2223 100.0 14.61 8.8459
169 162 0.0002 0.0 100.0 518.67 643.25 1593.34 1424.72 14.62 21.61 551.51 2388.1 9093.56 1.3 47.82 520.64 2388.13 8157.74 8.498 0.03 395 2388 100.0 38.56 23.1251
169 163 0.0027 0.0 100.0 518.67 643.39 1592.63 1418.41 14.62 21.61 552.43 2388.18 9085.85 1.3 47.93 521.08 2388.2 8161.13 8.5249 0.03 394 2388 100.0 38.53 23.1601
169 164 42.0033 0.84 100.0 445.0 549.84 1363.59 1136.76 3.91 5.72 138.23 2212.3 8348.12 1.02 42.52 130.78 2388.36 8111.23 9.4376 0.02 333 2212 100.0 10.52 6.2122
169 165 0.0002 0.0 100.0 518.67 643.04 1601.88 1427.4 14.62 21.61 551.84 2388.15 9076.75 1.3 48.06 520.66 2388.15 8161.65 8.494 0.03 395 2388 100.0 38.75 23.1805
169 166 34.999 0.84 100.0 449.44 556.11 1373.28 1140.65 5.48 8.0 194.03 2223.44 8381.54 1.02 42.39 182.62 2388.49 8091.94 9.3728 0.02 336 2223 100.0 14.71 8.9247
169 167 0.0026 0.0 100.0 518.67 643.78 1597.57 1419.13 14.62 21.61 552.18 2388.13 9087.9 1.3 47.95 520.52 2388.17 8157.45 8.5039 0.03 394 2388 100.0 38.53 23.1645
169 168 42.0007 0.8402 100.0 445.0 550.53 1352.71 1143.19 3.91 5.72 138.52 2212.34 8357.46 1.02 42.65 130.3 2388.47 8110.8 9.4235 0.02 336 2212 100.0 10.56 6.3176
169 169 24.999 0.62 60.0 462.54 537.18 1268.16 1060.33 7.05 9.03 175.1 1915.77 8039.3 0.94 37.12 164.47 2028.69 7899.69 10.9836 0.02 309 1915 84.93 14.1 8.5005
169 170 0.0002 0.0012 100.0 518.67 643.8 1598.18 1426.76 14.62 21.61 552.59 2388.15 9095.69 1.3 47.79 520.31 2388.12 8165.48 8.4725 0.03 397 2388 100.0 38.74 23.157
169 171 25.0052 0.621 60.0 462.54 537.57 1264.39 1063.22 7.05 9.03 174.97 1915.86 8044.64 0.94 37.27 164.54 2028.77 7897.57 10.9978 0.02 308 1915 84.93 14.07 8.4759
169 172 0.0018 0.0014 100.0 518.67 643.38 1597.79 1421.11 14.62 21.61 551.98 2388.23 9098.0 1.3 47.94 519.94 2388.19 8166.51 8.4777 0.03 396 2388 100.0 38.34 23.1292
169 173 41.9989 0.84 100.0 445.0 550.07 1352.17 1134.79 3.91 5.72 138.26 2212.46 8359.82 1.02 42.59 130.55 2388.62 8116.05 9.4011 0.02 334 2212 100.0 10.45 6.2873
169 174 9.998 0.2513 100.0 489.05 605.64 1508.37 1325.65 10.52 15.5 393.55 2319.12 8817.52 1.26 45.97 370.27 2388.37 8159.94 8.7304 0.03 372 2319 100.0 28.29 16.9951
169 175 20.0055 0.7008 100.0 491.19 607.81 1494.97 1267.91 9.35 13.66 333.05 2324.31 8766.68 1.07 44.86 313.68 2388.45 8095.13 9.2911 0.03 367 2324 100.0 24.22 14.6317
169 176 41.9984 0.8408 100.0 445.0 550.21 1363.89 1148.28 3.91 5.72 138.85 2212.53 8369.38 1.02 42.63 130.65 2388.71 8121.59 9.4362 0.02 333 2212 100.0 10.48 6.3343
169 177 0.0025 0.0 100.0 518.67 643.69 1603.28 1424.0 14.62 21.61 551.34 2388.13 9108.78 1.3 48.03 520.65 2388.17 8171.73 8.5054 0.03 397 2388 100.0 38.48 23.0039
169 178 42.0048 0.84 100.0 445.0 550.37 1365.05 1142.37 3.91 5.72 137.98 2212.57 8370.79 1.02 42.84 130.04 2388.75 8126.74 9.429 0.02 333 2212 100.0 10.44 6.3414
169 179 0.0012 0.0 100.0 518.67 643.81 1603.98 1427.29 14.62 21.61 551.67 2388.19 9104.96 1.3 47.87 520.08 2388.16 8174.12 8.525 0.03 395 2388 100.0 38.53 23.1051
169 180 10.0016 0.25 100.0 489.05 605.65 1506.39 1328.75 10.52 15.5 393.32 2319.18 8829.38 1.26 45.84 370.4 2388.38 8169.92 8.7421 0.03 371 2319 100.0 28.28 16.8972
169 181 42.0071 0.8405 100.0 445.0 550.37 1364.88 1147.83 3.91 5.72 137.72 2212.63 8369.6 1.02 42.65 130.73 2388.65 8128.69 9.4454 0.02 333 2212 100.0 10.5 6.2457
169 182 10.0076 0.2519 100.0 489.05 606.0 1514.04 1333.34 10.52 15.5 393.43 2319.19 8827.13 1.26 46.12 370.22 2388.36 8170.36 8.7535 0.03 373 2319 100.0 28.14 16.8429
169 183 20.0014 0.7008 100.0 491.19 608.51 1493.82 1269.24 9.35 13.66 333.84 2324.42 8770.68 1.07 45.12 313.89 2388.61 8101.25 9.332 0.03 367 2324 100.0 24.27 14.4966
169 184 10.0056 0.25 100.0 489.05 606.25 1516.05 1335.67 10.52 15.5 392.68 2319.14 8832.01 1.26 46.18 370.29 2388.38 8179.07 8.7325 0.03 373 2319 100.0 28.22 16.9926
169 185 42.0071 0.84 100.0 445.0 550.44 1370.34 1145.35 3.91 5.72 138.47 2212.63 8379.07 1.02 42.58 130.22 2388.8 8131.86 9.4386 0.02 333 2212 100.0 10.67 6.2906
