42 1 35.0013 0.8419 100.0 449.44 554.76 1357.31 1116.86 5.48 7.99 193.78 2222.87 8344.51 1.02 41.59 182.92 2387.95 8062.15 9.2744 0.02 332 2223 100.0 14.87 9.0025
42 2 0.0004 0.0017 100.0 518.67 641.56 1588.41 1395.95 14.62 21.6 553.79 2387.94 9041.36 1.3 47.31 521.91 2387.93 8139.06 8.3937 0.03 391 2388 100.0 39.03 23.4532
42 3 0.0009 0.0018 100.0 518.67 641.99 1577.22 1390.39 14.62 21.6 554.57 2387.98 9047.4 1.3 47.05 522.4 2388.01 8136.59 8.39 0.03 393 2388 100.0 39.03 23.4636
42 4 42.0016 0.8405 100.0 445.0 548.95 1343.78 1106.94 3.91 5.71 139.09 2211.88 8315.64 1.02 41.6 130.16 2387.97 8078.69 9.3171 0.02 328 2212 100.0 10.71 6.4127
42 5 20.007 0.7 100.0 491.19 606.62 1477.78 1241.25 9.35 13.65 334.74 2323.83 8720.25 1.08 44.12 314.8 2387.94 8058.54 9.1985 0.02 364 2324 100.0 24.43 14.8006
42 6 20.0015 0.7 100.0 491.19 606.87 1478.21 1236.61 9.35 13.65 335.28 2323.85 8724.59 1.08 44.02 314.85 2387.91 8056.43 9.184 0.02 363 2324 100.0 24.58 14.7422
42 7 42.0034 0.8402 100.0 445.0 548.83 1351.69 1118.16 3.91 5.71 138.48 2211.95 8313.1 1.02 41.54 130.61 2388.02 8078.37 9.3522 0.02 328 2212 100.0 10.66 6.2542
42 8 19.9993 0.7 100.0 491.19 606.89 1471.09 1233.38 9.35 13.64 334.83 2323.76 8721.7 1.07 43.78 315.2 2387.96 8057.4 9.1815 0.02 363 2324 100.0 24.49 14.7791
42 9 25.0036 0.6208 60.0 462.54 535.72 1249.9 1040.16 7.05 9.02 174.84 1915.33 8009.38 0.94 36.43 164.88 2028.14 7874.47 10.863 0.02 306 1915 84.93 14.19 8.6629
42 10 42.0077 0.842 100.0 445.0 548.77 1347.07 1115.33 3.91 5.71 138.9 2211.9 8318.53 1.02 41.72 130.97 2388.01 8085.5 9.306 0.02 329 2212 100.0 10.53 6.3759
42 11 25.0009 0.62 60.0 462.54 536.09 1252.43 1043.23 7.05 9.02 175.3 1915.33 8013.27 0.94 36.5 164.9 2028.13 7866.45 10.8471 0.02 305 1915 84.93 14.45 8.6244
42 12 42.0045 0.8408 100.0 445.0 549.49 1345.2 1111.44 3.91 5.71 138.38 2211.92 8313.12 1.02 41.63 130.51 2388.03 8083.13 9.3601 0.02 328 2212 100.0 10.62 6.367
42 13 35.0027 0.8414 100.0 449.44 555.11 1361.41 1120.26 5.48 7.99 194.49 2222.87 8342.97 1.02 41.54 183.16 2387.95 8063.89 9.2744 0.02 332 2223 100.0 14.9 8.9496
42 14 42.0002 0.84 100.0 445.0 549.43 1347.38 1113.98 3.91 5.71 138.27 2211.91 8315.21 1.02 41.54 130.6 2388.04 8075.89 9.3597 0.02 329 2212 100.0 10.65 6.3705
42 15 19.9985 0.7 100.0 491.19 607.2 1480.45 1240.78 9.35 13.65 334.72 2323.84 8717.06 1.08 44.17 315.68 2387.94 8055.24 9.1919 0.02 364 2324 100.0 24.76 14.7604
42 16 20.0026 0.7007 100.0 491.19 606.92 1485.48 1237.18 9.35 13.65 335.58 2323.85 8722.6 1.08 44.14 315.5 2387.97 8061.11 9.1643 0.02 365 2324 100.0 24.58 14.7779
42 17 0.0003 0.0013 100.0 518.67 641.86 1584.34 1396.01 14.62 21.6 553.84 2388.03 9055.25 1.3 47.11 522.44 2388.04 8141.32 8.3749 0.03 390 2388 100.0 39.24 23.4466
42 18 35.0061 0.8419 100.0 449.44 554.98 1353.37 1126.29 5.48 7.99 194.33 2222.89 8344.8 1.02 41.69 183.03 2387.97 8061.58 9.2612 0.02 331 2223 100.0 14.93 9.0272
42 19 41.9992 0.84 100.0 445.0 549.14 1345.42 1110.05 3.91 5.71 138.62 2211.92 8310.65 1.02 41.77 130.76 2388.03 8082.86 9.3199 0.02 329 2212 100.0 10.6 6.4231
42 20 25.0063 0.62 60.0 462.54 536.34 1262.56 1038.29 7.05 9.02 175.8 1915.36 8003.61 0.94 36.44 164.51 2028.22 7875.67 10.8905 0.02 306 1915 84.93 14.2 8.5782
42 21 24.9998 0.6216 60.0 462.54 536.05 1250.2 1040.05 7.05 9.02 175.44 1915.37 8004.94 0.94 36.47 164.46 2028.21 7868.33 10.854 0.02 305 1915 84.93 14.5 8.5311
42 22 10.0006 0.2512 100.0 489.05 604.09 1492.63 1302.51 10.52 15.48 394.82 2318.75 8774.87 1.26 44.94 371.49 2387.98 8131.24 8.6271 0.03 369 2319 100.0 28.69 17.1035
42 23 20.0033 0.7013 100.0 491.19 606.78 1482.17 1241.17 9.35 13.65 334.27 2323.79 8717.38 1.08 43.99 314.97 2388.04 8057.72 9.1656 0.02 364 2324 100.0 24.75 14.87
42 24 25.0057 0.6209 60.0 462.54 536.63 1254.87 1039.42 7.05 9.02 175.56 1915.28 8003.85 0.94 36.45 164.84 2028.19 7875.19 10.8592 0.02 306 1915 84.93 14.45 8.6567
42 25 0.002 0.0006 100.0 518.67 642.21 1583.41 1390.32 14.62 21.6 554.83 2388.0 9052.93 1.3 47.13 522.58 2387.96 8132.89 8.3575 0.03 390 2388 100.0 39.09 23.4937
42 26 10.0019 0.25 100.0 489.05 604.52 1494.54 1295.56 10.52 15.48 393.72 2318.75 8776.87 1.26 45.13 371.53 2387.93 8126.45 8.6089 0.03 367 2319 100.0 28.62 17.3085
42 27 25.0026 0.62 60.0 462.54 536.01 1256.99 1037.2 7.05 9.02 175.6 1915.24 8007.3 0.94 36.5 164.59 2028.22 7873.44 10.8697 0.02 304 1915 84.93 14.27 8.5916
42 28 10.0055 0.25 100.0 489.05 604.28 1495.46 1301.51 10.52 15.49 394.79 2318.77 8773.85 1.26 45.05 371.88 2387.96 8129.76 8.6007 0.03 366 2319 100.0 28.67 17.2157
42 29 41.9986 0.84 100.0 445.0 549.39 1346.0 1111.83 3.91 5.71 138.66 2211.89 8308.63 1.02 41.43 130.44 2388.01 8079.83 9.3224 0.02 327 2212 100.0 10.44 6.5022
42 30 0.0003 0.0 100.0 518.67 641.72 1579.65 1392.2 14.62 21.6 554.53 2388.01 9053.53 1.3 47.01 521.99 2387.99 8134.26 8.3929 0.03 392 2388 100.0 39.11 23.3884
42 31 41.9981 0.84 100.0 445.0 549.42 1346.23 1113.61 3.91 5.71 138.66 2211.9 8310.4 1.02 41.69 130.89 2388.01 8079.21 9.3147 0.02 330 2212 100.0 10.54 6.4431
42 32 10.0034 0.25 100.0 489.05 604.02 1490.99 1296.91 10.52 15.48 395.12 2318.79 8771.85 1.26 45.22 371.64 2387.94 8126.37 8.5854 0.03 368 2319 100.0 28.61 17.2138
42 33 35.0019 0.8402 100.0 449.44 555.11 1363.09 1122.18 5.48 7.99 193.83 2222.86 8337.03 1.02 41.67 183.26 2387.97 8070.23 9.2877 0.02 335 2223 100.0 14.76 8.9919
42 34 0.0008 0.0002 100.0 518.67 641.9 1581.91 1390.86 14.62 21.6 553.76 2387.97 9053.15 1.3 46.98 522.32 2388.01 8130.44 8.4131 0.03 389 2388 100.0 39.08 23.4564
42 35 42.0072 0.84 100.0 445.0 549.0 1351.23 1114.54 3.91 5.71 138.96 2211.92 8314.8 1.02 41.65 130.78 2388.07 8080.95 9.3279 0.02 328 2212 100.0 10.63 6.4515
42 36 35.0012 0.84 100.0 449.44 555.55 1359.27 1116.51 5.48 8.0 194.45 2222.88 8343.62 1.02 41.42 183.36 2387.94 8068.36 9.2912 0.02 331 2223 100.0 14.75 8.9167
42 37 42.0037 0.84 100.0 445.0 548.83 1343.4 1119.91 3.91 5.71 138.78 2211.91 8311.7 1.02 41.61 130.7 2387.98 8080.34 9.3287 0.02 329 2212 100.0 10.54 6.4748
42 38 42.0004 0.84 100.0 445.0 549.37 1341.63 1117.78 3.91 5.71 138.47 2211.97 8317.77 1.02 41.58 130.62 2388.06 8077.51 9.3434 0.02 329 2212 100.0 10.69 6.3889
42 39 42.0071 0.8406 100.0 445.0 549.17 1341.59 1096.7 3.91 5.71 138.83 2211.99 8314.71 1.02 41.65 130.4 2387.97 8082.04 9.3335 0.02 328 2212 100.0 10.52 6.2838
42 40 10.002 0.251 100.0 489.05 604.41 1489.3 1297.89 10.52 15.48 394.38 2318.76 8772.81 1.26 44.88 371.74 2387.97 8129.9 8.6116 0.03 368 2319 100.0 28.75 17.2505
42 41 35.0062 0.8415 100.0 449.44 555.51 1358.75 1116.17 5.48 7.99 193.84 2222.85 8348.08 1.02 41.69 182.98 2387.95 8064.59 9.3248 0.02 333 2223 100.0 14.93 8.8919
42 42 35.0079 0.8419 100.0 449.44 555.02 1353.86 1115.94 5.48 7.99 194.49 2222.87 8343.46 1.02 41.55 182.61 2387.93 8061.99 9.2782 0.02 333 2223 100.0 14.72 8.927
42 43 42.0007 0.84 100.0 445.0 549.21 1345.73 1117.58 3.91 5.71 138.85 2211.94 8317.15 1.02 41.6 130.89 2387.97 8078.38 9.3265 0.02 329 2212 100.0 10.83 6.2947
42 44 42.0072 0.8414 100.0 445.0 549.28 1348.28 1119.71 3.91 5.71 139.36 2211.95 8315.25 1.02 41.81 130.9 2387.99 8081.08 9.3649 0.02 329 2212 100.0 10.71 6.4157
42 45 35.003 0.8413 100.0 449.44 555.0 1358.6 1118.33 5.48 8.0 193.69 2222.92 8346.41 1.02 41.54 183.44 2387.97 8066.66 9.2896 0.02 333 2223 100.0 15.11 8.9183
42 46 35.003 0.8401 100.0 449.44 555.11 1351.9 1118.72 5.48 7.99 194.16 2222.82 8344.27 1.02 41.52 183.47 2387.98 8066.27 9.2763 0.02 333 2223 100.0 14.76 8.9082
42 47 34.9997 0.8409 100.0 449.44 555.19 1370.97 1123.03 5.48 7.99 194.92 2222.86 8342.02 1.02 41.57 182.8 2387.97 8061.53 9.2851 0.02 331 2223 100.0 14.98 8.8715
42 48 35.0074 0.84 100.0 449.44 555.27 1353.72 1119.39 5.48 8.0 194.25 2222.86 8343.46 1.02 41.63 182.85 2387.98 8058.29 9.2514 0.02 333 2223 100.0 15.0 8.9425
42 49 20.0019 0.7016 100.0 491.19 606.68 1472.64 1238.18 9.35 13.64 334.3 2323.79 8711.03 1.07 44.14 314.98 2387.91 8053.18 9.1525 0.02 364 2324 100.0 24.65 14.802
42 50 25.0016 0.6204 60.0 462.54 536.52 1261.18 1045.93 7.05 9.02 175.33 1915.3 7999.92 0.94 36.26 164.06 2028.15 7874.0 10.8906 0.02 306 1915 84.93 14.22 8.6188
42 51 41.9997 0.8413 100.0 445.0 549.27 1350.24 1120.38 3.91 5.71 138.45 2211.94 8317.73 1.02 41.82 129.99 2387.99 8082.3 9.3411 0.02 331 2212 100.0 10.74 6.3441
42 52 35.0052 0.84 100.0 449.44 555.05 1362.19 1112.03 5.48 7.99 194.59 2222.87 8332.64 1.02 41.68 182.66 2387.97 8059.98 9.2714 0.02 333 2223 100.0 14.87 8.8817
42 53 0.0015 0.0 100.0 518.67 642.57 1580.23 1394.23 14.62 21.6 554.5 2387.97 9051.62 1.3 47.2 522.31 2387.94 8135.34 8.3787 0.03 391 2388 100.0 39.01 23.3666
42 54 42.0058 0.8408 100.0 445.0 549.19 1345.56 1119.11 3.91 5.71 138.94 2211.95 8314.52 1.02 41.75 130.88 2387.99 8083.53 9.2983 0.02 329 2212 100.0 10.67 6.2592
42 55 42.0078 0.84 100.0 445.0 548.89 1341.22 1117.93 3.91 5.71 138.51 2211.93 8315.12 1.02 41.64 130.68 2387.99 8081.01 9.3255 0.02 329 2212 100.0 10.78 6.4531
42 56 42.0017 0.8413 100.0 445.0 549.25 1349.59 1120.21 3.91 5.71 138.72 2211.93 8312.54 1.02 41.89 130.77 2387.97 8082.5 9.3547 0.02 327 2212 100.0 10.56 6.3459
42 57 0.0022 0.001 100.0 518.67 641.43 1583.43 1401.28 14.62 21.6 554.11 2387.93 9052.31 1.3 47.19 522.12 2387.97 8135.92 8.4059 0.03 392 2388 100.0 39.15 23.4085
42 58 0.0015 0.0 100.0 518.67 641.42 1581.85 1395.59 14.62 21.6 554.6 2388.03 9047.9 1.3 47.18 522.43 2388.04 8135.17 8.3888 0.03 393 2388 100.0 39.2 23.4435
42 59 0.003 0.001 100.0 518.67 641.83 1578.02 1387.77 14.62 21.6 554.01 2387.97 9052.11 1.3 47.03 522.06 2388.03 8136.96 8.3848 0.03 391 2388 100.0 39.12 23.4029
42 60 19.9998 0.7016 100.0 491.19 606.95 1480.0 1239.54 9.35 13.64 334.26 2323.86 8723.7 1.07 44.0 315.17 2387.95 8060.73 9.2188 0.02 364 2324 100.0 24.55 14.7154
42 61 25.0001 0.6215 60.0 462.54 536.35 1257.4 1046.72 7.05 9.02 175.5 1915.28 8006.29 0.94 36.48 165.08 2028.22 7875.56 10.8326 0.02 303 1915 84.93 14.55 8.5949
42 62 25.0035 0.62 60.0 462.54 536.39 1254.64 1036.98 7.05 9.02 175.74 1915.27 8004.4 0.94 36.52 164.71 2028.19 7874.61 10.8544 0.02 307 1915 84.93 14.29 8.6421
42 63 0.002 0.0001 100.0 518.67 641.69 1578.72 1387.95 14.62 21.6 553.06 2388.0 9047.15 1.3 47.05 522.08 2388.01 8135.27 8.3883 0.03 391 2388 100.0 38.91 23.4146
42 64 19.9995 0.7003 100.0 491.19 606.87 1474.3 1237.96 9.35 13.65 334.61 2323.84 8719.55 1.08 43.81 315.27 2387.96 8059.54 9.201 0.02 363 2324 100.0 24.62 14.7004
42 65 25.0051 0.62 60.0 462.54 535.8 1259.49 1044.34 7.05 9.02 175.58 1915.27 8006.83 0.94 36.38 164.98 2028.18 7866.76 10.8687 0.02 305 1915 84.93 14.44 8.7023
42 66 41.9984 0.84 100.0 445.0 548.99 1344.69 1121.29 3.91 5.71 138.06 2211.89 8315.83 1.02 41.75 130.28 2387.99 8082.56 9.3317 0.02 330 2212 100.0 10.54 6.4853
42 67 35.0028 0.84 100.0 449.44 555.39 1364.82 1118.97 5.48 8.0 194.48 2222.89 8346.88 1.02 41.73 183.53 2387.98 8065.07 9.2897 0.02 332 2223 100.0 14.99 8.9908
42 68 25.0049 0.62 60.0 462.54 536.34 1248.39 1041.92 7.05 9.02 176.04 1915.35 8002.83 0.94 36.31 165.12 2028.26 7873.77 10.8573 0.02 306 1915 84.93 14.45 8.7793
42 69 0.0016 0.0 100.0 518.67 642.07 1588.23 1397.26 14.62 21.6 554.5 2388.01 9055.89 1.3 47.03 522.85 2387.98 8142.23 8.4048 0.03 391 2388 100.0 39.23 23.3538
42 70 0.0016 0.0002 100.0 518.67 641.76 1588.89 1395.58 14.62 21.6 555.17 2387.98 9056.36 1.3 47.06 522.38 2387.98 8134.17 8.3751 0.03 392 2388 100.0 39.01 23.5287
42 71 10.0069 0.25 100.0 489.05 603.81 1495.56 1297.24 10.52 15.49 395.04 2318.79 8772.98 1.26 45.15 372.17 2388.0 8129.67 8.6089 0.03 368 2319 100.0 28.6 17.1673
42 72 25.0042 0.62 60.0 462.54 536.14 1252.81 1040.53 7.05 9.02 175.58 1915.3 8003.09 0.94 36.31 164.93 2028.2 7871.97 10.8731 0.02 306 1915 84.93 14.19 8.6372
42 73 20.0015 0.701 100.0 491.19 606.83 1475.92 1249.31 9.35 13.65 334.98 2323.91 8719.18 1.07 44.01 315.66 2387.97 8054.01 9.1937 0.02 365 2324 100.0 24.62 14.6473
42 74 41.9989 0.84 100.0 445.0 549.19 1343.86 1119.06 3.91 5.71 138.89 2211.96 8315.92 1.02 41.73 130.41 2387.99 8088.76 9.3184 0.02 328 2212 100.0 10.81 6.4384
42 75 10.0043 0.2511 100.0 489.05 604.35 1488.17 1292.36 10.52 15.48 395.21 2318.82 8775.3 1.26 45.06 372.12 2387.98 8130.46 8.5958 0.03 367 2319 100.0 28.47 17.2962
42 76 25.0 0.62 60.0 462.54 536.84 1256.58 1038.53 7.05 9.02 175.1 1915.31 8006.38 0.94 36.48 164.99 2028.2 7872.29 10.8402 0.02 307 1915 84.93 14.51 8.6172
42 77 10.0041 0.2507 100.0 489.05 603.98 1497.33 1298.5 10.52 15.48 394.45 2318.73 8777.2 1.26 44.97 372.03 2387.97 8126.79 8.5916 0.03 368 2319 100.0 28.61 17.2388
42 78 0.0014 0.0008 100.0 518.67 641.94 1581.63 1391.9 14.62 21.6 555.04 2387.97 9051.41 1.3 47.31 522.53 2387.98 8137.16 8.3976 0.03 392 2388 100.0 39.02 23.502
42 79 25.0041 0.62 60.0 462.54 536.64 1255.0 1051.99 7.05 9.02 175.36 1915.3 8009.16 0.94 36.45 164.51 2028.22 7865.66 10.8605 0.02 306 1915 84.93 14.26 8.5598
42 80 20.0026 0.7 100.0 491.19 606.6 1470.92 1245.57 9.35 13.64 334.69 2323.83 8706.95 1.07 44.0 314.44 2387.92 8057.75 9.2101 0.02 363 2324 100.0 24.48 14.6691
42 81 35.0011 0.84 100.0 449.44 555.41 1367.49 1116.46 5.48 8.0 194.75 2222.88 8345.92 1.03 41.65 183.36 2388.03 8062.34 9.2773 0.02 333 2223 100.0 14.94 8.9902
42 82 42.005 0.8401 100.0 445.0 549.25 1350.4 1115.83 3.91 5.71 138.66 2211.92 8310.92 1.02 41.88 130.56 2388.0 8084.61 9.3265 0.02 329 2212 100.0 10.69 6.4902
42 83 0.0025 0.0015 100.0 518.67 642.53 1582.82 1394.96 14.62 21.6 555.33 2387.94 9047.47 1.3 47.1 522.19 2388.06 8135.9 8.4033 0.03 390 2388 100.0 38.99 23.4266
42 84 35.0055 0.84 100.0 449.44 555.01 1358.92 1111.69 5.48 7.99 194.43 2222.95 8344.26 1.02 41.53 183.0 2388.03 8065.38 9.2738 0.02 332 2223 100.0 15.01 8.9727
42 85 9.9997 0.25 100.0 489.05 604.33 1494.31 1296.69 10.52 15.48 394.06 2318.75 8769.33 1.26 44.89 371.51 2387.97 8124.24 8.6368 0.03 368 2319 100.0 28.69 17.1303
42 86 42.0063 0.84 100.0 445.0 549.13 1342.1 1115.08 3.91 5.71 139.11 2211.91 8311.23 1.02 41.73 130.71 2388.03 8084.29 9.2897 0.02 329 2212 100.0 10.63 6.4433
42 87 24.9994 0.62 60.0 462.54 536.21 1252.14 1045.28 7.05 9.02 175.57 1915.3 8004.5 0.94 36.39 164.98 2028.23 7872.21 10.8606 0.02 305 1915 84.93 14.15 8.6255
42 88 20.0004 0.7 100.0 491.19 607.13 1472.58 1244.27 9.35 13.64 334.79 2323.8 8723.39 1.08 44.14 315.45 2387.97 8053.35 9.1831 0.02 363 2324 100.0 24.68 14.8249
42 89 20.0067 0.7 100.0 491.19 606.93 1473.63 1244.47 9.35 13.65 335.68 2323.88 8717.07 1.08 44.09 315.64 2388.01 8062.68 9.1556 0.02 362 2324 100.0 24.67 14.7417
42 90 35.0074 0.8416 100.0 449.44 555.4 1355.4 1113.59 5.48 7.99 194.77 2222.9 8348.12 1.02 41.51 183.09 2387.96 8063.49 9.2741 0.02 333 2223 100.0 14.84 8.8375
42 91 42.0008 0.84 100.0 445.0 549.16 1351.79 1118.21 3.91 5.71 139.61 2211.93 8318.5 1.02 41.89 130.51 2388.02 8080.55 9.2947 0.02 328 2212 100.0 10.48 6.4528
42 92 10.0039 0.25 100.0 489.05 603.96 1491.7 1294.06 10.52 15.48 394.89 2318.79 8773.45 1.26 45.1 371.87 2387.99 8130.22 8.5839 0.03 367 2319 100.0 28.47 17.2129
42 93 35.0043 0.8403 100.0 449.44 555.13 1361.84 1123.18 5.48 8.0 194.94 2222.94 8348.18 1.02 41.65 183.43 2387.99 8065.82 9.2746 0.02 332 2223 100.0 14.92 8.8948
42 94 42.0013 0.84 100.0 445.0 548.93 1351.4 1114.3 3.91 5.71 138.56 2211.94 8313.52 1.02 41.73 130.57 2387.97 8082.4 9.3283 0.02 329 2212 100.0 10.73 6.3494
42 95 35.0016 0.84 100.0 449.44 555.47 1365.39 1117.47 5.48 7.99 194.35 2222.9 8340.68 1.02 41.58 183.41 2388.04 8065.21 9.31 0.02 331 2223 100.0 14.94 8.9393
42 96 10.0011 0.2514 100.0 489.05 604.35 1497.82 1294.36 10.52 15.48 394.83 2318.82 8783.11 1.26 45.14 371.87 2388.0 8123.55 8.5857 0.03 369 2319 100.0 28.76 17.219
42 97 42.0057 0.8403 100.0 445.0 548.88 1351.96 1114.83 3.91 5.71 139.58 2211.95 8317.61 1.02 41.77 130.9 2388.02 8084.35 9.3211 0.02 329 2212 100.0 10.69 6.4041
42 98 25.0052 0.62 60.0 462.54 535.89 1253.55 1037.78 7.05 9.02 175.24 1915.34 8011.31 0.94 36.27 164.48 2028.19 7872.18 10.8275 0.02 306 1915 84.93 14.43 8.6066
42 99 35.0072 0.8402 100.0 449.44 555.39 1365.72 1129.58 5.48 7.99 194.61 2222.92 8347.46 1.02 41.76 183.34 2387.99 8067.92 9.3013 0.02 333 2223 100.0 14.89 8.8997
42 100 41.9984 0.8407 100.0 445.0 549.17 1346.44 1116.98 3.91 5.71 138.84 2211.92 8317.77 1.02 41.87 130.67 2387.97 8087.29 9.3205 0.02 330 2212 100.0 10.58 6.4859
42 101 35.0004 0.84 100.0 449.44 555.18 1362.57 1122.83 5.48 7.99 194.87 2222.96 8351.79 1.02 41.64 183.37 2388.02 8064.07 9.2762 0.02 331 2223 100.0 14.96 8.9084
42 102 25.0055 0.62 60.0 462.54 537.13 1253.49 1038.85 7.05 9.02 176.0 1915.28 8003.37 0.94 36.38 164.85 2028.13 7871.54 10.8275 0.02 305 1915 84.93 14.19 8.5648
42 103 42.0001 0.84 100.0 445.0 549.41 1345.62 1122.63 3.91 5.71 139.17 2211.94 8312.96 1.02 41.61 130.59 2388.0 8084.43 9.3122 0.02 328 2212 100.0 10.67 6.4593
42 104 10.0053 0.25 100.0 489.05 603.96 1502.14 1297.18 10.52 15.48 395.28 2318.8 8779.62 1.26 45.06 371.66 2387.99 8127.64 8.6304 0.03 367 2319 100.0 28.71 17.204
42 105 35.0076 0.8403 100.0 449.44 555.57 1359.17 1115.95 5.48 7.99 194.8 2222.88 8343.5 1.02 41.72 183.34 2387.99 8069.15 9.2709 0.02 332 2223 100.0 14.86 8.9196
42 106 10.0006 0.2505 100.0 489.05 604.52 1493.25 1299.95 10.52 15.48 394.97 2318.74 8771.26 1.26 45.09 371.99 2388.02 8123.99 8.5977 0.03 368 2319 100.0 28.79 17.1734
42 107 35.0012 0.8413 100.0 449.44 555.32 1365.86 1114.96 5.48 7.99 194.67 2222.91 8347.53 1.02 41.68 183.12 2388.06 8065.56 9.2793 0.02 332 2223 100.0 14.82 9.0539
42 108 41.9994 0.8406 100.0 445.0 549.32 1347.16 1118.48 3.91 5.71 139.33 2211.93 8312.9 1.02 41.87 131.11 2387.97 8082.87 9.2921 0.02 329 2212 100.0 10.64 6.4527
42 109 25.0059 0.62 60.0 462.54 536.18 1250.66 1036.15 7.05 9.02 176.07 1915.31 8007.25 0.94 36.51 164.71 2028.25 7869.07 10.8245 0.02 307 1915 84.93 14.41 8.5353
42 110 41.9992 0.8408 100.0 445.0 549.64 1349.81 1117.61 3.91 5.71 138.2 2211.96 8309.64 1.02 41.85 130.68 2388.07 8083.88 9.3125 0.02 328 2212 100.0 10.71 6.4467
42 111 42.001 0.84 100.0 445.0 548.98 1347.1 1109.37 3.91 5.71 139.41 2211.92 8319.79 1.02 41.85 130.69 2388.05 8081.39 9.2775 0.02 330 2212 100.0 10.66 6.4052
42 112 20.0072 0.7015 100.0 491.19 606.85 1481.87 1244.89 9.35 13.65 335.54 2323.94 8719.37 1.08 44.19 315.58 2388.04 8056.86 9.13 0.02 364 2324 100.0 24.7 14.6486
42 113 0.0002 0.0004 100.0 518.67 641.9 1580.3 1395.19 14.62 21.6 554.74 2387.98 9050.7 1.3 47.1 522.51 2387.94 8141.26 8.3812 0.03 393 2388 100.0 39.03 23.4644
42 114 42.0003 0.84 100.0 445.0 549.56 1350.38 1123.35 3.91 5.71 139.11 2211.9 8319.75 1.02 41.78 130.96 2388.02 8087.15 9.3079 0.02 330 2212 100.0 10.73 6.3762
42 115 0.0004 0.0014 100.0 518.67 642.19 1581.92 1397.3 14.62 21.6 554.8 2388.06 9057.25 1.3 46.98 522.47 2388.0 8137.94 8.3852 0.03 392 2388 100.0 39.11 23.5017
42 116 20.0036 0.7 100.0 491.19 606.96 1483.91 1249.38 9.35 13.64 335.7 2323.88 8724.59 1.08 44.04 315.58 2388.04 8062.31 9.1744 0.02 363 2324 100.0 24.6 14.7019
42 117 35.0033 0.8417 100.0 449.44 555.28 1368.35 1123.09 5.48 7.99 195.03 2222.93 8346.73 1.03 41.58 183.34 2387.95 8070.01 9.2486 0.02 332 2223 100.0 14.85 8.9957
42 118 42.0015 0.84 100.0 445.0 548.96 1345.2 1112.41 3.91 5.71 138.52 2211.93 8318.28 1.02 41.79 130.68 2388.03 8091.45 9.3339 0.02 329 2212 100.0 10.68 6.3243
42 119 41.9993 0.8409 100.0 445.0 548.98 1349.36 1118.19 3.91 5.71 139.43 2211.95 8314.49 1.02 41.76 130.68 2388.04 8082.8 9.3433 0.02 329 2212 100.0 10.65 6.2133
42 120 41.9987 0.841 100.0 445.0 548.92 1346.83 1115.7 3.91 5.71 138.61 2212.02 8309.46 1.02 41.72 130.18 2388.05 8081.08 9.3303 0.02 329 2212 100.0 10.66 6.4165
42 121 0.0022 0.0 100.0 518.67 641.47 1585.25 1404.25 14.62 21.6 555.11 2388.02 9048.95 1.3 47.15 522.59 2387.96 8141.82 8.388 0.03 390 2388 100.0 38.88 23.4526
42 122 0.0011 0.0003 100.0 518.67 642.28 1582.79 1392.57 14.62 21.6 554.86 2388.02 9049.24 1.3 47.13 522.96 2388.06 8139.78 8.3863 0.03 392 2388 100.0 39.1 23.4688
42 123 10.0051 0.2504 100.0 489.05 604.16 1490.89 1301.37 10.52 15.48 395.17 2318.82 8783.04 1.26 45.12 371.72 2387.96 8123.1 8.6236 0.03 370 2319 100.0 28.84 17.2271
42 124 42.004 0.8412 100.0 445.0 548.98 1346.32 1112.37 3.91 5.71 138.46 2211.94 8320.18 1.02 41.72 130.67 2388.03 8083.76 9.3037 0.02 331 2212 100.0 10.82 6.3784
42 125 42.0011 0.8407 100.0 445.0 549.11 1347.25 1110.19 3.91 5.71 138.77 2211.93 8318.48 1.02 41.88 130.5 2388.02 8082.78 9.3095 0.02 328 2212 100.0 10.45 6.3319
42 126 10.0028 0.2508 100.0 489.05 604.47 1492.77 1301.2 10.52 15.48 395.49 2318.8 8776.28 1.26 45.09 372.56 2388.04 8131.77 8.5683 0.03 367 2319 100.0 28.8 17.1588
42 127 10.0046 0.25 100.0 489.05 604.07 1496.59 1297.37 10.52 15.48 394.81 2318.81 8781.85 1.26 45.3 372.7 2388.02 8131.89 8.5864 0.03 367 2319 100.0 28.49 17.2046
42 128 42.0073 0.84 100.0 445.0 549.35 1344.75 1115.63 3.91 5.71 138.54 2211.94 8309.95 1.02 41.79 130.97 2388.04 8081.61 9.3168 0.02 330 2212 100.0 10.61 6.3892
42 129 20.0004 0.7 100.0 491.19 607.34 1474.06 1243.35 9.35 13.64 335.01 2323.86 8714.02 1.08 43.92 315.28 2388.01 8060.69 9.1545 0.02 363 2324 100.0 24.69 14.7506
42 130 25.0059 0.6208 60.0 462.54 536.2 1263.03 1041.61 7.05 9.02 175.81 1915.35 8009.48 0.94 36.49 164.74 2028.22 7873.44 10.8347 0.02 306 1915 84.93 14.3 8.5526
42 131 41.9999 0.8417 100.0 445.0 549.26 1339.0 1112.77 3.91 5.71 139.04 2211.98 8320.82 1.02 41.73 130.51 2388.01 8076.49 9.3096 0.02 331 2212 100.0 10.96 6.4299
42 132 0.0029 0.0 100.0 518.67 641.99 1580.88 1394.4 14.62 21.6 555.24 2388.03 9050.59 1.3 47.06 522.33 2388.02 8135.06 8.3558 0.03 391 2388 100.0 39.12 23.3739
42 133 42.0021 0.84 100.0 445.0 549.48 1346.49 1116.34 3.91 5.71 138.23 2211.95 8324.78 1.02 41.64 130.76 2388.05 8088.89 9.2966 0.02 329 2212 100.0 10.84 6.2347
42 134 42.0012 0.8415 100.0 445.0 549.26 1349.48 1117.34 3.91 5.71 138.75 2211.96 8320.18 1.02 41.78 130.64 2388.03 8090.06 9.3026 0.02 331 2212 100.0 10.65 6.407
42 135 0.0017 0.0 100.0 518.67 642.06 1581.6 1388.33 14.62 21.6 554.73 2387.99 9054.03 1.3 47.14 523.48 2387.99 8137.58 8.3669 0.03 393 2388 100.0 39.33 23.3718
42 136 0.0006 0.0004 100.0 518.67 642.08 1585.66 1406.35 14.62 21.6 555.49 2388.03 9052.27 1.3 47.23 523.02 2388.01 8141.35 8.3656 0.03 393 2388 100.0 39.06 23.4282
42 137 0.0023 0.0 100.0 518.67 641.87 1582.86 1393.8 14.62 21.6 555.55 2388.02 9048.26 1.3 47.26 522.89 2387.97 8140.31 8.3915 0.03 392 2388 100.0 39.04 23.4776
42 138 41.9984 0.84 100.0 445.0 548.96 1357.68 1113.68 3.91 5.71 138.83 2211.89 8322.93 1.02 41.64 130.48 2388.0 8086.13 9.2824 0.02 329 2212 100.0 10.6 6.3896
42 139 10.0001 0.252 100.0 489.05 605.02 1497.21 1304.39 10.52 15.48 395.11 2318.85 8770.93 1.26 44.97 372.59 2388.1 8131.6 8.6206 0.03 368 2319 100.0 28.71 17.2581
42 140 10.0078 0.25 100.0 489.05 604.05 1490.53 1304.22 10.52 15.48 395.16 2318.8 8781.49 1.26 44.94 372.39 2388.04 8131.64 8.5903 0.03 369 2319 100.0 28.77 17.2133
42 141 42.007 0.8405 100.0 445.0 549.53 1343.49 1116.19 3.91 5.71 139.17 2211.95 8324.01 1.02 41.74 130.84 2388.07 8085.31 9.2953 0.02 329 2212 100.0 10.59 6.288
42 142 42.0038 0.84 100.0 445.0 548.89 1342.37 1115.51 3.91 5.71 139.02 2211.96 8314.82 1.02 41.95 131.06 2388.09 8089.33 9.2855 0.02 330 2212 100.0 10.83 6.2815
42 143 10.0065 0.2517 100.0 489.05 604.4 1496.53 1301.93 10.52 15.48 395.31 2318.88 8778.41 1.26 45.01 372.81 2388.06 8135.27 8.6181 0.03 368 2319 100.0 28.73 17.2334
42 144 19.9987 0.7014 100.0 491.19 606.55 1473.0 1246.78 9.35 13.64 335.67 2323.89 8725.12 1.08 44.1 315.93 2388.01 8060.23 9.1849 0.02 363 2324 100.0 24.54 14.791
42 145 10.005 0.2509 100.0 489.05 604.66 1493.49 1297.69 10.52 15.49 395.93 2318.85 8774.39 1.26 45.21 372.57 2388.04 8131.05 8.6053 0.03 367 2319 100.0 28.71 17.2611
42 146 19.9985 0.7002 100.0 491.19 606.85 1478.25 1239.58 9.35 13.65 335.71 2323.96 8724.01 1.08 44.11 316.2 2388.04 8064.87 9.1298 0.02 364 2324 100.0 24.7 14.867
42 147 10.0057 0.25 100.0 489.05 604.46 1490.58 1296.39 10.52 15.48 394.92 2318.8 8775.99 1.26 45.01 372.74 2388.01 8130.31 8.614 0.03 367 2319 100.0 28.68 17.2192
42 148 20.0055 0.7 100.0 491.19 607.06 1481.0 1242.72 9.35 13.65 335.51 2323.98 8722.15 1.08 44.21 316.23 2388.12 8066.49 9.2185 0.02 365 2324 100.0 24.82 14.7446
42 149 10.0054 0.2519 100.0 489.05 604.02 1496.57 1304.79 10.52 15.48 396.21 2318.84 8771.32 1.26 45.19 372.79 2388.03 8125.7 8.5908 0.03 367 2319 100.0 28.62 17.1882
42 150 9.999 0.2511 100.0 489.05 604.71 1493.96 1301.61 10.52 15.49 394.75 2318.82 8772.47 1.26 45.2 372.46 2388.06 8132.99 8.5574 0.03 368 2319 100.0 28.7 17.3642
42 151 24.9995 0.62 60.0 462.54 536.58 1254.97 1033.93 7.05 9.02 175.49 1915.37 8006.14 0.94 36.43 164.57 2028.24 7876.11 10.8252 0.02 306 1915 84.93 14.25 8.6942
42 152 0.0022 0.0 100.0 518.67 642.07 1586.69 1395.54 14.62 21.6 555.36 2388.07 9065.28 1.3 47.09 523.04 2388.02 8133.08 8.3935 0.03 392 2388 100.0 39.05 23.5079
42 153 35.0045 0.84 100.0 449.44 555.35 1360.07 1122.57 5.48 7.99 195.14 2222.96 8348.64 1.02 41.56 183.27 2388.06 8067.31 9.2944 0.02 332 2223 100.0 14.96 8.8708
42 154 10.001 0.2508 100.0 489.05 604.54 1498.7 1301.52 10.52 15.48 395.6 2318.88 8786.99 1.26 45.01 372.75 2388.06 8127.28 8.5595 0.03 367 2319 100.0 28.79 17.1939
42 155 25.0002 0.6205 60.0 462.54 536.34 1261.51 1037.72 7.05 9.02 176.04 1915.37 8009.86 0.94 36.36 164.64 2028.25 7871.53 10.8218 0.02 307 1915 84.93 14.4 8.6461
42 156 20.0065 0.7 100.0 491.19 606.76 1478.47 1244.88 9.35 13.64 335.04 2323.95 8721.44 1.08 44.26 316.25 2388.06 8059.39 9.155 0.02 365 2324 100.0 24.5 14.8379
42 157 25.0055 0.6209 60.0 462.54 536.58 1253.89 1036.86 7.05 9.02 175.43 1915.39 8002.45 0.94 36.47 165.1 2028.23 7872.06 10.8443 0.02 306 1915 84.93 14.36 8.6404
42 158 35.0022 0.8418 100.0 449.44 555.27 1363.04 1118.34 5.48 7.99 195.37 2222.97 8346.39 1.03 41.67 183.66 2388.07 8073.65 9.2581 0.02 333 2223 100.0 15.09 8.9412
42 159 0.0002 0.0 100.0 518.67 642.38 1584.89 1401.45 14.62 21.6 556.11 2388.05 9058.3 1.3 47.31 524.04 2388.02 8144.32 8.3554 0.03 391 2388 100.0 39.15 23.4774
42 160 20.0072 0.7017 100.0 491.19 607.05 1479.17 1250.0 9.35 13.64 335.75 2323.95 8727.62 1.08 44.18 316.26 2388.04 8067.82 9.1418 0.02 364 2324 100.0 24.58 14.7685
42 161 25.0032 0.62 60.0 462.54 536.73 1257.19 1047.76 7.05 9.02 176.48 1915.33 8012.17 0.94 36.5 164.68 2028.22 7871.36 10.8272 0.02 307 1915 84.93 14.45 8.6504
42 162 25.0043 0.6208 60.0 462.54 536.48 1254.04 1040.71 7.05 9.02 176.65 1915.35 8005.9 0.94 36.52 165.12 2028.32 7875.79 10.8517 0.02 307 1915 84.93 14.34 8.5883
42 163 0.0016 0.0 100.0 518.67 642.09 1583.83 1397.87 14.62 21.6 556.71 2388.03 9067.38 1.3 47.24 523.86 2387.98 8136.23 8.3733 0.03 392 2388 100.0 39.21 23.54
42 164 35.0066 0.8405 100.0 449.44 555.44 1361.63 1118.59 5.48 7.99 194.47 2222.99 8349.79 1.02 41.65 183.62 2388.11 8068.08 9.2622 0.02 332 2223 100.0 14.94 8.9708
42 165 42.0031 0.84 100.0 445.0 549.52 1350.8 1120.66 3.91 5.71 139.08 2211.93 8323.7 1.02 41.72 131.31 2388.1 8084.42 9.3328 0.02 329 2212 100.0 10.53 6.3738
42 166 25.0065 0.6201 60.0 462.54 536.18 1256.84 1040.21 7.05 9.02 175.93 1915.32 8005.1 0.94 36.43 165.08 2028.28 7877.83 10.8448 0.02 306 1915 84.93 14.37 8.5559
42 167 42.001 0.84 100.0 445.0 549.48 1345.79 1115.84 3.91 5.71 138.65 2211.99 8323.27 1.02 41.85 131.5 2388.06 8086.56 9.31 0.02 330 2212 100.0 10.74 6.4108
42 168 0.0016 0.0008 100.0 518.67 642.2 1580.75 1401.0 14.62 21.6 555.51 2388.04 9050.7 1.3 47.05 523.56 2388.03 8142.34 8.3602 0.03 391 2388 100.0 39.11 23.4336
42 169 9.9997 0.2515 100.0 489.05 604.53 1496.46 1302.62 10.52 15.48 395.93 2318.83 8778.25 1.26 45.22 373.1 2388.05 8139.65 8.605 0.03 368 2319 100.0 28.67 17.2256
42 170 42.0033 0.84 100.0 445.0 549.6 1353.33 1120.24 3.91 5.71 139.18 2212.01 8327.4 1.03 41.83 131.02 2388.03 8095.62 9.3153 0.02 330 2212 100.0 10.6 6.3845
42 171 0.002 0.0006 100.0 518.67 641.93 1583.09 1394.33 14.62 21.6 556.8 2388.04 9059.24 1.3 47.32 524.35 2388.03 8138.31 8.3357 0.03 390 2388 100.0 39.01 23.3962
42 172 42.0051 0.84 100.0 445.0 549.86 1347.65 1119.95 3.91 5.71 139.33 2211.99 8322.76 1.03 41.93 131.48 2388.12 8088.83 9.3033 0.02 330 2212 100.0 10.5 6.3256
42 173 20.0071 0.7012 100.0 491.19 607.23 1477.98 1246.28 9.35 13.65 335.83 2323.97 8723.63 1.08 44.06 316.69 2388.09 8063.01 9.1214 0.02 365 2324 100.0 24.66 14.8352
42 174 35.0043 0.8403 100.0 449.44 555.78 1360.26 1126.98 5.48 7.99 195.61 2223.05 8350.81 1.03 41.63 184.19 2388.05 8072.5 9.2413 0.02 333 2223 100.0 14.92 9.0236
42 175 20.005 0.7 100.0 491.19 607.27 1477.99 1246.49 9.35 13.65 336.43 2323.97 8723.09 1.08 44.2 317.08 2388.16 8067.32 9.1511 0.02 364 2324 100.0 24.75 14.8501
42 176 10.003 0.25 100.0 489.05 604.99 1500.98 1294.84 10.52 15.48 396.79 2318.85 8779.99 1.26 45.51 373.14 2388.04 8131.59 8.6072 0.03 368 2319 100.0 28.64 17.3101
42 177 41.9992 0.8404 100.0 445.0 549.0 1345.73 1114.14 3.91 5.71 139.23 2211.99 8325.89 1.02 41.94 130.79 2388.05 8086.66 9.2941 0.02 330 2212 100.0 10.64 6.3396
42 178 20.0076 0.7008 100.0 491.19 607.08 1481.89 1238.23 9.35 13.64 336.01 2324.01 8720.35 1.08 44.25 316.86 2388.16 8066.37 9.1509 0.02 364 2324 100.0 24.74 14.8901
42 179 42.0058 0.8415 100.0 445.0 548.85 1349.71 1122.98 3.91 5.71 139.89 2211.98 8320.7 1.03 41.85 131.72 2388.06 8086.28 9.2681 0.02 329 2212 100.0 10.91 6.3881
42 180 10.007 0.25 100.0 489.05 604.34 1493.49 1303.23 10.52 15.48 395.96 2318.91 8779.8 1.26 45.13 372.88 2388.13 8129.53 8.6161 0.03 366 2319 100.0 28.73 17.2135
42 181 25.0005 0.62 60.0 462.54 536.81 1247.97 1050.15 7.05 9.02 176.37 1915.42 8006.64 0.94 36.64 164.68 2028.3 7877.33 10.8421 0.02 307 1915 84.93 14.29 8.6502
42 182 34.9984 0.84 100.0 449.44 555.05 1356.83 1117.82 5.48 7.99 195.65 2223.08 8352.37 1.03 41.61 184.16 2388.17 8075.05 9.2152 0.02 334 2223 100.0 14.92 8.9748
42 183 19.9981 0.7013 100.0 491.19 607.35 1483.13 1242.25 9.35 13.64 335.39 2323.95 8724.38 1.08 44.0 316.43 2388.19 8065.74 9.1594 0.02 365 2324 100.0 24.66 14.794
42 184 25.0003 0.62 60.0 462.54 536.61 1255.73 1048.33 7.05 9.01 176.04 1915.39 8009.18 0.94 36.57 165.83 2028.27 7877.43 10.8028 0.02 305 1915 84.93 14.26 8.6605
42 185 0.002 0.0 100.0 518.67 642.56 1587.39 1402.78 14.62 21.6 557.32 2388.1 9059.54 1.3 47.25 524.15 2388.05 8142.54 8.4076 0.03 391 2388 100.0 39.23 23.5063
42 186 42.0032 0.84 100.0 445.0 549.09 1354.17 1121.35 3.91 5.71 139.0 2212.02 8317.89 1.02 41.95 131.45 2388.08 8095.99 9.2787 0.02 329 2212 100.0 10.64 6.4115
42 187 20.0019 0.7 100.0 491.19 607.22 1482.77 1242.2 9.35 13.64 336.18 2323.98 8732.97 1.08 44.28 316.78 2388.14 8062.53 9.1461 0.02 365 2324 100.0 24.71 14.7909
42 188 25.0007 0.6216 60.0 462.54 536.81 1252.47 1046.53 7.05 9.02 176.8 1915.39 8013.85 0.94 36.62 165.69 2028.27 7876.18 10.8209 0.02 307 1915 84.93 14.31 8.581
42 189 0.002 0.0004 100.0 518.67 641.77 1580.88 1399.9 14.62 21.6 556.82 2388.07 9059.29 1.3 47.33 524.88 2388.11 8144.16 8.3862 0.03 391 2388 100.0 39.11 23.644
42 190 10.0073 0.2504 100.0 489.05 604.53 1494.23 1298.13 10.52 15.48 396.41 2318.86 8781.69 1.26 45.35 373.56 2388.13 8135.29 8.5539 0.03 369 2319 100.0 28.91 17.2169
42 191 42.0016 0.8416 100.0 445.0 549.4 1355.06 1125.35 3.91 5.71 139.03 2212.05 8329.71 1.03 42.0 131.39 2388.15 8092.04 9.2584 0.02 330 2212 100.0 10.69 6.3805
42 192 25.0017 0.6204 60.0 462.54 536.49 1267.25 1032.8 7.05 9.02 176.58 1915.47 8008.24 0.94 36.57 165.5 2028.29 7874.45 10.8293 0.02 307 1915 84.93 14.57 8.5807
42 193 0.0016 0.0 100.0 518.67 642.4 1585.9 1398.14 14.62 21.6 557.07 2388.07 9063.05 1.3 47.23 524.7 2388.07 8147.19 8.357 0.03 391 2388 100.0 39.22 23.5557
42 194 42.0037 0.8409 100.0 445.0 548.98 1346.71 1120.47 3.91 5.71 139.77 2212.07 8330.58 1.03 42.05 131.97 2388.13 8093.8 9.2385 0.02 332 2212 100.0 10.78 6.5329
42 195 25.0006 0.6205 60.0 462.54 536.67 1259.44 1039.63 7.05 9.02 176.28 1915.45 8017.92 0.94 36.59 165.42 2028.35 7880.32 10.8042 0.02 304 1915 84.93 14.24 8.5821
42 196 10.0071 0.2519 100.0 489.05 604.4 1495.49 1300.4 10.52 15.48 396.78 2318.98 8790.68 1.26 45.46 374.26 2388.2 8137.24 8.5793 0.03 369 2319 100.0 28.81 17.2718
42 197 0.0013 0.0013 100.0 518.67 641.94 1584.54 1395.76 14.62 21.6 556.92 2388.06 9063.55 1.3 47.31 525.27 2388.1 8144.48 8.3346 0.03 392 2388 100.0 39.23 23.569
42 198 35.0047 0.84 100.0 449.44 555.32 1368.21 1118.2 5.48 7.99 196.57 2223.11 8359.46 1.03 41.83 184.23 2388.18 8076.09 9.2412 0.02 333 2223 100.0 14.91 9.1235
42 199 10.003 0.2515 100.0 489.05 604.43 1508.9 1306.88 10.52 15.48 397.44 2318.94 8787.99 1.26 45.2 373.91 2388.17 8146.65 8.5989 0.03 369 2319 100.0 28.84 17.3205
42 200 42.0078 0.8404 100.0 445.0 549.25 1350.1 1124.87 3.91 5.71 140.02 2212.0 8332.01 1.03 41.83 131.41 2388.13 8093.77 9.2736 0.02 330 2212 100.0 10.75 6.3959
42 201 42.0002 0.84 100.0 445.0 549.14 1347.18 1121.05 3.91 5.71 138.75 2212.03 8330.43 1.03 41.92 131.66 2388.11 8099.51 9.2708 0.02 331 2212 100.0 10.72 6.4404
42 202 25.0046 0.6205 60.0 462.54 536.77 1256.65 1038.78 7.05 9.02 176.46 1915.44 8010.55 0.94 36.57 166.33 2028.35 7877.96 10.7812 0.02 306 1915 84.93 14.41 8.58
42 203 34.9998 0.8412 100.0 449.44 555.76 1371.73 1127.69 5.48 8.0 196.23 2223.11 8362.87 1.03 41.58 184.94 2388.16 8075.55 9.2107 0.02 333 2223 100.0 14.99 9.076
42 204 25.0003 0.6201 60.0 462.54 536.49 1256.91 1049.89 7.05 9.02 176.91 1915.41 8011.34 0.94 36.53 165.52 2028.33 7882.39 10.8529 0.02 307 1915 84.93 14.37 8.6976
42 205 0.0011 0.0019 100.0 518.67 642.44 1587.27 1398.68 14.62 21.6 558.3 2388.12 9071.58 1.31 47.1 525.52 2388.12 8146.45 8.3543 0.03 392 2388 100.0 39.18 23.5909
42 206 20.0026 0.7008 100.0 491.19 607.06 1477.0 1245.36 9.35 13.64 337.47 2324.08 8731.49 1.08 44.28 317.36 2388.2 8068.6 9.122 0.02 365 2324 100.0 24.61 14.7345
42 207 35.0008 0.8414 100.0 449.44 555.6 1360.59 1124.49 5.48 8.0 195.59 2223.14 8357.53 1.03 41.82 184.84 2388.23 8080.28 9.215 0.02 333 2223 100.0 14.96 9.1193
42 208 42.002 0.84 100.0 445.0 549.37 1348.09 1127.98 3.91 5.71 139.1 2212.01 8331.19 1.03 41.95 131.95 2388.12 8098.64 9.2452 0.02 330 2212 100.0 10.6 6.4015
42 209 42.0054 0.84 100.0 445.0 548.84 1353.62 1119.37 3.91 5.71 139.47 2212.06 8333.14 1.03 42.11 131.86 2388.18 8096.89 9.2988 0.02 330 2212 100.0 10.74 6.3545
42 210 10.0027 0.2519 100.0 489.05 604.74 1505.14 1306.42 10.52 15.49 398.59 2319.01 8790.88 1.26 45.33 374.42 2388.24 8144.37 8.5625 0.03 369 2319 100.0 28.97 17.3509
42 211 10.002 0.2503 100.0 489.05 604.63 1497.32 1306.8 10.52 15.49 398.34 2318.99 8793.41 1.26 45.2 374.64 2388.2 8141.11 8.569 0.03 371 2319 100.0 29.02 17.3915
42 212 25.0 0.62 60.0 462.54 536.56 1251.04 1047.55 7.05 9.02 177.33 1915.48 8021.45 0.94 36.62 165.96 2028.4 7882.11 10.7812 0.02 307 1915 84.93 14.42 8.6216
42 213 25.0027 0.62 60.0 462.54 536.65 1255.96 1047.64 7.05 9.02 176.58 1915.49 8016.81 0.94 36.63 166.06 2028.43 7881.26 10.7763 0.02 307 1915 84.93 14.25 8.7047
42 214 41.9983 0.842 100.0 445.0 549.28 1354.74 1129.09 3.91 5.71 140.08 2212.13 8332.93 1.03 42.06 131.08 2388.18 8102.84 9.2127 0.02 330 2212 100.0 10.62 6.3703
42 215 20.0038 0.7011 100.0 491.19 607.03 1487.8 1248.17 9.35 13.65 338.31 2324.11 8737.27 1.08 44.17 318.49 2388.3 8075.78 9.1538 0.02 366 2324 100.0 24.71 14.867
42 216 42.0038 0.8416 100.0 445.0 549.73 1352.79 1132.84 3.91 5.71 140.45 2212.04 8334.99 1.03 41.94 131.33 2388.17 8102.96 9.2624 0.02 331 2212 100.0 10.77 6.4216
42 217 10.0001 0.25 100.0 489.05 604.74 1489.97 1312.14 10.52 15.48 398.4 2319.06 8787.09 1.26 45.33 375.11 2388.27 8144.05 8.5607 0.03 369 2319 100.0 28.79 17.2281
42 218 0.0008 0.0017 100.0 518.67 642.95 1588.47 1399.64 14.62 21.6 558.84 2388.16 9071.14 1.31 47.27 526.76 2388.12 8156.79 8.3297 0.03 392 2388 100.0 39.41 23.5803
42 219 20.0075 0.7 100.0 491.19 607.37 1489.53 1252.7 9.35 13.64 337.72 2324.15 8737.72 1.08 44.43 318.23 2388.29 8074.31 9.12 0.02 364 2324 100.0 24.65 14.9269
42 220 42.0012 0.84 100.0 445.0 548.88 1349.01 1119.21 3.91 5.71 140.54 2212.11 8335.48 1.03 41.98 131.93 2388.16 8099.81 9.2087 0.02 331 2212 100.0 10.73 6.3559
42 221 42.0033 0.8404 100.0 445.0 549.35 1355.27 1121.24 3.91 5.71 140.76 2212.11 8331.65 1.03 42.13 132.22 2388.19 8102.18 9.2369 0.02 331 2212 100.0 10.54 6.3352
42 222 25.0064 0.62 60.0 462.54 536.54 1261.66 1041.93 7.05 9.02 177.4 1915.47 8019.15 0.94 36.6 166.21 2028.37 7882.77 10.768 0.02 305 1915 84.93 14.43 8.6023
42 223 42.0061 0.84 100.0 445.0 549.53 1356.6 1124.96 3.91 5.71 140.05 2212.07 8343.12 1.03 42.17 132.12 2388.22 8101.99 9.2146 0.02 331 2212 100.0 10.74 6.395
42 224 35.0016 0.84 100.0 449.44 555.97 1367.1 1127.65 5.48 7.99 196.03 2223.25 8368.45 1.03 41.84 185.03 2388.34 8087.45 9.2129 0.02 334 2223 100.0 15.09 9.0276
42 225 9.9993 0.25 100.0 489.05 604.94 1498.47 1308.07 10.52 15.48 397.83 2319.05 8791.2 1.26 45.49 375.78 2388.26 8146.33 8.5552 0.03 368 2319 100.0 28.89 17.382
42 226 20.0069 0.7009 100.0 491.19 607.29 1493.05 1247.61 9.35 13.65 338.78 2324.19 8739.49 1.08 44.4 318.87 2388.32 8075.53 9.1128 0.02 365 2324 100.0 24.76 14.8729
42 227 0.0015 0.0011 100.0 518.67 642.52 1593.98 1407.59 14.62 21.6 559.85 2388.13 9077.25 1.31 47.56 527.97 2388.17 8156.65 8.3379 0.03 392 2388 100.0 39.17 23.5619
42 228 25.0077 0.62 60.0 462.54 536.65 1261.18 1048.17 7.05 9.02 177.29 1915.54 8027.76 0.94 36.62 167.03 2028.45 7882.92 10.7908 0.02 307 1915 84.93 14.43 8.6137
42 229 20.0053 0.7016 100.0 491.19 607.4 1486.73 1245.77 9.35 13.64 338.73 2324.21 8741.71 1.08 44.44 319.22 2388.32 8078.37 9.0849 0.02 365 2324 100.0 24.61 14.7738
42 230 25.0039 0.62 60.0 462.54 536.45 1272.97 1041.81 7.05 9.02 177.07 1915.51 8020.77 0.94 36.6 166.29 2028.46 7888.49 10.77 0.02 308 1915 84.93 14.42 8.6661
42 231 42.0024 0.842 100.0 445.0 549.7 1353.3 1128.74 3.91 5.71 140.73 2212.14 8339.53 1.03 41.95 132.14 2388.24 8110.41 9.2727 0.02 330 2212 100.0 10.55 6.3561
42 232 19.998 0.7013 100.0 491.19 607.67 1486.94 1252.63 9.35 13.64 338.79 2324.24 8755.14 1.08 44.53 319.02 2388.39 8084.25 9.12 0.03 365 2324 100.0 24.6 14.8342
42 233 20.0074 0.7 100.0 491.19 607.64 1485.22 1248.58 9.35 13.64 339.06 2324.18 8746.11 1.08 44.28 318.84 2388.39 8082.2 9.0751 0.03 367 2324 100.0 24.79 14.7572
42 234 20.0058 0.7 100.0 491.19 607.44 1487.27 1256.7 9.35 13.64 338.35 2324.29 8738.03 1.08 44.41 318.64 2388.38 8077.42 9.1156 0.02 366 2324 100.0 24.79 14.7973
42 235 42.0031 0.8408 100.0 445.0 549.26 1350.56 1125.85 3.91 5.71 141.08 2212.12 8345.44 1.03 42.16 132.19 2388.25 8107.6 9.1869 0.02 333 2212 100.0 10.88 6.4496
42 236 10.0078 0.2519 100.0 489.05 604.34 1506.02 1312.85 10.52 15.48 399.61 2319.15 8799.21 1.26 45.23 376.17 2388.37 8150.66 8.5515 0.03 368 2319 100.0 28.99 17.3102
42 237 20.0041 0.7 100.0 491.19 607.45 1486.77 1252.64 9.35 13.64 339.41 2324.21 8752.2 1.09 44.48 319.26 2388.38 8082.75 9.0749 0.03 366 2324 100.0 24.7 14.9305
42 238 25.0046 0.62 60.0 462.54 536.22 1262.29 1043.13 7.05 9.02 177.85 1915.59 8025.36 0.94 36.84 166.53 2028.49 7880.98 10.7527 0.02 307 1915 84.93 14.5 8.5666
42 239 34.9981 0.8402 100.0 449.44 555.87 1368.5 1138.06 5.48 8.0 197.69 2223.31 8379.61 1.04 42.0 186.06 2388.41 8090.66 9.1339 0.02 334 2223 100.0 15.13 9.0946
42 240 25.0008 0.62 60.0 462.54 536.89 1255.98 1048.92 7.05 9.02 177.59 1915.65 8027.95 0.94 36.93 166.64 2028.47 7892.04 10.7473 0.02 308 1915 84.93 14.54 8.6954
42 241 42.0043 0.8412 100.0 445.0 549.47 1356.02 1124.79 3.91 5.71 140.87 2212.18 8343.48 1.04 42.31 132.33 2388.26 8111.14 9.1867 0.02 330 2212 100.0 10.77 6.5756
42 242 9.9983 0.25 100.0 489.05 605.03 1504.85 1303.21 10.52 15.48 399.87 2319.18 8805.78 1.27 45.61 376.63 2388.41 8156.26 8.4974 0.03 370 2319 100.0 29.03 17.2578
42 243 35.0007 0.84 100.0 449.44 555.81 1372.38 1133.69 5.48 8.0 197.39 2223.35 8380.89 1.04 42.0 186.09 2388.45 8101.79 9.1669 0.02 336 2223 100.0 15.11 8.98
42 244 0.003 0.0016 100.0 518.67 642.57 1586.77 1409.45 14.62 21.6 562.32 2388.24 9085.53 1.31 47.73 529.27 2388.21 8162.72 8.2985 0.03 395 2388 100.0 39.27 23.5839
42 245 24.9995 0.6211 60.0 462.54 537.22 1269.1 1049.29 7.05 9.02 177.88 1915.56 8037.17 0.94 36.59 166.99 2028.6 7887.89 10.7168 0.02 306 1915 84.93 14.54 8.7207
42 246 34.9989 0.84 100.0 449.44 555.49 1369.23 1135.5 5.48 8.0 198.09 2223.36 8380.29 1.04 42.06 186.13 2388.43 8097.99 9.1605 0.02 335 2223 100.0 15.19 9.068
42 247 10.0062 0.25 100.0 489.05 604.94 1503.62 1312.05 10.52 15.49 400.82 2319.21 8807.51 1.27 45.46 377.06 2388.47 8157.96 8.5231 0.03 369 2319 100.0 29.07 17.2782
42 248 42.0051 0.8411 100.0 445.0 549.41 1360.86 1143.91 3.91 5.71 141.16 2212.27 8355.7 1.04 42.25 133.01 2388.31 8121.25 9.1835 0.02 331 2212 100.0 10.63 6.5529
42 249 25.0059 0.62 60.0 462.54 536.58 1255.9 1045.63 7.05 9.02 178.29 1915.6 8035.75 0.94 36.75 167.41 2028.57 7894.92 10.7202 0.02 307 1915 84.93 14.49 8.7913
42 250 41.9998 0.8419 100.0 445.0 549.63 1360.58 1125.82 3.91 5.71 140.78 2212.23 8346.76 1.04 42.28 132.91 2388.31 8116.1 9.1866 0.02 333 2212 100.0 10.54 6.4973
42 251 35.0054 0.8405 100.0 449.44 555.5 1376.55 1137.86 5.48 8.0 199.23 2223.4 8382.07 1.04 42.28 186.25 2388.52 8101.71 9.1783 0.02 336 2223 100.0 15.19 9.0964
42 252 9.9983 0.2509 100.0 489.05 604.84 1508.51 1326.6 10.52 15.48 401.53 2319.3 8808.47 1.27 45.67 377.99 2388.5 8159.12 8.5108 0.03 372 2319 100.0 28.87 17.4021
42 253 35.0023 0.8419 100.0 449.44 556.03 1373.3 1134.08 5.48 7.99 198.79 2223.39 8386.98 1.04 42.27 186.99 2388.49 8102.79 9.1087 0.02 335 2223 100.0 15.23 9.1082
42 254 42.0036 0.8403 100.0 445.0 550.26 1355.33 1135.94 3.91 5.71 141.45 2212.26 8361.35 1.04 42.4 132.69 2388.45 8119.39 9.1757 0.02 332 2212 100.0 10.82 6.4742
42 255 35.0052 0.84 100.0 449.44 555.59 1369.92 1143.27 5.48 7.99 198.38 2223.42 8383.06 1.04 42.23 186.88 2388.55 8098.32 9.1203 0.02 335 2223 100.0 15.05 9.0808
42 256 34.9991 0.84 100.0 449.44 555.72 1362.97 1139.98 5.48 8.0 198.43 2223.4 8389.14 1.04 42.34 186.98 2388.61 8100.75 9.1653 0.02 335 2223 100.0 15.07 9.117
42 257 25.0057 0.6208 60.0 462.54 536.3 1263.64 1050.16 7.05 9.02 179.0 1915.75 8048.14 0.94 37.04 167.71 2028.63 7892.14 10.741 0.02 307 1915 84.93 14.51 8.6771
42 258 42.0051 0.84 100.0 445.0 549.31 1360.84 1138.16 3.91 5.71 141.82 2212.22 8353.56 1.04 42.42 133.5 2388.38 8121.85 9.1463 0.02 333 2212 100.0 10.81 6.4776
42 259 35.0064 0.8416 100.0 449.44 555.64 1373.14 1138.14 5.48 8.0 198.96 2223.49 8385.59 1.04 42.38 187.41 2388.63 8106.12 9.1148 0.02 335 2223 100.0 15.24 9.1298
42 260 35.0002 0.8413 100.0 449.44 555.82 1373.86 1132.97 5.48 7.99 199.84 2223.49 8383.71 1.04 42.24 187.76 2388.57 8103.94 9.1385 0.02 335 2223 100.0 15.3 9.1397
42 261 25.0047 0.62 60.0 462.54 536.98 1261.6 1047.87 7.05 9.02 178.73 1915.69 8033.76 0.94 37.08 167.39 2028.58 7898.15 10.6654 0.02 308 1915 84.93 14.53 8.6744
42 262 10.0042 0.25 100.0 489.05 605.24 1513.91 1314.72 10.52 15.49 402.5 2319.4 8813.62 1.27 45.49 379.08 2388.62 8168.71 8.4957 0.03 371 2319 100.0 29.21 17.3808
42 263 25.0038 0.62 60.0 462.54 537.03 1259.69 1049.8 7.05 9.02 178.91 1915.76 8039.95 0.94 36.93 167.46 2028.61 7897.56 10.6907 0.02 309 1915 84.93 14.45 8.696
42 264 35.0026 0.84 100.0 449.44 556.22 1371.22 1138.03 5.48 7.99 199.51 2223.58 8398.73 1.04 42.23 187.27 2388.64 8108.53 9.1282 0.02 337 2223 100.0 15.15 9.0765
42 265 0.0016 0.0016 100.0 518.67 643.03 1594.62 1419.65 14.62 21.6 565.32 2388.41 9108.44 1.31 47.95 533.11 2388.41 8176.34 8.2922 0.03 395 2388 100.0 39.53 23.7709
42 266 20.0061 0.7 100.0 491.19 607.69 1490.95 1261.04 9.35 13.65 343.26 2324.59 8771.24 1.09 44.99 323.1 2388.71 8102.76 9.0421 0.03 369 2324 100.0 24.95 14.9126
42 267 0.0028 0.0017 100.0 518.67 643.17 1601.14 1416.22 14.62 21.61 566.05 2388.46 9110.25 1.31 47.93 533.85 2388.47 8181.18 8.2955 0.03 396 2388 100.0 39.56 23.7022
42 268 42.0044 0.8406 100.0 445.0 549.36 1361.58 1138.28 3.91 5.71 142.76 2212.35 8372.08 1.05 42.35 134.0 2388.5 8136.89 9.129 0.02 334 2212 100.0 10.74 6.4582
42 269 20.0047 0.7 100.0 491.19 607.79 1495.05 1262.25 9.35 13.65 343.42 2324.62 8777.41 1.1 44.73 322.9 2388.77 8104.47 9.0186 0.03 366 2324 100.0 24.85 14.8893
42 270 0.0016 0.0 100.0 518.67 643.25 1595.72 1416.48 14.62 21.61 566.39 2388.47 9119.26 1.31 48.04 534.14 2388.51 8185.6 8.2645 0.03 397 2388 100.0 39.57 23.7767
42 271 10.0004 0.25 100.0 489.05 605.05 1510.75 1316.73 10.52 15.49 403.04 2319.53 8829.08 1.27 45.86 380.64 2388.77 8177.55 8.4795 0.03 373 2319 100.0 29.07 17.3465
42 272 35.0002 0.84 100.0 449.44 555.8 1374.89 1144.87 5.48 7.99 200.73 2223.74 8411.2 1.05 42.29 188.36 2388.79 8115.77 9.0383 0.02 337 2223 100.0 15.15 9.1353
42 273 9.9992 0.2519 100.0 489.05 605.4 1511.13 1327.49 10.52 15.49 404.21 2319.56 8837.1 1.27 45.79 381.05 2388.84 8179.45 8.4567 0.03 373 2319 100.0 29.0 17.494
42 274 0.0024 0.0 100.0 518.67 643.02 1602.46 1419.6 14.62 21.61 567.95 2388.47 9118.65 1.31 47.91 535.22 2388.49 8184.83 8.2579 0.03 396 2388 100.0 39.65 23.8691
42 275 25.0048 0.62 60.0 462.54 537.11 1269.5 1049.8 7.05 9.02 179.28 1915.79 8052.2 0.94 37.01 168.68 2028.77 7898.4 10.6441 0.02 308 1915 84.93 14.54 8.7605
42 276 35.0008 0.8413 100.0 449.44 556.11 1376.15 1142.42 5.48 7.99 200.52 2223.71 8410.55 1.05 42.66 188.51 2388.85 8126.81 9.0802 0.02 337 2223 100.0 15.27 9.0908
42 277 34.9998 0.84 100.0 449.44 555.51 1374.54 1144.96 5.48 7.99 200.4 2223.71 8412.63 1.05 42.38 188.75 2388.83 8123.83 9.0546 0.02 337 2223 100.0 15.25 9.0125
42 278 25.0009 0.62 60.0 462.54 537.23 1270.04 1054.06 7.05 9.02 180.12 1915.84 8048.88 0.94 37.17 169.31 2028.79 7907.33 10.6598 0.02 309 1915 84.93 14.59 8.7192
42 279 20.0052 0.7 100.0 491.19 608.57 1496.53 1264.51 9.35 13.65 343.57 2324.8 8788.0 1.1 44.97 324.04 2388.98 8116.23 9.0152 0.03 368 2324 100.0 25.08 14.9762
42 280 0.0013 0.0 100.0 518.67 643.52 1605.77 1419.84 14.62 21.61 568.56 2388.56 9118.96 1.32 48.15 537.3 2388.57 8195.72 8.2353 0.03 396 2388 100.0 39.67 23.867
196 1 42.008 0.84 100.0 445.0 549.84 1357.92 1121.5 3.91 5.72 138.94 2211.82 8322.8 1.02 42.25 130.68 2387.91 8085.35 9.4182 0.02 333 2212 100.0 10.82 6.3954
196 2 42.0065 0.8401 100.0 445.0 549.51 1350.82 1126.1 3.91 5.72 139.0 2211.87 8325.5 1.02 42.15 130.36 2387.97 8083.5 9.3242 0.02 330 2212 100.0 10.46 6.3384
196 3 0.0 0.0015 100.0 518.67 642.25 1593.33 1410.31 14.62 21.61 552.88 2388.13 9061.95 1.3 47.67 520.97 2388.17 8138.07 8.4438 0.03 393 2388 100.0 38.72 23.2286
196 4 42.0048 0.841 100.0 445.0 549.21 1357.0 1129.57 3.91 5.72 138.85 2211.78 8323.27 1.02 42.11 130.78 2387.9 8082.97 9.3638 0.02 330 2212 100.0 10.65 6.3748
196 5 42.0021 0.84 100.0 445.0 549.71 1354.17 1126.75 3.91 5.71 138.83 2211.83 8323.41 1.02 42.27 130.78 2387.9 8086.93 9.4046 0.02 334 2212 100.0 10.53 6.3264
196 6 42.0057 0.8403 100.0 445.0 550.06 1358.43 1123.77 3.91 5.72 139.05 2211.85 8321.11 1.02 42.32 129.87 2387.9 8085.54 9.3654 0.02 332 2212 100.0 10.7 6.377
196 7 35.0012 0.84 100.0 449.44 556.26 1370.0 1136.15 5.48 8.0 194.03 2222.93 8349.79 1.02 42.11 182.93 2388.02 8067.98 9.3187 0.02 334 2223 100.0 14.9 8.8952
196 8 9.9999 0.25 100.0 489.05 604.82 1503.44 1312.87 10.52 15.49 393.95 2318.95 8773.04 1.26 45.51 371.13 2388.11 8129.24 8.6621 0.03 370 2319 100.0 28.57 17.133
196 9 10.0015 0.2519 100.0 489.05 605.22 1508.92 1312.04 10.52 15.49 394.07 2319.02 8777.95 1.26 45.73 371.65 2388.21 8128.67 8.6774 0.03 367 2319 100.0 28.6 16.9908
196 10 35.0043 0.8419 100.0 449.44 555.55 1373.17 1129.32 5.48 8.0 195.4 2222.95 8346.9 1.02 41.88 183.31 2388.0 8068.1 9.3415 0.02 334 2223 100.0 14.85 8.8343
196 11 42.0039 0.8412 100.0 445.0 549.51 1361.66 1119.67 3.91 5.72 138.38 2211.87 8321.28 1.02 42.18 130.81 2387.94 8085.46 9.3795 0.02 331 2212 100.0 10.59 6.3406
196 12 20.0001 0.7 100.0 491.19 607.86 1483.3 1249.01 9.35 13.66 334.42 2323.97 8725.34 1.08 44.46 314.46 2388.1 8058.46 9.2328 0.02 365 2324 100.0 24.29 14.7233
196 13 42.0019 0.84 100.0 445.0 549.33 1360.1 1122.18 3.91 5.72 138.85 2211.84 8324.97 1.02 42.21 130.56 2387.94 8090.22 9.3538 0.02 331 2212 100.0 10.58 6.3223
196 14 42.0072 0.84 100.0 445.0 549.6 1351.33 1119.07 3.91 5.72 138.58 2211.91 8314.29 1.02 42.19 130.79 2387.92 8085.48 9.3586 0.02 331 2212 100.0 10.68 6.4817
196 15 42.0047 0.8418 100.0 445.0 550.0 1359.75 1125.83 3.91 5.71 138.78 2211.88 8320.31 1.02 42.03 130.6 2387.89 8081.51 9.3759 0.02 331 2212 100.0 10.66 6.2694
196 16 25.0062 0.62 60.0 462.54 536.97 1264.85 1048.15 7.05 9.02 175.54 1915.29 8006.2 0.94 36.84 164.98 2028.16 7872.29 10.9469 0.02 308 1915 84.93 14.33 8.6179
196 17 9.9993 0.25 100.0 489.05 604.86 1501.08 1312.67 10.52 15.49 393.98 2319.0 8769.67 1.26 45.56 370.91 2388.19 8123.59 8.6598 0.03 371 2319 100.0 28.44 17.1417
196 18 0.0007 0.0 100.0 518.67 642.3 1586.38 1414.19 14.62 21.61 553.59 2388.12 9061.44 1.3 47.54 521.33 2388.16 8136.94 8.462 0.03 393 2388 100.0 38.89 23.39
196 19 0.002 0.0011 100.0 518.67 642.34 1585.29 1405.66 14.62 21.61 553.09 2388.15 9059.88 1.3 47.62 521.06 2388.09 8137.74 8.4277 0.03 394 2388 100.0 38.81 23.3359
196 20 35.0021 0.8403 100.0 449.44 556.13 1362.9 1134.26 5.48 8.0 193.97 2222.89 8356.14 1.02 42.04 182.87 2388.04 8059.74 9.3458 0.02 336 2223 100.0 14.79 8.7947
196 21 10.003 0.2511 100.0 489.05 604.13 1493.63 1312.14 10.52 15.5 393.74 2318.99 8787.29 1.26 45.59 371.08 2388.18 8132.79 8.6413 0.03 370 2319 100.0 28.54 17.0063
196 22 35.0033 0.84 100.0 449.44 555.8 1368.39 1137.08 5.48 8.0 194.81 2223.02 8345.76 1.02 41.96 183.02 2388.0 8064.42 9.3754 0.02 333 2223 100.0 14.91 8.9412
196 23 19.9997 0.7009 100.0 491.19 607.43 1481.27 1258.64 9.35 13.66 334.44 2323.99 8729.44 1.08 44.46 314.88 2388.06 8063.56 9.2381 0.02 365 2324 100.0 24.3 14.6655
196 24 42.0047 0.84 100.0 445.0 549.72 1358.41 1128.8 3.91 5.71 138.58 2211.8 8313.18 1.02 42.28 131.17 2387.93 8081.75 9.3905 0.02 330 2212 100.0 10.62 6.3233
196 25 35.0033 0.84 100.0 449.44 555.3 1363.1 1134.3 5.48 8.0 194.52 2222.97 8359.75 1.02 42.02 182.91 2388.02 8065.11 9.3336 0.02 335 2223 100.0 14.78 8.932
196 26 42.0032 0.84 100.0 445.0 549.39 1350.68 1128.21 3.91 5.71 138.64 2211.91 8311.95 1.02 42.04 130.39 2387.97 8083.76 9.3634 0.02 331 2212 100.0 10.59 6.3502
196 27 19.9982 0.7 100.0 491.19 607.89 1487.53 1254.51 9.35 13.66 334.45 2323.97 8716.74 1.08 44.4 315.36 2388.08 8058.79 9.2339 0.02 367 2324 100.0 24.49 14.6643
196 28 35.0042 0.84 100.0 449.44 556.3 1367.42 1133.28 5.48 8.0 194.17 2222.95 8344.52 1.02 41.9 182.72 2388.06 8070.54 9.3182 0.02 336 2223 100.0 14.66 8.9748
196 29 42.0074 0.8415 100.0 445.0 549.63 1351.8 1124.89 3.91 5.72 138.37 2211.8 8314.29 1.02 42.09 130.53 2387.91 8080.72 9.3787 0.02 332 2212 100.0 10.59 6.3263
196 30 35.0033 0.841 100.0 449.44 555.86 1367.26 1132.56 5.48 8.0 194.32 2222.95 8352.04 1.02 41.97 182.65 2388.08 8068.96 9.3178 0.02 335 2223 100.0 14.71 8.8522
196 31 41.9996 0.84 100.0 445.0 549.45 1356.6 1128.55 3.91 5.72 138.4 2211.86 8322.12 1.02 42.32 130.5 2387.94 8077.5 9.3472 0.02 332 2212 100.0 10.61 6.4419
196 32 10.0048 0.25 100.0 489.05 604.82 1497.65 1313.71 10.52 15.49 394.32 2318.97 8774.43 1.26 45.49 371.29 2388.14 8126.5 8.6555 0.03 371 2319 100.0 28.59 17.0907
196 33 42.0057 0.8404 100.0 445.0 549.61 1358.17 1127.41 3.91 5.72 138.1 2211.82 8313.76 1.02 42.32 130.7 2387.8 8078.97 9.3748 0.02 331 2212 100.0 10.59 6.3251
196 34 20.0053 0.7 100.0 491.19 608.38 1482.1 1252.11 9.35 13.66 334.07 2323.94 8715.46 1.08 44.6 314.95 2388.14 8058.36 9.2135 0.02 366 2324 100.0 24.52 14.5738
196 35 25.0056 0.6212 60.0 462.54 536.52 1264.08 1044.99 7.05 9.03 175.44 1915.28 8014.21 0.94 36.85 164.91 2028.18 7867.69 10.9328 0.02 309 1915 84.93 14.23 8.5899
196 36 42.0034 0.8405 100.0 445.0 550.08 1348.63 1132.15 3.91 5.72 138.86 2211.86 8318.74 1.02 42.13 130.7 2387.9 8080.21 9.3786 0.02 332 2212 100.0 10.57 6.3186
196 37 19.9988 0.7001 100.0 491.19 607.97 1485.23 1253.46 9.35 13.66 335.01 2323.97 8725.32 1.08 44.48 314.87 2388.09 8061.31 9.2159 0.02 364 2324 100.0 24.47 14.5008
196 38 25.0001 0.62 60.0 462.54 537.01 1263.52 1054.93 7.05 9.03 175.34 1915.32 8006.94 0.94 36.77 164.54 2028.18 7873.29 10.9454 0.02 307 1915 84.93 14.26 8.5435
196 39 0.0025 0.0002 100.0 518.67 642.71 1592.33 1408.36 14.62 21.61 553.73 2388.09 9059.4 1.3 47.49 521.5 2388.08 8140.82 8.4449 0.03 392 2388 100.0 38.53 23.2284
196 40 10.001 0.2501 100.0 489.05 605.04 1502.41 1312.77 10.52 15.49 394.3 2318.95 8776.19 1.26 45.75 371.44 2388.21 8130.38 8.6667 0.03 370 2319 100.0 28.53 17.1355
196 41 20.0015 0.7 100.0 491.19 607.8 1486.46 1254.63 9.35 13.66 334.1 2323.97 8720.54 1.08 44.51 315.29 2388.13 8061.44 9.2002 0.02 368 2324 100.0 24.36 14.6235
196 42 35.0003 0.8413 100.0 449.44 556.07 1368.64 1129.94 5.48 8.0 194.84 2222.88 8350.59 1.02 42.22 183.17 2387.98 8064.39 9.338 0.02 334 2223 100.0 14.87 8.8833
196 43 42.0001 0.8408 100.0 445.0 549.38 1353.96 1131.91 3.91 5.72 138.53 2211.82 8319.29 1.02 42.2 130.77 2387.91 8083.41 9.4192 0.02 330 2212 100.0 10.53 6.3956
196 44 35.0073 0.84 100.0 449.44 555.48 1371.39 1137.74 5.48 8.0 194.16 2222.95 8347.78 1.02 41.99 182.7 2388.06 8064.59 9.336 0.02 334 2223 100.0 14.83 8.9744
196 45 10.0058 0.2503 100.0 489.05 605.51 1502.62 1306.74 10.52 15.5 394.07 2318.92 8789.84 1.26 45.5 371.43 2388.14 8131.07 8.6267 0.03 370 2319 100.0 28.5 17.1006
196 46 41.999 0.8419 100.0 445.0 549.63 1364.61 1132.72 3.91 5.71 138.49 2211.88 8322.18 1.02 42.1 130.72 2387.96 8087.09 9.3529 0.02 332 2212 100.0 10.49 6.4452
196 47 41.9984 0.84 100.0 445.0 549.44 1355.74 1128.92 3.91 5.71 138.81 2211.83 8329.29 1.02 42.23 130.73 2387.94 8082.4 9.3619 0.02 332 2212 100.0 10.68 6.3266
196 48 42.0044 0.84 100.0 445.0 549.97 1352.45 1130.34 3.91 5.72 138.71 2211.85 8313.85 1.02 42.35 130.55 2387.9 8088.38 9.3757 0.02 332 2212 100.0 10.65 6.3558
196 49 10.0024 0.2504 100.0 489.05 605.24 1508.62 1310.47 10.52 15.49 394.73 2318.97 8778.86 1.26 45.58 370.96 2388.18 8127.51 8.6596 0.03 372 2319 100.0 28.45 17.0615
196 50 0.0024 0.0 100.0 518.67 642.44 1592.0 1408.71 14.62 21.61 552.66 2388.13 9059.43 1.3 47.78 521.43 2388.08 8132.11 8.4359 0.03 395 2388 100.0 38.7 23.275
196 51 42.0076 0.8402 100.0 445.0 550.03 1358.31 1126.69 3.91 5.72 138.59 2211.89 8315.84 1.02 42.12 130.36 2387.96 8081.09 9.3809 0.02 332 2212 100.0 10.45 6.3579
196 52 42.0038 0.8412 100.0 445.0 549.59 1355.16 1129.95 3.91 5.72 138.28 2211.86 8320.69 1.02 42.29 131.25 2387.88 8084.39 9.391 0.02 330 2212 100.0 10.69 6.384
196 53 10.0034 0.25 100.0 489.05 604.89 1499.59 1309.23 10.52 15.49 394.91 2318.94 8788.47 1.26 45.43 371.55 2388.18 8130.64 8.6638 0.03 370 2319 100.0 28.51 16.9311
196 54 35.0062 0.84 100.0 449.44 555.56 1369.37 1133.92 5.48 8.0 194.28 2222.94 8352.81 1.02 42.25 182.77 2388.01 8067.8 9.3692 0.02 337 2223 100.0 14.92 8.8697
196 55 0.0018 0.0013 100.0 518.67 643.09 1588.74 1406.57 14.62 21.61 552.68 2388.09 9056.61 1.3 47.61 521.07 2388.14 8140.38 8.4603 0.03 392 2388 100.0 38.97 23.3139
196 56 35.0033 0.84 100.0 449.44 555.96 1373.9 1131.03 5.48 8.0 194.59 2222.99 8342.77 1.02 42.04 183.2 2387.98 8069.21 9.3345 0.02 335 2223 100.0 14.73 8.8702
196 57 25.0051 0.62 60.0 462.54 536.9 1259.64 1056.5 7.05 9.02 175.04 1915.37 8011.95 0.94 36.68 164.36 2028.22 7870.94 10.8666 0.02 307 1915 84.93 14.26 8.5554
196 58 25.0016 0.62 60.0 462.54 536.89 1263.87 1052.4 7.05 9.03 175.79 1915.3 8004.19 0.94 36.98 164.62 2028.19 7873.29 10.9013 0.02 307 1915 84.93 14.23 8.6756
196 59 9.9985 0.25 100.0 489.05 605.55 1499.42 1311.71 10.52 15.49 394.03 2318.94 8782.6 1.26 45.38 371.55 2388.22 8128.35 8.7112 0.03 370 2319 100.0 28.43 17.0989
196 60 42.0069 0.8418 100.0 445.0 549.73 1360.62 1125.6 3.91 5.71 138.33 2211.86 8320.59 1.02 42.31 130.56 2387.94 8090.75 9.3947 0.02 332 2212 100.0 10.67 6.2755
196 61 19.9988 0.7 100.0 491.19 607.78 1484.26 1256.79 9.35 13.66 333.79 2324.0 8725.28 1.08 44.44 314.09 2388.09 8058.2 9.2047 0.02 366 2324 100.0 24.63 14.7311
196 62 0.0029 0.0 100.0 518.67 642.7 1587.16 1416.7 14.62 21.61 553.58 2388.14 9063.71 1.3 47.47 521.15 2388.1 8141.95 8.4521 0.03 394 2388 100.0 38.83 23.3417
196 63 20.0026 0.7 100.0 491.19 607.94 1486.7 1247.02 9.35 13.66 333.99 2323.97 8727.05 1.08 44.27 314.87 2388.1 8064.44 9.2479 0.02 366 2324 100.0 24.45 14.6698
196 64 34.9989 0.84 100.0 449.44 556.86 1369.94 1125.86 5.48 8.0 194.93 2222.84 8342.98 1.02 42.08 182.9 2387.96 8059.72 9.3471 0.02 335 2223 100.0 14.83 8.9574
196 65 20.0012 0.7 100.0 491.19 607.01 1485.4 1256.08 9.35 13.66 334.02 2324.04 8726.17 1.08 44.51 314.85 2388.15 8057.11 9.2326 0.02 364 2324 100.0 24.67 14.707
196 66 42.0055 0.84 100.0 445.0 549.88 1360.69 1129.94 3.91 5.71 138.65 2211.89 8321.88 1.02 42.31 130.66 2387.95 8081.85 9.3788 0.02 332 2212 100.0 10.53 6.3531
196 67 42.0073 0.8403 100.0 445.0 549.83 1352.01 1129.94 3.91 5.72 138.57 2211.83 8317.16 1.02 42.14 130.46 2387.91 8086.16 9.3813 0.02 331 2212 100.0 10.51 6.3054
196 68 24.9991 0.62 60.0 462.54 536.8 1265.81 1045.11 7.05 9.03 175.94 1915.31 8013.57 0.94 36.79 164.39 2028.17 7869.35 10.9356 0.02 308 1915 84.93 14.22 8.5667
196 69 35.0058 0.84 100.0 449.44 555.76 1363.21 1134.35 5.48 8.0 194.09 2222.94 8354.89 1.02 42.13 182.76 2388.01 8065.66 9.3362 0.02 335 2223 100.0 14.79 8.952
196 70 35.0068 0.8407 100.0 449.44 555.63 1369.69 1139.57 5.48 8.0 194.59 2222.96 8351.47 1.02 41.89 182.81 2388.05 8066.57 9.3357 0.02 335 2223 100.0 14.81 8.9775
196 71 42.002 0.84 100.0 445.0 549.29 1351.36 1127.9 3.91 5.71 138.56 2211.86 8317.34 1.02 42.16 130.16 2387.97 8084.65 9.3948 0.02 330 2212 100.0 10.54 6.3806
196 72 35.0041 0.84 100.0 449.44 555.59 1368.87 1128.37 5.48 8.0 193.98 2222.92 8353.64 1.02 42.06 183.14 2388.02 8068.88 9.3434 0.02 335 2223 100.0 14.84 8.8312
196 73 35.0013 0.84 100.0 449.44 555.63 1372.72 1133.84 5.48 8.0 193.82 2222.99 8353.25 1.02 42.11 183.24 2388.06 8070.7 9.3464 0.02 335 2223 100.0 14.84 8.7668
196 74 20.003 0.7 100.0 491.19 608.31 1496.78 1250.05 9.35 13.66 334.33 2324.01 8730.39 1.07 44.53 314.92 2388.17 8060.34 9.223 0.02 365 2324 100.0 24.68 14.718
196 75 42.004 0.84 100.0 445.0 549.88 1359.22 1124.16 3.91 5.71 139.37 2211.91 8326.68 1.02 42.08 130.67 2387.97 8085.51 9.3906 0.02 331 2212 100.0 10.47 6.278
196 76 25.0071 0.62 60.0 462.54 536.61 1268.38 1054.1 7.05 9.03 175.74 1915.32 8008.81 0.94 36.73 164.97 2028.2 7875.55 10.9578 0.02 307 1915 84.93 14.3 8.5044
196 77 42.0008 0.84 100.0 445.0 549.78 1356.76 1125.04 3.91 5.71 138.12 2211.84 8322.23 1.02 42.28 130.49 2387.91 8087.45 9.3584 0.02 330 2212 100.0 10.36 6.3432
196 78 35.0069 0.84 100.0 449.44 556.08 1369.91 1129.77 5.48 8.0 194.87 2222.92 8345.1 1.02 42.03 183.01 2387.96 8063.31 9.3073 0.02 335 2223 100.0 14.74 8.9435
196 79 25.004 0.6212 60.0 462.54 537.01 1259.51 1054.2 7.05 9.03 174.79 1915.37 8012.71 0.94 36.7 164.48 2028.25 7882.03 10.9237 0.02 308 1915 84.93 14.03 8.6098
196 80 20.002 0.7005 100.0 491.19 607.63 1486.25 1251.93 9.35 13.66 334.22 2323.99 8717.92 1.07 44.46 315.11 2388.15 8055.91 9.2145 0.03 367 2324 100.0 24.44 14.7009
196 81 0.003 0.0 100.0 518.67 642.98 1593.14 1413.86 14.62 21.61 552.25 2388.11 9058.24 1.3 47.74 520.49 2388.12 8138.5 8.4487 0.03 393 2388 100.0 38.73 23.1525
196 82 10.0018 0.2519 100.0 489.05 604.55 1503.81 1309.09 10.52 15.49 394.53 2318.99 8787.55 1.26 45.38 371.63 2388.15 8129.06 8.6973 0.03 372 2319 100.0 28.49 17.0202
196 83 42.0077 0.84 100.0 445.0 550.13 1351.27 1119.35 3.91 5.71 139.1 2211.85 8320.22 1.02 42.39 130.38 2387.88 8084.66 9.3989 0.02 332 2212 100.0 10.64 6.3149
196 84 42.0036 0.8403 100.0 445.0 550.33 1362.73 1135.03 3.91 5.72 138.49 2211.88 8321.82 1.02 42.17 130.73 2387.96 8085.76 9.3759 0.02 330 2212 100.0 10.54 6.2734
196 85 42.0079 0.8408 100.0 445.0 549.45 1364.8 1127.01 3.91 5.72 138.77 2211.83 8318.75 1.02 42.18 130.14 2387.9 8085.19 9.3863 0.02 332 2212 100.0 10.4 6.221
196 86 35.0032 0.84 100.0 449.44 555.81 1371.53 1127.54 5.48 8.0 194.59 2223.01 8349.53 1.02 42.16 183.13 2388.06 8068.23 9.3288 0.02 335 2223 100.0 14.78 8.9281
196 87 0.0025 0.0 100.0 518.67 642.86 1589.36 1408.21 14.62 21.61 552.63 2388.09 9061.88 1.3 47.45 520.96 2388.12 8139.45 8.4819 0.03 394 2388 100.0 38.63 23.3451
196 88 42.003 0.8408 100.0 445.0 550.23 1350.85 1133.98 3.91 5.71 138.25 2211.85 8318.73 1.02 42.01 130.58 2387.96 8082.98 9.3753 0.02 331 2212 100.0 10.58 6.305
196 89 35.0011 0.8416 100.0 449.44 555.95 1372.16 1130.06 5.48 8.0 194.31 2222.94 8358.85 1.02 42.1 182.45 2388.08 8065.75 9.3441 0.02 335 2223 100.0 14.79 8.8726
196 90 42.003 0.84 100.0 445.0 549.88 1349.04 1132.7 3.91 5.72 139.03 2211.9 8316.49 1.02 42.17 130.49 2387.92 8079.69 9.3532 0.02 332 2212 100.0 10.62 6.3519
196 91 0.0008 0.0017 100.0 518.67 643.03 1591.94 1413.34 14.62 21.61 553.61 2388.1 9060.49 1.3 47.69 520.46 2388.16 8130.51 8.4721 0.03 393 2388 100.0 38.71 23.287
196 92 24.9993 0.62 60.0 462.54 537.09 1255.95 1044.05 7.05 9.03 174.59 1915.32 8009.11 0.94 36.83 164.31 2028.19 7875.2 10.8947 0.02 308 1915 84.93 14.34 8.454
196 93 25.0035 0.62 60.0 462.54 536.81 1265.38 1059.41 7.05 9.03 175.06 1915.33 8009.21 0.94 37.01 164.49 2028.24 7876.97 10.9373 0.02 308 1915 84.93 14.3 8.5191
196 94 42.0044 0.84 100.0 445.0 549.57 1352.4 1126.02 3.91 5.72 137.49 2211.83 8320.7 1.02 42.34 130.72 2387.92 8077.64 9.4135 0.02 332 2212 100.0 10.33 6.3483
196 95 42.0027 0.84 100.0 445.0 549.74 1355.69 1127.07 3.91 5.72 139.46 2211.81 8322.72 1.02 42.11 130.64 2387.91 8082.8 9.3849 0.02 332 2212 100.0 10.58 6.3467
196 96 25.001 0.6202 60.0 462.54 536.9 1265.49 1055.32 7.05 9.03 175.23 1915.33 8008.54 0.94 36.68 164.78 2028.2 7873.77 10.9176 0.02 306 1915 84.93 14.15 8.538
196 97 42.0075 0.84 100.0 445.0 549.88 1356.65 1129.03 3.91 5.71 138.52 2211.84 8328.86 1.02 42.21 130.54 2387.98 8081.32 9.4059 0.02 333 2212 100.0 10.55 6.3684
196 98 34.9996 0.8413 100.0 449.44 555.74 1364.88 1133.68 5.48 8.0 194.18 2222.93 8352.51 1.02 41.99 183.12 2388.05 8061.01 9.3485 0.02 335 2223 100.0 14.83 8.8376
196 99 19.999 0.7002 100.0 491.19 607.64 1483.86 1249.04 9.35 13.66 334.58 2324.0 8729.67 1.08 44.3 314.65 2388.17 8060.76 9.232 0.02 367 2324 100.0 24.48 14.7033
196 100 20.0072 0.7 100.0 491.19 607.52 1490.61 1260.94 9.35 13.66 334.84 2324.08 8724.96 1.07 44.45 314.14 2388.16 8063.03 9.244 0.02 368 2324 100.0 24.32 14.7018
196 101 10.0071 0.25 100.0 489.05 605.37 1504.97 1318.35 10.52 15.49 394.21 2318.99 8776.03 1.26 45.46 370.99 2388.18 8126.36 8.6744 0.03 370 2319 100.0 28.38 17.1423
196 102 25.0033 0.6218 60.0 462.54 536.95 1262.42 1056.54 7.05 9.03 175.27 1915.33 8016.56 0.94 36.89 164.51 2028.19 7874.46 10.9379 0.02 306 1915 84.93 14.28 8.4837
196 103 20.0019 0.7 100.0 491.19 607.89 1492.2 1263.73 9.35 13.66 334.91 2323.99 8728.61 1.07 44.78 314.81 2388.12 8057.24 9.258 0.02 364 2324 100.0 24.49 14.6752
196 104 20.0006 0.7 100.0 491.19 608.34 1485.26 1253.63 9.35 13.66 334.73 2324.06 8722.05 1.08 44.56 314.77 2388.12 8063.26 9.2702 0.03 366 2324 100.0 24.38 14.709
196 105 35.0003 0.84 100.0 449.44 555.59 1368.97 1129.7 5.48 8.0 194.83 2222.97 8358.42 1.02 42.02 182.4 2388.04 8070.94 9.3519 0.02 333 2223 100.0 14.81 8.826
196 106 35.0033 0.84 100.0 449.44 556.17 1367.23 1134.45 5.48 8.0 194.04 2222.96 8355.72 1.02 42.07 183.18 2388.08 8065.55 9.3656 0.02 334 2223 100.0 14.76 8.7243
196 107 19.9997 0.7011 100.0 491.19 607.96 1489.17 1251.05 9.35 13.66 334.81 2324.08 8730.14 1.08 44.6 314.81 2388.16 8057.57 9.234 0.02 367 2324 100.0 24.48 14.7663
196 108 10.0009 0.25 100.0 489.05 604.98 1499.49 1312.7 10.52 15.5 394.26 2318.98 8783.82 1.26 45.67 371.49 2388.21 8123.65 8.6806 0.03 372 2319 100.0 28.58 17.0976
196 109 34.9993 0.8409 100.0 449.44 555.77 1369.84 1125.92 5.48 8.0 194.21 2222.97 8355.42 1.02 41.98 182.9 2388.06 8074.02 9.3152 0.02 334 2223 100.0 14.81 8.8918
196 110 34.9995 0.842 100.0 449.44 556.08 1368.41 1136.59 5.48 8.0 194.29 2222.98 8347.85 1.02 41.9 182.76 2388.08 8064.91 9.3193 0.02 335 2223 100.0 14.67 8.9029
196 111 0.0026 0.0 100.0 518.67 643.52 1592.95 1418.0 14.62 21.61 553.03 2388.17 9061.06 1.3 47.71 521.03 2388.16 8134.81 8.4818 0.03 394 2388 100.0 38.69 23.2668
196 112 42.0078 0.8412 100.0 445.0 549.93 1355.36 1133.97 3.91 5.71 138.73 2211.85 8315.56 1.02 42.39 130.81 2388.01 8079.88 9.3956 0.02 333 2212 100.0 10.53 6.3524
196 113 20.0062 0.7 100.0 491.19 607.62 1486.3 1255.25 9.35 13.66 333.97 2323.99 8721.26 1.08 44.74 315.09 2388.14 8057.78 9.2629 0.02 365 2324 100.0 24.12 14.674
196 114 34.9988 0.8412 100.0 449.44 555.25 1370.8 1129.01 5.48 8.0 193.89 2222.95 8350.0 1.02 41.92 183.16 2388.02 8068.48 9.3295 0.02 335 2223 100.0 14.89 8.8491
196 115 42.004 0.84 100.0 445.0 549.94 1357.89 1125.29 3.91 5.72 139.19 2211.81 8321.53 1.02 42.04 129.59 2387.93 8079.55 9.4254 0.02 331 2212 100.0 10.72 6.3467
196 116 25.0066 0.62 60.0 462.54 536.94 1266.81 1057.23 7.05 9.03 175.75 1915.38 8020.04 0.94 36.74 164.12 2028.22 7877.94 10.9031 0.02 306 1915 84.93 14.15 8.4828
196 117 20.0012 0.7 100.0 491.19 607.76 1483.8 1250.46 9.35 13.66 333.61 2324.05 8725.41 1.08 44.44 315.05 2388.22 8059.68 9.2364 0.02 366 2324 100.0 24.46 14.6796
196 118 20.007 0.7005 100.0 491.19 607.19 1492.31 1258.32 9.35 13.66 333.31 2323.99 8728.14 1.08 44.6 314.89 2388.17 8065.55 9.2453 0.02 365 2324 100.0 24.51 14.6775
196 119 20.0051 0.7 100.0 491.19 607.92 1488.38 1256.89 9.35 13.66 334.1 2324.05 8730.91 1.08 44.45 314.14 2388.12 8056.26 9.2423 0.02 366 2324 100.0 24.44 14.6777
196 120 10.005 0.25 100.0 489.05 604.85 1505.52 1301.4 10.52 15.5 394.57 2318.99 8785.47 1.26 45.68 371.06 2388.15 8128.91 8.6787 0.03 370 2319 100.0 28.57 17.1553
196 121 0.0019 0.0 100.0 518.67 642.49 1589.05 1409.82 14.62 21.61 553.45 2388.13 9059.65 1.3 47.53 521.26 2388.17 8135.08 8.4281 0.03 393 2388 100.0 38.93 23.2551
196 122 9.9989 0.2514 100.0 489.05 605.14 1506.37 1314.65 10.52 15.49 393.93 2318.99 8773.61 1.26 45.73 370.59 2388.26 8124.9 8.7348 0.03 370 2319 100.0 28.49 17.1043
196 123 42.0035 0.84 100.0 445.0 549.99 1343.6 1133.43 3.91 5.72 138.54 2211.82 8325.21 1.02 42.1 129.98 2387.99 8081.63 9.4271 0.02 331 2212 100.0 10.6 6.2709
196 124 34.999 0.84 100.0 449.44 556.44 1373.42 1141.96 5.48 8.0 194.15 2223.0 8351.64 1.02 42.05 183.15 2388.08 8069.61 9.3529 0.02 334 2223 100.0 14.84 8.9825
196 125 20.0051 0.7019 100.0 491.19 607.4 1489.87 1257.09 9.35 13.66 333.32 2324.01 8726.99 1.08 44.64 315.11 2388.18 8067.25 9.2322 0.02 366 2324 100.0 24.42 14.5655
196 126 20.0075 0.7 100.0 491.19 607.09 1487.73 1254.09 9.35 13.66 334.56 2324.04 8727.71 1.08 44.46 314.6 2388.16 8063.13 9.241 0.02 366 2324 100.0 24.25 14.5604
196 127 10.0048 0.25 100.0 489.05 605.01 1505.87 1316.9 10.52 15.5 393.84 2319.03 8780.6 1.26 45.58 370.72 2388.22 8133.1 8.6707 0.03 370 2319 100.0 28.42 16.9727
196 128 20.0019 0.7 100.0 491.19 608.36 1487.26 1253.08 9.35 13.66 334.32 2324.0 8728.27 1.08 44.49 314.83 2388.15 8063.67 9.2356 0.03 367 2324 100.0 24.53 14.6645
196 129 20.0036 0.7 100.0 491.19 607.55 1482.66 1254.67 9.35 13.66 334.84 2324.03 8717.83 1.08 44.84 314.8 2388.12 8065.48 9.2287 0.02 366 2324 100.0 24.52 14.6006
196 130 41.9982 0.84 100.0 445.0 549.7 1349.2 1138.88 3.91 5.72 139.09 2211.86 8324.2 1.02 42.37 130.9 2387.9 8078.42 9.3772 0.02 331 2212 100.0 10.51 6.3716
196 131 0.0019 0.0015 100.0 518.67 643.28 1606.08 1406.95 14.62 21.61 553.71 2388.15 9053.61 1.3 47.77 520.98 2388.12 8137.39 8.4706 0.03 393 2388 100.0 38.48 23.1824
196 132 25.0056 0.6212 60.0 462.54 536.66 1262.97 1055.16 7.05 9.03 175.16 1915.3 8001.64 0.94 36.66 164.87 2028.25 7871.19 10.9313 0.02 309 1915 84.93 14.06 8.5507
196 133 35.0031 0.84 100.0 449.44 556.06 1362.52 1136.97 5.48 8.0 194.36 2222.9 8351.92 1.02 42.04 183.8 2388.03 8066.92 9.3153 0.02 335 2223 100.0 14.77 8.999
196 134 34.9991 0.8407 100.0 449.44 556.48 1365.53 1139.64 5.48 8.0 193.83 2222.93 8354.59 1.02 41.88 182.67 2388.08 8068.33 9.3454 0.02 336 2223 100.0 14.77 8.8928
196 135 24.9984 0.62 60.0 462.54 536.77 1263.13 1045.22 7.05 9.03 174.83 1915.31 8015.62 0.94 36.83 165.19 2028.26 7868.82 10.9002 0.02 308 1915 84.93 14.19 8.4612
196 136 19.9996 0.7 100.0 491.19 607.48 1491.65 1255.44 9.35 13.66 334.12 2324.02 8729.02 1.08 44.54 314.47 2388.18 8059.91 9.2492 0.03 365 2324 100.0 24.36 14.6548
196 137 10.0008 0.25 100.0 489.05 605.17 1506.8 1316.86 10.52 15.5 393.68 2319.03 8787.6 1.26 45.67 371.15 2388.24 8126.53 8.6926 0.03 370 2319 100.0 28.57 17.0886
196 138 24.9991 0.62 60.0 462.54 537.64 1265.72 1054.95 7.05 9.03 174.66 1915.35 8009.38 0.94 36.98 164.34 2028.25 7874.77 10.946 0.02 308 1915 84.93 14.16 8.5107
196 139 24.998 0.62 60.0 462.54 536.83 1267.96 1054.55 7.05 9.03 175.51 1915.34 8011.86 0.94 36.94 164.9 2028.23 7874.68 10.9474 0.02 308 1915 84.93 14.39 8.6114
196 140 20.0047 0.7 100.0 491.19 607.37 1483.42 1255.99 9.35 13.66 334.89 2323.97 8729.07 1.08 44.72 314.74 2388.13 8063.41 9.2555 0.02 364 2324 100.0 24.49 14.63
196 141 0.0024 0.0 100.0 518.67 642.89 1589.23 1408.07 14.62 21.61 552.93 2388.13 9059.74 1.3 47.74 520.98 2388.14 8141.88 8.4556 0.03 394 2388 100.0 38.67 23.2728
196 142 20.0003 0.7019 100.0 491.19 607.56 1482.19 1252.08 9.35 13.66 333.84 2324.03 8727.28 1.08 44.63 315.02 2388.14 8056.53 9.2503 0.02 366 2324 100.0 24.43 14.4929
196 143 20.0058 0.7006 100.0 491.19 607.81 1482.6 1258.58 9.35 13.66 333.83 2324.0 8722.94 1.08 44.52 314.34 2388.17 8063.32 9.2736 0.02 365 2324 100.0 24.17 14.6698
196 144 42.0014 0.8406 100.0 445.0 549.81 1359.95 1130.54 3.91 5.71 139.09 2211.87 8328.23 1.02 42.3 130.21 2387.92 8084.49 9.3829 0.02 331 2212 100.0 10.59 6.3879
196 145 20.0023 0.7 100.0 491.19 608.03 1495.27 1263.14 9.35 13.66 334.49 2324.01 8721.62 1.08 44.72 314.22 2388.21 8062.09 9.2617 0.02 367 2324 100.0 24.15 14.6089
196 146 0.0021 0.0013 100.0 518.67 642.64 1592.6 1407.62 14.62 21.61 553.26 2388.11 9054.57 1.3 47.72 520.85 2388.12 8139.09 8.477 0.03 394 2388 100.0 38.72 23.2442
196 147 42.0035 0.84 100.0 445.0 550.13 1355.79 1131.56 3.91 5.72 138.1 2211.91 8329.14 1.02 42.42 130.48 2387.97 8085.43 9.3737 0.02 331 2212 100.0 10.37 6.25
196 148 42.0027 0.8414 100.0 445.0 549.89 1356.51 1131.0 3.91 5.71 139.15 2211.79 8326.1 1.02 42.2 130.73 2387.88 8088.76 9.4009 0.02 330 2212 100.0 10.68 6.3619
196 149 0.0017 0.0012 100.0 518.67 642.76 1599.34 1406.1 14.62 21.61 553.21 2388.15 9057.97 1.3 47.75 520.99 2388.15 8135.93 8.4925 0.03 393 2388 100.0 38.89 23.207
196 150 24.999 0.62 60.0 462.54 536.46 1262.92 1052.71 7.05 9.03 174.82 1915.31 8014.05 0.94 36.87 164.4 2028.15 7875.54 10.9265 0.02 307 1915 84.93 14.17 8.5359
196 151 10.0042 0.2502 100.0 489.05 605.65 1510.97 1318.78 10.52 15.5 394.41 2319.08 8779.43 1.26 45.63 370.83 2388.25 8132.26 8.659 0.03 371 2319 100.0 28.35 17.0595
196 152 25.0056 0.62 60.0 462.54 537.34 1268.46 1058.07 7.05 9.03 175.19 1915.36 8016.07 0.94 37.1 164.08 2028.24 7873.28 10.9551 0.02 309 1915 84.93 14.09 8.6441
196 153 10.0027 0.2509 100.0 489.05 605.23 1507.09 1321.5 10.52 15.5 393.55 2319.06 8786.54 1.26 45.65 370.99 2388.2 8133.37 8.7374 0.03 370 2319 100.0 28.44 17.0098
196 154 25.0061 0.62 60.0 462.54 537.55 1273.6 1052.1 7.05 9.03 175.64 1915.39 8022.69 0.94 36.67 164.12 2028.23 7878.24 10.9755 0.02 307 1915 84.93 14.28 8.5643
196 155 10.0052 0.2504 100.0 489.05 604.85 1510.56 1316.43 10.52 15.5 393.73 2318.99 8779.65 1.26 45.64 371.57 2388.22 8132.24 8.7228 0.03 371 2319 100.0 28.48 17.0588
196 156 0.0025 0.001 100.0 518.67 642.62 1589.17 1413.96 14.62 21.61 552.92 2388.14 9063.47 1.3 47.6 520.6 2388.14 8137.85 8.4778 0.03 395 2388 100.0 38.73 23.2829
196 157 34.9981 0.8414 100.0 449.44 555.9 1369.84 1133.79 5.48 8.0 194.64 2223.01 8351.76 1.02 42.3 182.59 2388.07 8071.64 9.3453 0.02 334 2223 100.0 14.76 8.8871
196 158 42.0063 0.84 100.0 445.0 550.09 1356.98 1129.02 3.91 5.72 138.56 2211.89 8333.69 1.02 42.3 130.55 2387.91 8086.46 9.3933 0.02 332 2212 100.0 10.57 6.3768
196 159 35.0045 0.8407 100.0 449.44 555.72 1368.96 1141.35 5.48 8.0 194.23 2222.95 8358.13 1.02 42.05 183.32 2388.08 8071.53 9.3702 0.02 335 2223 100.0 14.8 8.941
196 160 35.0051 0.84 100.0 449.44 555.94 1368.12 1129.26 5.48 8.0 194.25 2222.96 8355.5 1.02 42.19 183.0 2388.06 8069.72 9.3726 0.02 335 2223 100.0 14.91 8.7079
196 161 35.0028 0.8404 100.0 449.44 555.91 1368.95 1133.43 5.48 8.0 194.22 2222.98 8353.44 1.02 42.2 182.78 2388.11 8067.0 9.3498 0.02 337 2223 100.0 14.87 8.8723
196 162 42.001 0.8402 100.0 445.0 549.99 1364.68 1134.29 3.91 5.72 138.5 2211.88 8325.25 1.02 42.33 130.71 2387.92 8086.61 9.395 0.02 333 2212 100.0 10.44 6.3358
196 163 10.0001 0.2517 100.0 489.05 605.37 1505.71 1321.98 10.52 15.5 393.73 2319.11 8779.22 1.26 45.57 370.89 2388.31 8137.09 8.6955 0.03 370 2319 100.0 28.37 17.0642
196 164 41.9981 0.84 100.0 445.0 549.96 1357.67 1126.77 3.91 5.71 138.12 2211.84 8323.81 1.02 42.41 130.39 2387.91 8085.62 9.4123 0.02 333 2212 100.0 10.66 6.2736
196 165 35.0069 0.8405 100.0 449.44 556.38 1362.21 1143.95 5.48 8.0 194.49 2223.01 8358.45 1.02 42.33 183.29 2388.12 8067.27 9.365 0.02 335 2223 100.0 14.7 8.7939
196 166 0.0007 0.0006 100.0 518.67 642.69 1585.59 1409.64 14.62 21.61 552.96 2388.18 9060.41 1.3 47.75 520.54 2388.13 8138.42 8.4618 0.03 392 2388 100.0 38.61 23.2536
196 167 42.0029 0.84 100.0 445.0 549.66 1356.59 1135.44 3.91 5.72 138.23 2211.91 8325.48 1.02 42.39 130.81 2387.98 8082.14 9.4265 0.02 331 2212 100.0 10.42 6.3366
196 168 9.9996 0.25 100.0 489.05 605.63 1506.09 1314.68 10.52 15.5 393.3 2319.01 8793.15 1.26 45.68 370.64 2388.21 8132.47 8.6751 0.03 370 2319 100.0 28.58 17.1041
196 169 42.008 0.8419 100.0 445.0 550.52 1356.06 1130.02 3.91 5.72 138.67 2211.87 8322.07 1.02 42.29 130.52 2388.02 8086.76 9.429 0.02 333 2212 100.0 10.41 6.3821
196 170 25.0072 0.62 60.0 462.54 537.08 1272.1 1053.24 7.05 9.03 175.15 1915.34 8008.99 0.94 37.17 164.16 2028.24 7870.46 10.9195 0.02 309 1915 84.93 14.21 8.4663
196 171 42.0005 0.84 100.0 445.0 549.84 1358.87 1137.12 3.91 5.71 138.71 2211.85 8328.76 1.02 42.28 130.32 2387.96 8089.24 9.4004 0.02 332 2212 100.0 10.47 6.4104
196 172 0.0022 0.0002 100.0 518.67 642.46 1598.66 1420.15 14.62 21.61 552.49 2388.16 9063.07 1.3 47.81 520.71 2388.16 8139.48 8.4771 0.03 395 2388 100.0 38.61 23.2064
196 173 0.0019 0.0 100.0 518.67 642.81 1593.12 1421.72 14.62 21.61 552.74 2388.25 9060.42 1.3 47.72 520.56 2388.18 8136.36 8.4692 0.03 396 2388 100.0 38.72 23.1715
196 174 10.006 0.252 100.0 489.05 605.63 1505.3 1320.46 10.52 15.5 394.45 2319.06 8781.48 1.26 45.98 371.39 2388.24 8131.31 8.6861 0.03 371 2319 100.0 28.41 17.0625
196 175 25.0077 0.62 60.0 462.54 537.16 1266.33 1059.43 7.05 9.03 174.93 1915.37 8014.83 0.94 36.93 164.53 2028.27 7877.15 10.9447 0.02 308 1915 84.93 14.2 8.5783
196 176 42.0024 0.8412 100.0 445.0 550.01 1358.6 1134.49 3.91 5.72 138.85 2211.89 8327.12 1.02 42.42 130.59 2388.01 8090.46 9.411 0.02 332 2212 100.0 10.49 6.2736
196 177 10.008 0.25 100.0 489.05 604.97 1506.1 1316.19 10.52 15.5 393.8 2319.02 8783.63 1.26 45.77 371.08 2388.27 8126.82 8.7021 0.03 371 2319 100.0 28.46 17.0622
196 178 0.0007 0.0 100.0 518.67 643.07 1597.82 1415.04 14.62 21.61 552.54 2388.18 9066.13 1.3 47.91 520.24 2388.16 8138.6 8.4486 0.03 394 2388 100.0 38.55 23.2082
196 179 0.0005 0.0 100.0 518.67 643.02 1596.07 1418.0 14.62 21.61 552.6 2388.21 9059.32 1.3 47.92 520.27 2388.17 8138.26 8.476 0.03 394 2388 100.0 38.77 23.3033
196 180 42.0012 0.84 100.0 445.0 549.51 1356.98 1122.98 3.91 5.72 138.81 2211.89 8329.48 1.02 42.36 130.56 2387.94 8086.53 9.3722 0.02 332 2212 100.0 10.56 6.3007
196 181 0.002 0.0 100.0 518.67 643.0 1597.64 1415.77 14.62 21.61 552.41 2388.15 9062.05 1.3 47.92 520.88 2388.2 8142.41 8.4538 0.03 393 2388 100.0 38.74 23.2323
196 182 35.0014 0.84 100.0 449.44 556.51 1371.94 1135.7 5.48 8.0 194.12 2223.05 8354.54 1.02 42.37 183.11 2388.16 8070.84 9.3874 0.02 333 2223 100.0 14.81 8.9166
196 183 42.0 0.84 100.0 445.0 549.82 1357.01 1136.2 3.91 5.72 138.34 2211.89 8325.94 1.02 42.57 130.56 2387.97 8092.48 9.4149 0.02 332 2212 100.0 10.56 6.2959
196 184 10.0006 0.2509 100.0 489.05 605.66 1512.14 1322.81 10.52 15.5 392.94 2319.06 8785.28 1.26 45.7 370.81 2388.23 8130.81 8.7024 0.03 371 2319 100.0 28.38 17.0824
196 185 24.9996 0.6208 60.0 462.54 537.44 1261.12 1057.56 7.05 9.03 175.62 1915.4 8013.96 0.94 37.1 164.48 2028.28 7884.48 10.9667 0.02 308 1915 84.93 14.17 8.6345
196 186 35.0044 0.842 100.0 449.44 556.13 1371.09 1134.15 5.48 8.0 194.72 2223.01 8355.98 1.02 42.29 182.68 2388.13 8073.15 9.3602 0.02 335 2223 100.0 14.83 8.8402
196 187 0.0002 0.0 100.0 518.67 642.81 1593.78 1419.55 14.62 21.61 553.09 2388.24 9067.3 1.3 47.74 520.06 2388.2 8139.09 8.4621 0.03 393 2388 100.0 38.85 23.1923
196 188 24.9993 0.6214 60.0 462.54 537.47 1266.84 1056.58 7.05 9.03 174.77 1915.38 8015.34 0.94 37.0 164.91 2028.34 7879.23 10.9823 0.02 307 1915 84.93 14.18 8.5299
196 189 20.0044 0.7 100.0 491.19 607.91 1491.24 1260.67 9.35 13.66 334.01 2324.07 8734.48 1.08 44.65 314.55 2388.2 8063.55 9.2497 0.03 366 2324 100.0 24.38 14.695
196 190 35.0038 0.84 100.0 449.44 556.33 1364.05 1137.28 5.48 8.0 193.91 2223.03 8357.44 1.02 42.19 182.87 2388.09 8066.31 9.3662 0.02 335 2223 100.0 14.53 8.8579
196 191 35.0072 0.8413 100.0 449.44 556.42 1365.92 1139.07 5.48 8.0 193.54 2223.06 8355.87 1.02 42.05 182.68 2388.12 8073.99 9.3779 0.02 333 2223 100.0 14.86 8.866
196 192 10.0051 0.25 100.0 489.05 605.62 1495.54 1320.34 10.52 15.5 393.43 2319.09 8782.82 1.26 45.62 370.74 2388.24 8129.31 8.7077 0.03 370 2319 100.0 28.39 17.1014
196 193 25.0052 0.622 60.0 462.54 537.09 1265.37 1059.95 7.05 9.03 175.21 1915.31 8018.76 0.94 37.15 164.82 2028.25 7873.01 10.9952 0.02 309 1915 84.93 14.26 8.5233
196 194 0.0022 0.0018 100.0 518.67 643.55 1600.64 1418.84 14.62 21.61 552.26 2388.18 9065.06 1.3 47.83 520.6 2388.18 8136.56 8.4903 0.03 394 2388 100.0 38.7 23.1766
196 195 10.0033 0.25 100.0 489.05 605.53 1510.37 1325.01 10.52 15.5 393.17 2319.04 8780.66 1.26 45.76 370.97 2388.22 8137.11 8.7304 0.03 370 2319 100.0 28.47 16.9713
196 196 25.0044 0.6217 60.0 462.54 536.86 1276.21 1058.07 7.05 9.03 175.01 1915.4 8018.8 0.94 37.17 164.54 2028.3 7876.77 10.9744 0.02 309 1915 84.93 14.2 8.6366
196 197 42.0048 0.84 100.0 445.0 550.18 1363.18 1133.19 3.91 5.71 138.47 2211.89 8325.33 1.02 42.36 130.64 2387.96 8088.69 9.4308 0.02 332 2212 100.0 10.55 6.288
196 198 42.0054 0.84 100.0 445.0 549.63 1359.28 1133.31 3.91 5.71 137.96 2212.0 8328.25 1.02 42.44 130.29 2387.99 8083.05 9.4032 0.02 332 2212 100.0 10.39 6.4267
196 199 35.0039 0.8418 100.0 449.44 556.04 1373.35 1137.11 5.48 8.0 194.3 2223.08 8345.98 1.02 42.29 182.87 2388.13 8077.5 9.3811 0.02 337 2223 100.0 14.82 8.7482
196 200 0.0005 0.0017 100.0 518.67 643.06 1592.52 1418.11 14.62 21.61 552.49 2388.15 9064.49 1.3 48.05 520.56 2388.15 8140.86 8.4754 0.03 394 2388 100.0 38.61 23.1443
196 201 0.0021 0.0011 100.0 518.67 643.21 1596.52 1417.52 14.62 21.61 552.68 2388.19 9064.66 1.3 47.92 520.33 2388.23 8139.94 8.4876 0.03 394 2388 100.0 38.58 23.0884
196 202 0.0005 0.0012 100.0 518.67 643.12 1601.58 1416.2 14.62 21.61 552.41 2388.14 9060.74 1.3 47.89 520.54 2388.21 8145.85 8.4833 0.03 396 2388 100.0 38.76 23.2325
196 203 34.9994 0.84 100.0 449.44 556.39 1367.81 1135.22 5.48 8.0 194.61 2223.07 8362.61 1.02 42.36 182.61 2388.19 8069.23 9.3605 0.02 335 2223 100.0 14.71 8.819
196 204 9.9995 0.25 100.0 489.05 605.47 1509.39 1319.08 10.52 15.5 393.34 2319.07 8793.37 1.26 45.95 370.27 2388.28 8135.38 8.7143 0.03 372 2319 100.0 28.46 17.0933
196 205 42.0055 0.84 100.0 445.0 549.8 1361.28 1137.28 3.91 5.72 138.44 2211.96 8334.58 1.02 42.36 130.87 2388.0 8096.37 9.3933 0.02 333 2212 100.0 10.73 6.3652
196 206 35.0031 0.8416 100.0 449.44 556.14 1370.57 1142.33 5.48 8.0 193.99 2223.05 8360.25 1.02 42.15 183.05 2388.14 8070.5 9.3893 0.02 335 2223 100.0 14.72 8.8836
196 207 42.0012 0.8417 100.0 445.0 550.45 1350.0 1135.33 3.91 5.71 137.66 2211.86 8323.76 1.02 42.49 129.9 2387.97 8088.37 9.4356 0.02 333 2212 100.0 10.38 6.2405
196 208 0.0012 0.0004 100.0 518.67 643.45 1599.78 1421.02 14.62 21.61 552.1 2388.25 9066.01 1.3 47.94 520.36 2388.18 8139.68 8.471 0.03 394 2388 100.0 38.83 23.201
196 209 10.0032 0.25 100.0 489.05 605.54 1516.72 1324.84 10.52 15.5 393.07 2319.1 8797.23 1.26 45.66 370.31 2388.33 8133.98 8.7132 0.03 373 2319 100.0 28.5 17.0039
196 210 9.9991 0.2502 100.0 489.05 605.27 1510.44 1324.06 10.52 15.5 392.7 2319.09 8789.29 1.26 45.72 370.64 2388.31 8133.44 8.7378 0.03 373 2319 100.0 28.19 17.0611
196 211 9.9999 0.25 100.0 489.05 605.85 1508.75 1324.21 10.52 15.5 393.16 2319.18 8793.87 1.26 46.02 371.08 2388.35 8132.95 8.7192 0.03 372 2319 100.0 28.29 17.0252
196 212 24.9989 0.62 60.0 462.54 537.29 1268.71 1057.04 7.05 9.03 175.07 1915.39 8022.38 0.94 37.0 164.37 2028.3 7882.36 10.9626 0.02 307 1915 84.93 14.3 8.5587
196 213 20.0015 0.702 100.0 491.19 608.01 1494.83 1265.2 9.35 13.66 334.8 2324.12 8737.7 1.07 44.84 314.1 2388.24 8066.14 9.2893 0.03 367 2324 100.0 24.21 14.5759
196 214 35.0007 0.8403 100.0 449.44 556.46 1375.42 1140.14 5.48 8.0 193.92 2223.04 8364.67 1.02 42.45 183.07 2388.11 8071.71 9.3825 0.02 336 2223 100.0 14.76 8.9049
196 215 0.0015 0.0011 100.0 518.67 643.72 1598.26 1418.17 14.62 21.61 552.29 2388.17 9064.67 1.3 47.98 520.07 2388.19 8143.47 8.4971 0.03 396 2388 100.0 38.63 23.0667
196 216 25.0044 0.62 60.0 462.54 536.42 1270.18 1062.51 7.05 9.03 174.76 1915.43 8018.29 0.94 37.1 163.95 2028.32 7881.12 10.9814 0.02 309 1915 84.93 14.0 8.5203
196 217 10.007 0.25 100.0 489.05 605.41 1510.61 1332.86 10.52 15.5 393.22 2319.09 8795.2 1.26 45.86 370.53 2388.32 8135.09 8.7057 0.03 371 2319 100.0 28.28 17.0398
196 218 25.0053 0.62 60.0 462.54 536.94 1271.47 1053.98 7.05 9.03 174.89 1915.44 8022.1 0.94 37.35 164.4 2028.27 7878.85 10.969 0.02 310 1915 84.93 14.1 8.5539
196 219 10.0018 0.25 100.0 489.05 605.92 1511.08 1324.52 10.52 15.5 393.29 2319.14 8782.11 1.26 45.92 369.98 2388.28 8131.82 8.7115 0.03 372 2319 100.0 28.4 17.0399
196 220 0.0016 0.0 100.0 518.67 643.87 1602.09 1419.05 14.62 21.61 551.71 2388.22 9071.89 1.3 47.77 519.86 2388.2 8144.48 8.4959 0.03 396 2388 100.0 38.58 23.1571
196 221 25.0068 0.6216 60.0 462.54 537.15 1262.78 1060.05 7.05 9.03 174.75 1915.42 8027.56 0.94 37.26 164.23 2028.32 7883.31 10.996 0.02 308 1915 84.93 14.07 8.523
196 222 20.0073 0.7006 100.0 491.19 608.86 1497.49 1264.8 9.35 13.66 333.81 2324.09 8735.69 1.07 45.04 313.96 2388.29 8061.86 9.2881 0.02 368 2324 100.0 24.31 14.5806
196 223 41.9988 0.84 100.0 445.0 550.66 1359.19 1140.91 3.91 5.72 138.04 2211.9 8335.41 1.02 42.59 130.31 2387.98 8085.8 9.4692 0.02 335 2212 100.0 10.53 6.2005
196 224 0.0 0.0 100.0 518.67 643.27 1599.52 1432.23 14.62 21.61 551.42 2388.25 9064.41 1.3 48.13 519.71 2388.21 8142.55 8.4803 0.03 396 2388 100.0 38.55 23.1088
196 225 0.0004 0.0 100.0 518.67 643.51 1600.01 1424.52 14.62 21.61 552.2 2388.22 9067.86 1.3 48.07 520.18 2388.13 8141.7 8.4805 0.03 395 2388 100.0 38.56 23.0841
196 226 10.0067 0.2513 100.0 489.05 605.46 1509.0 1328.18 10.52 15.5 393.48 2319.15 8791.56 1.26 45.89 370.58 2388.29 8134.23 8.7374 0.03 373 2319 100.0 28.42 16.9066
196 227 20.0003 0.7 100.0 491.19 608.37 1497.45 1263.72 9.35 13.66 333.99 2324.18 8734.72 1.07 44.98 314.15 2388.27 8068.53 9.3179 0.03 368 2324 100.0 24.28 14.5408
196 228 0.0023 0.0 100.0 518.67 643.62 1604.28 1423.32 14.62 21.61 551.79 2388.28 9067.53 1.3 48.19 520.19 2388.25 8140.78 8.4921 0.03 395 2388 100.0 38.36 23.1737
196 229 20.0034 0.7 100.0 491.19 608.56 1498.09 1266.51 9.35 13.66 333.61 2324.14 8735.9 1.07 44.97 313.9 2388.31 8070.06 9.3016 0.03 367 2324 100.0 24.31 14.4953
196 230 10.0064 0.2512 100.0 489.05 605.56 1515.87 1333.37 10.52 15.5 393.19 2319.18 8796.9 1.26 46.04 369.84 2388.34 8133.75 8.7721 0.03 372 2319 100.0 28.22 17.0255
196 231 0.0022 0.0 100.0 518.67 643.57 1602.92 1432.76 14.62 21.61 551.11 2388.25 9067.64 1.3 47.99 519.48 2388.28 8144.32 8.5252 0.03 397 2388 100.0 38.7 23.0955
196 232 25.0024 0.6216 60.0 462.54 537.68 1263.93 1070.63 7.05 9.03 174.52 1915.42 8026.16 0.93 37.25 164.5 2028.38 7884.57 11.0092 0.02 310 1915 84.93 14.22 8.5414
196 233 25.0059 0.62 60.0 462.54 537.67 1273.23 1057.13 7.05 9.03 174.88 1915.45 8018.8 0.94 37.34 163.69 2028.3 7883.91 11.0029 0.02 308 1915 84.93 14.35 8.5163
196 234 10.0012 0.25 100.0 489.05 605.62 1519.33 1330.39 10.52 15.5 393.13 2319.16 8794.68 1.26 46.08 370.43 2388.34 8139.23 8.7352 0.03 373 2319 100.0 28.29 16.8871
196 235 19.9984 0.7008 100.0 491.19 608.08 1495.35 1268.72 9.35 13.66 333.2 2324.13 8734.6 1.07 45.08 313.95 2388.32 8063.65 9.2887 0.03 367 2324 100.0 24.08 14.5913
196 236 0.0009 0.0007 100.0 518.67 644.41 1602.31 1421.02 14.62 21.61 551.32 2388.28 9064.66 1.3 48.4 519.88 2388.23 8139.74 8.5148 0.03 396 2388 100.0 38.42 23.0435
196 237 25.0 0.6219 60.0 462.54 537.09 1270.02 1059.94 7.05 9.03 174.3 1915.52 8026.56 0.94 37.24 163.55 2028.42 7882.49 11.0194 0.02 310 1915 84.93 14.13 8.4422
196 238 42.0058 0.8406 100.0 445.0 550.55 1371.64 1144.33 3.91 5.72 138.81 2211.94 8339.0 1.02 42.7 129.56 2388.0 8090.38 9.4781 0.02 333 2212 100.0 10.5 6.3171
196 239 10.0016 0.25 100.0 489.05 605.9 1514.55 1323.31 10.52 15.5 392.7 2319.15 8799.68 1.26 46.11 369.76 2388.34 8131.8 8.7322 0.03 373 2319 100.0 28.3 16.9767
