92 1 -0.0065 -0.0003 100.0 518.67 642.22 1591.86 1401.89 14.62 21.61 553.48 2388.1 9057.74 1.3 47.44 521.81 2388.09 8136.55 8.3948 0.03 392 2388 100.0 38.87 23.4047
92 2 0.0005 -0.0001 100.0 518.67 642.47 1574.26 1394.91 14.62 21.61 553.95 2388.01 9052.5 1.3 47.35 521.46 2388.08 8135.54 8.3753 0.03 393 2388 100.0 38.86 23.3022
92 3 0.0002 -0.0001 100.0 518.67 642.59 1587.48 1408.34 14.62 21.61 554.54 2388.02 9054.54 1.3 47.3 522.72 2388.03 8137.39 8.3695 0.03 393 2388 100.0 38.75 23.3307
92 4 0.0 -0.0001 100.0 518.67 642.46 1579.68 1406.09 14.62 21.61 554.19 2388.05 9052.43 1.3 47.46 521.8 2388.05 8135.96 8.4237 0.03 392 2388 100.0 38.88 23.4558
92 5 0.002 0.0002 100.0 518.67 641.86 1583.83 1406.2 14.62 21.61 554.65 2388.05 9057.69 1.3 47.5 522.47 2388.02 8138.76 8.4283 0.03 391 2388 100.0 38.91 23.2863
92 6 0.0016 0.0001 100.0 518.67 642.41 1586.57 1410.85 14.62 21.61 554.01 2388.02 9055.37 1.3 47.32 521.83 2388.02 8132.81 8.3991 0.03 394 2388 100.0 38.98 23.4858
92 7 0.001 -0.0004 100.0 518.67 642.53 1586.81 1402.28 14.62 21.61 554.69 2387.99 9054.37 1.3 47.39 521.46 2388.0 8132.69 8.4068 0.03 393 2388 100.0 38.86 23.3233
92 8 -0.0029 0.0 100.0 518.67 642.47 1589.95 1399.74 14.62 21.61 554.52 2388.07 9056.13 1.3 47.31 522.43 2388.07 8136.02 8.4451 0.03 392 2388 100.0 38.95 23.3773
92 9 -0.0047 0.0001 100.0 518.67 642.56 1587.89 1401.61 14.62 21.61 554.09 2388.02 9059.93 1.3 47.23 522.2 2388.03 8141.35 8.4149 0.03 392 2388 100.0 39.05 23.4278
92 10 0.0007 0.0004 100.0 518.67 642.01 1583.57 1405.64 14.62 21.61 554.55 2388.12 9049.06 1.3 47.16 522.06 2388.05 8139.29 8.4174 0.03 392 2388 100.0 38.91 23.4279
92 11 -0.002 -0.0001 100.0 518.67 642.29 1588.19 1401.86 14.62 21.61 553.73 2388.02 9057.85 1.3 47.24 521.91 2388.05 8137.74 8.4027 0.03 391 2388 100.0 39.03 23.357
92 12 -0.0027 -0.0003 100.0 518.67 642.17 1582.46 1403.46 14.62 21.61 553.86 2388.03 9059.18 1.3 47.41 522.27 2388.08 8139.02 8.4135 0.03 391 2388 100.0 39.01 23.2859
92 13 -0.0018 0.0004 100.0 518.67 641.98 1586.12 1401.89 14.62 21.61 553.47 2388.02 9058.62 1.3 47.45 521.75 2388.04 8138.59 8.4141 0.03 391 2388 100.0 39.0 23.3892
92 14 -0.0008 0.0 100.0 518.67 641.88 1583.3 1404.06 14.62 21.61 554.48 2388.09 9058.8 1.3 47.36 522.04 2388.02 8134.96 8.4563 0.03 392 2388 100.0 39.07 23.4336
92 15 -0.0015 -0.0002 100.0 518.67 642.53 1583.04 1406.82 14.62 21.61 554.67 2388.13 9049.89 1.3 47.41 522.2 2388.03 8139.18 8.4059 0.03 393 2388 100.0 38.95 23.4128
92 16 -0.0009 0.0004 100.0 518.67 642.62 1581.02 1404.36 14.62 21.61 554.46 2388.02 9051.78 1.3 47.26 522.05 2388.03 8132.58 8.4214 0.03 392 2388 100.0 38.92 23.2979
92 17 -0.0007 0.0003 100.0 518.67 642.26 1583.97 1402.97 14.62 21.61 554.32 2388.03 9051.95 1.3 47.18 521.74 2388.06 8139.26 8.4102 0.03 392 2388 100.0 39.02 23.3179
92 18 0.0014 0.0001 100.0 518.67 642.24 1587.47 1404.64 14.62 21.61 553.47 2388.04 9047.66 1.3 47.31 522.37 2388.02 8139.54 8.4357 0.03 391 2388 100.0 38.84 23.3386
92 19 0.001 -0.0003 100.0 518.67 642.55 1581.12 1396.34 14.62 21.61 554.59 2388.09 9053.33 1.3 47.29 522.33 2388.1 8133.07 8.3907 0.03 391 2388 100.0 39.0 23.3678
92 20 0.0035 0.0002 100.0 518.67 641.83 1587.57 1406.74 14.62 21.61 553.98 2388.06 9051.59 1.3 47.3 522.28 2388.07 8141.9 8.4245 0.03 390 2388 100.0 39.04 23.4178
92 21 0.0029 -0.0 100.0 518.67 642.75 1591.17 1402.92 14.62 21.61 554.35 2387.98 9048.04 1.3 47.44 521.62 2388.03 8137.01 8.4352 0.03 392 2388 100.0 39.02 23.3464
92 22 0.0027 -0.0002 100.0 518.67 642.19 1593.1 1399.67 14.62 21.61 553.28 2388.07 9054.72 1.3 47.23 521.95 2388.12 8132.3 8.393 0.03 392 2388 100.0 38.81 23.2988
92 23 -0.0011 0.0003 100.0 518.67 642.38 1585.85 1403.87 14.62 21.61 553.75 2388.07 9055.89 1.3 47.35 521.51 2388.03 8137.73 8.4139 0.03 391 2388 100.0 38.88 23.4195
92 24 0.0009 -0.0001 100.0 518.67 642.28 1594.5 1401.45 14.62 21.61 553.81 2388.06 9049.57 1.3 47.31 522.03 2388.05 8136.14 8.4117 0.03 392 2388 100.0 39.02 23.4684
92 25 0.0014 0.0004 100.0 518.67 642.1 1588.83 1405.56 14.62 21.61 554.15 2388.08 9055.63 1.3 47.4 521.93 2388.09 8136.66 8.408 0.03 392 2388 100.0 38.89 23.4189
92 26 -0.0002 -0.0001 100.0 518.67 642.37 1583.53 1409.94 14.62 21.61 554.18 2388.08 9055.47 1.3 46.99 522.37 2388.07 8139.05 8.3621 0.03 393 2388 100.0 38.92 23.3657
92 27 -0.0016 -0.0002 100.0 518.67 642.39 1578.47 1409.17 14.62 21.61 553.99 2388.05 9057.92 1.3 47.34 522.17 2388.11 8131.38 8.4346 0.03 390 2388 100.0 38.88 23.3295
92 28 -0.0012 0.0001 100.0 518.67 642.39 1589.61 1406.98 14.62 21.61 554.7 2388.04 9049.96 1.3 47.45 521.85 2388.09 8132.54 8.3962 0.03 392 2388 100.0 38.66 23.4373
92 29 0.0001 -0.0003 100.0 518.67 642.46 1587.3 1398.55 14.62 21.61 554.36 2388.07 9049.14 1.3 47.24 522.3 2388.03 8137.51 8.4046 0.03 390 2388 100.0 39.13 23.4096
92 30 -0.0005 0.0 100.0 518.67 642.24 1585.87 1400.49 14.62 21.61 553.76 2388.06 9059.54 1.3 47.36 522.18 2388.07 8137.18 8.3755 0.03 394 2388 100.0 39.12 23.4305
92 31 0.0022 -0.0002 100.0 518.67 642.15 1590.49 1401.56 14.62 21.61 553.52 2388.05 9055.97 1.3 47.38 521.51 2388.1 8135.67 8.4032 0.03 391 2388 100.0 39.04 23.3824
92 32 -0.0024 0.0005 100.0 518.67 642.4 1593.82 1400.43 14.62 21.61 554.18 2388.05 9056.9 1.3 47.35 522.24 2388.02 8135.78 8.3967 0.03 395 2388 100.0 38.95 23.2434
92 33 -0.0023 0.0001 100.0 518.67 642.03 1575.52 1405.36 14.62 21.61 553.67 2388.07 9053.77 1.3 47.37 522.2 2388.0 8135.9 8.4298 0.03 392 2388 100.0 38.82 23.4074
92 34 -0.0027 0.0004 100.0 518.67 641.86 1587.08 1404.28 14.62 21.61 554.39 2388.05 9062.59 1.3 47.35 522.11 2388.04 8132.62 8.4067 0.03 392 2388 100.0 39.04 23.3163
92 35 0.0025 0.0001 100.0 518.67 642.3 1583.79 1404.96 14.62 21.61 553.55 2388.1 9055.07 1.3 47.06 521.79 2388.01 8134.38 8.4097 0.03 391 2388 100.0 38.86 23.3444
92 36 -0.0003 0.0004 100.0 518.67 642.22 1588.96 1398.75 14.62 21.61 554.43 2388.02 9054.76 1.3 47.47 521.97 2388.04 8139.97 8.4258 0.03 393 2388 100.0 39.0 23.4078
92 37 -0.0003 -0.0003 100.0 518.67 642.44 1592.49 1406.02 14.62 21.61 554.41 2388.1 9053.59 1.3 47.35 522.08 2388.07 8136.78 8.4267 0.03 391 2388 100.0 38.8 23.3089
92 38 0.0002 0.0005 100.0 518.67 642.26 1585.66 1403.44 14.62 21.61 553.68 2388.06 9049.55 1.3 47.41 522.04 2388.08 8137.15 8.4209 0.03 393 2388 100.0 38.92 23.3347
92 39 -0.0017 0.0006 100.0 518.67 642.58 1584.65 1405.68 14.62 21.61 553.86 2388.04 9051.49 1.3 47.46 521.94 2388.07 8135.98 8.4379 0.03 392 2388 100.0 39.0 23.407
92 40 0.002 0.0002 100.0 518.67 642.57 1587.86 1407.95 14.62 21.61 553.81 2388.08 9049.61 1.3 47.36 521.98 2388.05 8135.3 8.4058 0.03 392 2388 100.0 38.95 23.4313
92 41 0.0029 -0.0001 100.0 518.67 642.18 1579.04 1400.26 14.62 21.61 553.11 2388.04 9055.54 1.3 47.15 522.48 2388.06 8132.62 8.4038 0.03 393 2388 100.0 38.96 23.3017
92 42 0.0014 0.0005 100.0 518.67 642.99 1589.37 1396.71 14.62 21.61 553.47 2388.07 9053.85 1.3 47.42 522.17 2388.06 8130.79 8.4162 0.03 393 2388 100.0 38.92 23.4293
92 43 0.0027 -0.0003 100.0 518.67 642.65 1589.07 1408.18 14.62 21.61 554.16 2388.04 9053.58 1.3 47.26 521.67 2388.08 8131.47 8.4391 0.03 394 2388 100.0 38.93 23.447
92 44 -0.0027 -0.0002 100.0 518.67 642.4 1583.66 1401.7 14.62 21.61 553.99 2388.16 9054.16 1.3 47.19 522.23 2388.02 8135.36 8.4193 0.03 392 2388 100.0 38.8 23.3891
92 45 -0.0006 0.0004 100.0 518.67 641.89 1582.95 1405.86 14.62 21.61 553.73 2388.08 9058.77 1.3 47.37 523.0 2388.07 8138.68 8.3974 0.03 393 2388 100.0 38.84 23.4192
92 46 0.0027 -0.0001 100.0 518.67 642.6 1580.43 1399.62 14.62 21.61 553.53 2388.07 9055.19 1.3 47.5 522.07 2388.09 8138.18 8.4035 0.03 391 2388 100.0 38.99 23.387
92 47 0.0025 0.0004 100.0 518.67 642.61 1586.89 1405.3 14.62 21.61 553.81 2388.09 9051.35 1.3 47.36 521.78 2388.11 8135.48 8.4298 0.03 392 2388 100.0 38.97 23.3957
92 48 0.0002 -0.0004 100.0 518.67 642.04 1583.9 1409.98 14.62 21.61 554.6 2388.09 9058.41 1.3 47.21 522.03 2388.04 8134.91 8.4085 0.03 392 2388 100.0 38.81 23.2036
92 49 0.0022 0.0005 100.0 518.67 642.06 1588.85 1406.93 14.62 21.61 553.98 2388.01 9057.85 1.3 47.48 522.2 2388.09 8138.3 8.4058 0.03 392 2388 100.0 38.92 23.381
92 50 -0.0036 -0.0003 100.0 518.67 642.64 1582.99 1398.75 14.62 21.61 554.65 2388.09 9050.1 1.3 47.39 521.95 2388.09 8143.99 8.3974 0.03 393 2388 100.0 39.09 23.3867
92 51 0.0054 0.0002 100.0 518.67 642.08 1592.05 1402.54 14.62 21.61 554.01 2388.13 9053.92 1.3 47.35 521.32 2388.08 8133.09 8.4238 0.03 392 2388 100.0 38.87 23.2955
92 52 0.005 0.0005 100.0 518.67 642.18 1581.25 1396.02 14.62 21.61 553.07 2388.07 9054.43 1.3 47.37 521.8 2388.1 8137.41 8.4181 0.03 392 2388 100.0 38.84 23.306
92 53 -0.0026 0.0001 100.0 518.67 642.89 1580.12 1402.29 14.62 21.61 554.03 2388.03 9064.13 1.3 47.49 521.99 2388.0 8139.97 8.4115 0.03 393 2388 100.0 38.81 23.212
92 54 0.002 0.0003 100.0 518.67 642.84 1579.56 1403.6 14.62 21.61 553.76 2388.05 9050.21 1.3 47.26 521.65 2388.03 8135.67 8.413 0.03 393 2388 100.0 39.02 23.4938
92 55 -0.0003 0.0005 100.0 518.67 642.66 1582.76 1403.66 14.62 21.61 553.89 2388.06 9049.52 1.3 47.28 522.13 2388.01 8134.95 8.4207 0.03 392 2388 100.0 38.94 23.3001
92 56 -0.0031 0.0004 100.0 518.67 642.85 1588.71 1399.05 14.62 21.61 554.57 2388.08 9058.88 1.3 47.37 521.86 2388.04 8137.26 8.3989 0.03 390 2388 100.0 39.09 23.3552
92 57 -0.0018 0.0002 100.0 518.67 642.03 1579.35 1402.84 14.62 21.61 553.21 2388.07 9059.75 1.3 47.38 521.88 2388.12 8131.83 8.4033 0.03 393 2388 100.0 38.95 23.4467
92 58 0.0005 -0.0004 100.0 518.67 642.08 1587.71 1401.77 14.62 21.61 554.3 2388.06 9050.38 1.3 47.33 522.22 2388.05 8142.48 8.3951 0.03 392 2388 100.0 38.85 23.3011
92 59 -0.0081 0.0004 100.0 518.67 642.72 1584.59 1403.56 14.62 21.61 554.27 2388.07 9059.23 1.3 47.54 521.56 2388.09 8138.02 8.4044 0.03 392 2388 100.0 38.77 23.2625
92 60 -0.0034 0.0004 100.0 518.67 641.96 1589.3 1403.47 14.62 21.61 554.25 2388.07 9053.2 1.3 47.42 521.2 2388.04 8131.35 8.3931 0.03 391 2388 100.0 38.82 23.3751
92 61 -0.0021 -0.0001 100.0 518.67 642.64 1584.43 1400.86 14.62 21.61 553.48 2388.09 9057.55 1.3 47.23 522.25 2388.08 8143.92 8.4528 0.03 392 2388 100.0 38.92 23.3088
92 62 0.002 0.0003 100.0 518.67 642.22 1585.2 1399.36 14.62 21.61 554.32 2388.05 9058.23 1.3 47.24 521.97 2388.01 8138.89 8.4263 0.03 393 2388 100.0 38.77 23.3701
92 63 -0.0009 0.0005 100.0 518.67 642.12 1586.63 1401.87 14.62 21.61 553.52 2388.03 9056.08 1.3 47.2 521.91 2388.07 8137.77 8.407 0.03 391 2388 100.0 39.0 23.2848
92 64 -0.0019 0.0004 100.0 518.67 642.31 1588.9 1408.18 14.62 21.61 554.01 2388.03 9053.15 1.3 47.48 521.91 2388.06 8137.0 8.4055 0.03 391 2388 100.0 38.85 23.3307
92 65 -0.0019 0.0004 100.0 518.67 642.67 1593.98 1395.89 14.62 21.61 554.57 2388.03 9049.29 1.3 47.49 521.85 2388.05 8135.35 8.4265 0.03 392 2388 100.0 38.93 23.342
92 66 -0.0038 0.0004 100.0 518.67 642.36 1590.6 1404.1 14.62 21.61 553.92 2388.07 9056.12 1.3 47.16 521.87 2388.02 8134.31 8.4116 0.03 392 2388 100.0 38.96 23.2726
92 67 -0.0011 -0.0 100.0 518.67 642.64 1586.0 1402.49 14.62 21.61 554.57 2388.09 9057.15 1.3 47.36 522.33 2388.08 8139.02 8.4431 0.03 393 2388 100.0 38.95 23.5021
92 68 0.0015 0.0001 100.0 518.67 642.26 1583.46 1399.45 14.62 21.61 553.96 2388.04 9056.37 1.3 47.2 521.75 2388.07 8136.79 8.427 0.03 390 2388 100.0 39.07 23.3185
92 69 0.0016 0.0002 100.0 518.67 642.48 1580.12 1396.33 14.62 21.61 553.87 2388.11 9057.18 1.3 47.36 522.21 2388.05 8137.49 8.4605 0.03 393 2388 100.0 39.01 23.4044
92 70 0.0024 0.0004 100.0 518.67 642.8 1593.82 1398.82 14.62 21.61 553.6 2388.03 9050.86 1.3 47.24 522.28 2388.07 8146.14 8.4054 0.03 391 2388 100.0 38.92 23.3203
92 71 0.0003 0.0001 100.0 518.67 642.41 1579.73 1406.31 14.62 21.61 553.7 2388.05 9057.23 1.3 47.28 521.96 2388.05 8136.0 8.4169 0.03 392 2388 100.0 38.98 23.3491
92 72 -0.0001 0.0005 100.0 518.67 642.67 1587.8 1399.5 14.62 21.61 554.34 2388.05 9049.63 1.3 47.39 521.64 2388.05 8133.52 8.3925 0.03 392 2388 100.0 39.01 23.3373
92 73 0.0038 0.0001 100.0 518.67 642.0 1586.93 1408.25 14.62 21.61 554.58 2388.07 9055.69 1.3 47.53 521.85 2388.05 8135.35 8.4128 0.03 394 2388 100.0 38.83 23.4417
92 74 -0.0017 0.0004 100.0 518.67 642.66 1577.89 1403.31 14.62 21.61 553.68 2388.08 9057.11 1.3 47.34 522.15 2388.13 8142.46 8.3784 0.03 393 2388 100.0 38.89 23.4006
92 75 -0.0026 -0.0004 100.0 518.67 642.19 1585.31 1400.12 14.62 21.61 554.53 2388.03 9055.06 1.3 47.21 521.97 2387.98 8139.44 8.3833 0.03 393 2388 100.0 38.93 23.4145
92 76 0.0035 0.0005 100.0 518.67 642.35 1592.59 1407.18 14.62 21.61 553.26 2388.06 9055.12 1.3 47.29 522.05 2388.04 8136.58 8.4272 0.03 391 2388 100.0 39.04 23.4256
92 77 -0.0007 -0.0002 100.0 518.67 641.97 1585.48 1407.09 14.62 21.61 554.3 2388.03 9062.87 1.3 47.25 521.69 2388.09 8133.85 8.4205 0.03 394 2388 100.0 38.96 23.353
92 78 -0.0011 -0.0002 100.0 518.67 642.58 1583.33 1394.65 14.62 21.61 554.07 2388.04 9054.79 1.3 47.38 522.4 2388.05 8141.76 8.401 0.03 392 2388 100.0 38.94 23.3582
92 79 0.0023 -0.0004 100.0 518.67 642.71 1584.84 1398.13 14.62 21.61 553.61 2388.09 9060.37 1.3 47.3 522.36 2388.01 8136.59 8.4521 0.03 393 2388 100.0 38.75 23.2607
92 80 0.0009 0.0005 100.0 518.67 642.12 1592.92 1409.29 14.62 21.61 554.17 2388.02 9058.89 1.3 47.34 522.03 2388.03 8140.23 8.4061 0.03 391 2388 100.0 38.92 23.3131
92 81 -0.0009 0.0003 100.0 518.67 641.99 1592.38 1397.46 14.62 21.61 554.02 2388.07 9049.98 1.3 47.43 522.57 2388.08 8140.9 8.446 0.03 391 2388 100.0 38.99 23.3495
92 82 0.0004 0.0004 100.0 518.67 642.2 1582.61 1409.01 14.62 21.61 554.52 2388.03 9057.42 1.3 47.21 521.94 2388.07 8133.74 8.3946 0.03 392 2388 100.0 38.93 23.405
92 83 -0.0001 0.0005 100.0 518.67 642.1 1590.5 1403.3 14.62 21.61 554.23 2388.0 9056.41 1.3 47.55 521.8 2388.08 8142.27 8.3709 0.03 392 2388 100.0 38.73 23.3795
92 84 0.0011 -0.0001 100.0 518.67 642.41 1589.13 1399.42 14.62 21.61 554.72 2388.05 9045.77 1.3 47.45 521.7 2388.06 8139.31 8.4461 0.03 393 2388 100.0 38.85 23.3692
92 85 -0.0054 -0.0003 100.0 518.67 642.76 1586.64 1403.75 14.62 21.61 553.62 2388.05 9058.77 1.3 47.45 522.23 2388.04 8125.32 8.3713 0.03 392 2388 100.0 38.95 23.3127
92 86 0.0015 0.0005 100.0 518.67 642.53 1585.07 1402.98 14.62 21.61 553.6 2388.02 9052.2 1.3 47.32 521.88 2388.09 8136.64 8.4091 0.03 392 2388 100.0 38.9 23.4116
92 87 -0.0001 0.0001 100.0 518.67 642.49 1580.65 1401.81 14.62 21.61 553.99 2388.04 9062.16 1.3 47.27 521.89 2388.06 8138.24 8.4312 0.03 392 2388 100.0 39.01 23.3632
92 88 -0.0014 0.0003 100.0 518.67 642.81 1587.19 1399.18 14.62 21.61 553.64 2388.04 9059.68 1.3 47.46 521.6 2388.03 8135.66 8.4414 0.03 391 2388 100.0 38.87 23.424
92 89 0.0008 0.0004 100.0 518.67 642.02 1587.91 1398.83 14.62 21.61 553.94 2388.04 9052.18 1.3 47.4 522.0 2388.07 8138.81 8.437 0.03 391 2388 100.0 38.71 23.3583
92 90 -0.0004 -0.0003 100.0 518.67 642.29 1589.08 1404.32 14.62 21.61 553.78 2388.04 9053.93 1.3 47.42 522.18 2388.12 8141.74 8.4238 0.03 393 2388 100.0 38.87 23.3229
92 91 0.0039 -0.0004 100.0 518.67 642.33 1588.32 1402.8 14.62 21.61 553.89 2388.02 9062.08 1.3 47.13 521.54 2388.04 8140.25 8.4184 0.03 392 2388 100.0 38.88 23.2857
92 92 0.0025 -0.0004 100.0 518.67 642.27 1593.85 1404.41 14.62 21.61 553.8 2388.04 9056.48 1.3 47.39 521.61 2388.1 8138.6 8.4243 0.03 391 2388 100.0 38.82 23.3625
92 93 -0.0015 -0.0 100.0 518.67 641.95 1587.13 1402.4 14.62 21.6 554.09 2388.1 9064.27 1.3 47.48 521.87 2388.02 8134.59 8.4303 0.03 392 2388 100.0 38.99 23.4205
92 94 0.0042 0.0002 100.0 518.67 642.74 1581.4 1404.18 14.62 21.61 554.28 2388.04 9054.54 1.3 47.29 521.79 2388.06 8137.57 8.454 0.03 392 2388 100.0 38.91 23.3789
92 95 -0.0033 -0.0001 100.0 518.67 642.08 1583.79 1402.19 14.62 21.61 554.06 2388.06 9055.07 1.3 47.4 522.11 2388.04 8138.89 8.4212 0.03 392 2388 100.0 39.07 23.3361
92 96 -0.0023 0.0004 100.0 518.67 642.63 1586.71 1403.18 14.62 21.61 553.59 2388.06 9057.19 1.3 47.59 521.72 2388.07 8133.13 8.3912 0.03 393 2388 100.0 38.99 23.3254
92 97 -0.0008 0.0002 100.0 518.67 642.65 1591.87 1395.75 14.62 21.61 554.14 2388.1 9060.37 1.3 47.37 521.75 2388.04 8139.46 8.4207 0.03 393 2388 100.0 39.05 23.3799
92 98 0.0047 -0.0001 100.0 518.67 642.32 1584.44 1410.48 14.62 21.61 554.29 2388.06 9050.56 1.3 47.41 521.9 2388.01 8135.37 8.428 0.03 392 2388 100.0 38.91 23.2805
92 99 0.0026 0.0001 100.0 518.67 642.7 1579.86 1398.16 14.62 21.61 553.89 2388.07 9055.99 1.3 47.24 521.75 2388.1 8135.2 8.3969 0.03 393 2388 100.0 38.95 23.3102
92 100 0.0022 -0.0003 100.0 518.67 642.66 1583.79 1402.36 14.62 21.61 554.19 2388.06 9056.49 1.3 47.6 522.0 2388.1 8136.85 8.4274 0.03 390 2388 100.0 38.88 23.4224
92 101 0.0017 0.0005 100.0 518.67 642.41 1582.32 1406.5 14.62 21.61 553.4 2388.06 9060.01 1.3 47.32 521.66 2388.0 8136.96 8.4033 0.03 392 2388 100.0 38.91 23.3855
92 102 0.0023 0.0002 100.0 518.67 642.33 1584.89 1404.1 14.62 21.61 553.73 2388.13 9056.62 1.3 47.5 521.94 2388.02 8138.47 8.4018 0.03 393 2388 100.0 38.98 23.3323
92 103 -0.0009 -0.0004 100.0 518.67 642.27 1591.58 1399.17 14.62 21.61 553.33 2388.07 9061.17 1.3 47.5 521.72 2388.09 8140.93 8.4137 0.03 393 2388 100.0 38.88 23.324
92 104 0.0038 0.0001 100.0 518.67 642.72 1594.07 1409.37 14.62 21.61 553.8 2388.07 9049.77 1.3 47.32 521.98 2388.12 8138.68 8.4023 0.03 394 2388 100.0 39.01 23.4795
92 105 -0.0038 0.0004 100.0 518.67 642.75 1585.84 1401.93 14.62 21.61 552.99 2388.03 9050.33 1.3 47.52 521.53 2388.04 8138.81 8.4319 0.03 393 2388 100.0 38.81 23.3373
92 106 0.0022 -0.0003 100.0 518.67 641.8 1578.55 1400.6 14.62 21.61 553.95 2388.06 9055.75 1.3 47.35 522.01 2388.08 8135.96 8.436 0.03 393 2388 100.0 38.81 23.3496
92 107 0.0016 -0.0004 100.0 518.67 642.32 1586.95 1403.31 14.62 21.61 553.59 2388.07 9053.21 1.3 47.28 521.86 2388.01 8135.35 8.45 0.03 393 2388 100.0 38.83 23.2343
92 108 -0.0037 -0.0001 100.0 518.67 642.49 1589.72 1406.16 14.62 21.61 553.3 2388.03 9054.89 1.3 47.34 521.98 2388.09 8136.25 8.422 0.03 392 2388 100.0 38.96 23.3638
92 109 0.0008 0.0003 100.0 518.67 642.55 1574.86 1405.23 14.62 21.61 554.5 2388.08 9057.16 1.3 47.51 521.93 2388.05 8134.65 8.4445 0.03 394 2388 100.0 38.81 23.461
92 110 -0.0008 -0.0003 100.0 518.67 642.73 1574.58 1398.92 14.62 21.61 553.9 2388.06 9055.03 1.3 47.31 521.89 2388.08 8135.06 8.4061 0.03 394 2388 100.0 39.08 23.4057
92 111 -0.0017 -0.0 100.0 518.67 642.56 1587.06 1411.23 14.62 21.61 553.88 2388.01 9059.56 1.3 47.47 522.02 2388.1 8137.19 8.4116 0.03 391 2388 100.0 38.84 23.3873
92 112 0.002 0.0001 100.0 518.67 642.21 1583.19 1407.36 14.62 21.61 554.18 2388.03 9058.25 1.3 47.31 521.75 2388.09 8141.16 8.4427 0.03 393 2388 100.0 38.97 23.239
92 113 -0.0005 0.0006 100.0 518.67 642.68 1585.25 1398.48 14.62 21.61 553.99 2388.05 9064.35 1.3 47.44 522.0 2388.08 8133.58 8.424 0.03 391 2388 100.0 38.84 23.3821
92 114 -0.0055 -0.0003 100.0 518.67 642.19 1587.0 1401.35 14.62 21.61 553.58 2388.05 9051.5 1.3 47.39 521.65 2388.13 8135.94 8.4191 0.03 392 2388 100.0 38.82 23.4194
92 115 -0.0014 0.0001 100.0 518.67 642.31 1590.35 1406.12 14.62 21.61 554.55 2388.08 9055.56 1.3 47.23 521.36 2388.05 8135.66 8.439 0.03 392 2388 100.0 38.97 23.3515
92 116 -0.0003 0.0005 100.0 518.67 642.73 1593.43 1403.79 14.62 21.61 554.05 2388.09 9049.53 1.3 47.53 521.77 2388.09 8142.17 8.4558 0.03 391 2388 100.0 38.98 23.3741
92 117 0.0018 0.0002 100.0 518.67 642.16 1587.87 1407.27 14.62 21.61 553.62 2388.06 9060.92 1.3 47.36 521.65 2388.09 8134.14 8.4002 0.03 390 2388 100.0 39.0 23.2819
92 118 0.0015 -0.0002 100.0 518.67 642.6 1587.68 1412.04 14.62 21.61 553.21 2388.06 9061.59 1.3 47.35 521.65 2388.11 8141.94 8.4456 0.03 392 2388 100.0 38.82 23.3956
92 119 0.0031 -0.0002 100.0 518.67 642.74 1584.8 1395.12 14.62 21.61 554.41 2388.06 9058.12 1.3 47.37 521.98 2388.04 8135.61 8.4183 0.03 393 2388 100.0 38.83 23.39
92 120 -0.0063 -0.0004 100.0 518.67 641.98 1588.36 1404.91 14.62 21.61 552.94 2388.05 9049.23 1.3 47.13 521.87 2388.06 8142.05 8.4189 0.03 393 2388 100.0 38.92 23.3996
92 121 0.0015 -0.0002 100.0 518.67 642.95 1590.41 1400.67 14.62 21.61 553.96 2388.05 9064.58 1.3 47.41 521.18 2388.06 8137.71 8.4009 0.03 393 2388 100.0 38.81 23.3338
92 122 0.0014 -0.0004 100.0 518.67 641.87 1582.92 1403.23 14.62 21.61 554.21 2388.07 9058.99 1.3 47.29 521.98 2388.01 8139.55 8.4178 0.03 392 2388 100.0 38.96 23.3386
92 123 -0.0018 -0.0001 100.0 518.67 642.56 1590.62 1406.11 14.62 21.61 553.25 2388.02 9062.76 1.3 47.39 521.6 2388.04 8141.06 8.4161 0.03 392 2388 100.0 39.01 23.3215
92 124 0.0002 -0.0002 100.0 518.67 642.82 1584.71 1403.57 14.62 21.61 554.83 2388.06 9060.45 1.3 47.46 521.72 2388.04 8138.34 8.3983 0.03 392 2388 100.0 38.79 23.4233
92 125 0.0 0.0002 100.0 518.67 642.82 1584.12 1405.1 14.62 21.61 553.37 2388.05 9056.66 1.3 47.34 521.37 2388.1 8137.62 8.459 0.03 395 2388 100.0 39.1 23.364
92 126 -0.0018 -0.0001 100.0 518.67 642.17 1589.4 1405.61 14.62 21.61 554.7 2388.05 9053.29 1.3 47.35 521.49 2388.07 8134.56 8.4421 0.03 392 2388 100.0 39.1 23.3371
92 127 0.0011 -0.0002 100.0 518.67 642.39 1592.98 1405.9 14.62 21.61 554.54 2388.08 9054.69 1.3 47.33 521.71 2388.06 8141.17 8.4663 0.03 392 2388 100.0 38.92 23.3053
92 128 0.0005 -0.0002 100.0 518.67 642.67 1586.53 1400.19 14.62 21.61 553.9 2388.07 9059.52 1.3 47.45 521.68 2388.07 8133.89 8.4171 0.03 392 2388 100.0 38.78 23.3676
92 129 0.0019 0.0006 100.0 518.67 642.44 1590.68 1404.16 14.62 21.61 554.36 2388.04 9064.63 1.3 47.46 521.59 2388.04 8138.55 8.3972 0.03 392 2388 100.0 38.9 23.4004
92 130 0.0028 0.0003 100.0 518.67 642.89 1584.71 1401.79 14.62 21.61 553.5 2388.02 9054.91 1.3 47.15 521.27 2388.09 8140.77 8.4292 0.03 393 2388 100.0 38.92 23.3677
92 131 -0.0042 -0.0002 100.0 518.67 642.28 1589.03 1408.38 14.62 21.61 554.51 2388.08 9058.02 1.3 47.4 521.05 2388.04 8139.69 8.411 0.03 392 2388 100.0 38.87 23.2141
92 132 -0.0015 -0.0003 100.0 518.67 642.6 1586.53 1402.05 14.62 21.61 553.67 2388.07 9055.48 1.3 47.32 522.27 2388.06 8140.36 8.4306 0.03 395 2388 100.0 39.1 23.2822
92 133 0.001 0.0002 100.0 518.67 642.82 1594.97 1400.6 14.62 21.61 553.74 2388.08 9062.31 1.3 47.53 521.52 2388.0 8142.65 8.4268 0.03 395 2388 100.0 38.89 23.4712
92 134 0.0014 0.0004 100.0 518.67 641.92 1590.75 1411.04 14.62 21.61 553.65 2388.06 9060.03 1.3 47.37 521.35 2388.05 8139.82 8.4253 0.03 392 2388 100.0 38.85 23.3838
92 135 -0.0015 -0.0 100.0 518.67 642.26 1587.53 1398.06 14.62 21.61 553.36 2388.03 9064.3 1.3 47.36 521.76 2388.04 8142.07 8.4433 0.03 392 2388 100.0 38.8 23.3656
92 136 -0.0005 -0.0003 100.0 518.67 642.24 1587.47 1409.23 14.62 21.61 554.19 2388.02 9063.15 1.3 47.38 521.84 2388.03 8136.63 8.4121 0.03 394 2388 100.0 38.83 23.2976
92 137 -0.0018 -0.0002 100.0 518.67 642.6 1586.84 1404.47 14.62 21.61 553.78 2388.07 9061.68 1.3 47.2 521.24 2388.03 8146.92 8.4225 0.03 391 2388 100.0 38.87 23.3859
92 138 -0.0019 -0.0002 100.0 518.67 642.49 1587.57 1395.62 14.62 21.61 554.49 2388.04 9058.52 1.3 47.37 522.09 2388.07 8141.46 8.3902 0.03 392 2388 100.0 38.99 23.3848
92 139 0.0025 0.0004 100.0 518.67 642.29 1588.71 1407.45 14.62 21.61 553.7 2388.06 9056.26 1.3 47.23 521.62 2388.05 8140.97 8.4165 0.03 392 2388 100.0 38.76 23.2584
92 140 -0.0009 -0.0001 100.0 518.67 642.14 1585.73 1409.56 14.62 21.61 553.58 2388.08 9056.7 1.3 47.48 521.73 2388.06 8137.27 8.4298 0.03 394 2388 100.0 38.76 23.3848
92 141 0.0004 0.0005 100.0 518.67 642.77 1585.3 1405.4 14.62 21.61 553.51 2388.05 9060.08 1.3 47.33 521.96 2388.05 8141.14 8.4339 0.03 393 2388 100.0 38.92 23.4597
92 142 -0.0009 0.0005 100.0 518.67 642.12 1595.92 1409.43 14.62 21.61 553.39 2388.02 9057.53 1.3 47.54 522.07 2388.09 8136.03 8.4035 0.03 392 2388 100.0 39.06 23.3265
92 143 -0.0014 -0.0004 100.0 518.67 642.28 1586.38 1398.52 14.62 21.61 553.46 2388.08 9067.93 1.3 47.33 521.71 2388.02 8135.81 8.4007 0.03 392 2388 100.0 38.81 23.3807
92 144 -0.0001 -0.0003 100.0 518.67 642.16 1595.23 1395.89 14.62 21.61 553.64 2388.06 9063.16 1.3 47.44 521.63 2388.05 8140.65 8.4138 0.03 393 2388 100.0 38.92 23.2852
92 145 0.0025 0.0 100.0 518.67 642.89 1581.92 1410.49 14.62 21.61 554.22 2388.06 9060.81 1.3 47.45 521.89 2388.03 8138.97 8.4184 0.03 392 2388 100.0 38.86 23.2775
92 146 -0.0029 0.0004 100.0 518.67 642.79 1585.48 1402.75 14.62 21.61 553.15 2388.05 9059.27 1.3 47.39 521.99 2388.09 8137.83 8.414 0.03 391 2388 100.0 39.0 23.3796
92 147 0.0019 -0.0002 100.0 518.67 642.5 1593.86 1401.2 14.62 21.61 553.85 2388.08 9064.69 1.3 47.52 521.55 2388.02 8141.03 8.4225 0.03 392 2388 100.0 38.91 23.2841
92 148 -0.0021 -0.0004 100.0 518.67 642.22 1594.18 1400.14 14.62 21.61 553.11 2388.09 9061.12 1.3 47.41 521.37 2388.05 8140.35 8.4305 0.03 394 2388 100.0 38.93 23.3481
92 149 0.0016 0.0 100.0 518.67 642.49 1582.88 1407.02 14.62 21.61 553.12 2388.1 9064.04 1.3 47.51 521.79 2388.03 8141.79 8.3937 0.03 392 2388 100.0 38.87 23.303
92 150 0.0002 0.0002 100.0 518.67 642.66 1589.43 1407.43 14.62 21.61 554.27 2388.03 9055.68 1.3 47.4 521.65 2388.07 8141.37 8.4423 0.03 392 2388 100.0 38.97 23.3531
92 151 0.0008 0.0004 100.0 518.67 642.68 1590.71 1399.49 14.62 21.61 553.54 2388.1 9064.7 1.3 47.37 521.65 2388.12 8143.5 8.4657 0.03 392 2388 100.0 38.82 23.2828
92 152 -0.0006 -0.0001 100.0 518.67 642.83 1583.64 1398.71 14.62 21.61 554.87 2388.07 9064.35 1.3 47.46 521.41 2388.09 8140.88 8.4236 0.03 391 2388 100.0 38.98 23.2829
92 153 0.0008 0.0002 100.0 518.67 642.94 1590.98 1403.02 14.62 21.61 553.6 2388.02 9056.05 1.3 47.42 522.3 2388.09 8137.81 8.4575 0.03 392 2388 100.0 38.79 23.4108
92 154 -0.0013 -0.0003 100.0 518.67 642.6 1587.38 1405.22 14.62 21.61 553.98 2388.05 9064.62 1.3 47.35 521.62 2388.04 8136.51 8.4074 0.03 393 2388 100.0 38.77 23.2856
92 155 0.002 -0.0003 100.0 518.67 642.62 1587.56 1408.59 14.62 21.61 554.58 2388.05 9063.75 1.3 47.35 521.74 2388.02 8139.36 8.4441 0.03 392 2388 100.0 38.93 23.2578
92 156 0.002 0.0 100.0 518.67 642.41 1588.41 1402.93 14.62 21.61 553.68 2388.03 9061.58 1.3 47.39 521.8 2388.1 8140.33 8.4051 0.03 393 2388 100.0 38.92 23.3447
92 157 0.0014 0.0004 100.0 518.67 642.09 1590.38 1403.98 14.62 21.61 553.84 2388.06 9068.17 1.3 47.29 522.17 2388.08 8145.02 8.4108 0.03 392 2388 100.0 38.8 23.337
92 158 -0.0026 -0.0 100.0 518.67 642.24 1584.61 1397.37 14.62 21.61 554.5 2388.11 9061.41 1.3 47.46 522.18 2388.07 8144.5 8.41 0.03 393 2388 100.0 38.97 23.4023
92 159 0.0022 -0.0004 100.0 518.67 642.53 1589.33 1405.28 14.62 21.61 553.7 2388.03 9061.83 1.3 47.3 521.15 2388.04 8141.03 8.423 0.03 391 2388 100.0 38.83 23.3465
92 160 0.0011 0.0001 100.0 518.67 642.85 1590.18 1398.33 14.62 21.61 553.74 2388.08 9064.04 1.3 47.43 521.74 2388.11 8143.6 8.4418 0.03 394 2388 100.0 38.91 23.2321
92 161 0.0023 -0.0 100.0 518.67 642.38 1586.48 1406.49 14.62 21.61 553.74 2388.13 9065.22 1.3 47.45 521.68 2388.05 8140.53 8.4125 0.03 394 2388 100.0 38.81 23.4587
92 162 -0.0003 -0.0002 100.0 518.67 642.57 1591.51 1405.06 14.62 21.61 553.64 2388.08 9063.44 1.3 47.51 522.28 2388.02 8135.82 8.4319 0.03 393 2388 100.0 38.81 23.3266
92 163 -0.0004 0.0002 100.0 518.67 642.78 1587.89 1406.37 14.62 21.61 553.82 2388.12 9061.05 1.3 47.36 521.26 2388.06 8142.84 8.4058 0.03 392 2388 100.0 38.79 23.3621
92 164 -0.0009 0.0004 100.0 518.67 642.76 1587.32 1401.98 14.62 21.61 553.96 2388.06 9067.6 1.3 47.43 521.46 2388.01 8140.66 8.4286 0.03 394 2388 100.0 38.78 23.3944
92 165 -0.0055 -0.0003 100.0 518.67 642.54 1584.1 1408.37 14.62 21.61 553.43 2388.03 9058.63 1.3 47.52 521.6 2388.09 8141.21 8.428 0.03 393 2388 100.0 38.94 23.347
92 166 0.0007 0.0003 100.0 518.67 642.42 1592.83 1404.92 14.62 21.61 553.93 2388.05 9062.62 1.3 47.33 521.51 2388.07 8146.68 8.4458 0.03 393 2388 100.0 38.94 23.2989
92 167 -0.0041 -0.0004 100.0 518.67 642.74 1590.84 1408.3 14.62 21.61 553.63 2388.07 9062.92 1.3 47.52 521.59 2388.1 8142.81 8.4666 0.03 392 2388 100.0 38.87 23.2468
92 168 0.0019 0.0002 100.0 518.67 642.41 1583.04 1408.48 14.62 21.61 553.6 2388.04 9062.51 1.3 47.43 522.11 2388.09 8140.97 8.4158 0.03 393 2388 100.0 38.83 23.2763
92 169 -0.0035 0.0004 100.0 518.67 642.27 1583.65 1410.08 14.62 21.61 553.75 2388.09 9062.43 1.3 47.43 521.9 2388.08 8148.55 8.4034 0.03 394 2388 100.0 38.78 23.3387
92 170 0.0009 -0.0 100.0 518.67 642.33 1581.87 1395.95 14.62 21.61 553.47 2388.01 9058.67 1.3 47.38 521.72 2388.04 8142.65 8.4102 0.03 392 2388 100.0 38.77 23.2924
92 171 0.0011 0.0004 100.0 518.67 642.46 1587.81 1410.21 14.62 21.61 553.38 2388.1 9059.59 1.3 47.37 521.71 2388.08 8139.42 8.4316 0.03 392 2388 100.0 38.99 23.357
92 172 0.0005 -0.0004 100.0 518.67 642.32 1591.8 1397.15 14.62 21.61 553.63 2388.09 9062.33 1.3 47.54 521.72 2388.09 8142.29 8.4053 0.03 392 2388 100.0 38.95 23.2169
92 173 0.0008 0.0002 100.0 518.67 642.53 1584.69 1407.95 14.62 21.61 553.37 2388.01 9060.37 1.3 47.41 521.77 2388.08 8143.27 8.4331 0.03 392 2388 100.0 38.86 23.2531
92 174 -0.0013 0.0005 100.0 518.67 642.3 1590.66 1400.62 14.62 21.61 553.8 2388.12 9057.33 1.3 47.38 521.28 2388.06 8141.7 8.4087 0.03 392 2388 100.0 39.12 23.3024
92 175 -0.0 -0.0002 100.0 518.67 642.67 1590.64 1402.07 14.62 21.61 553.74 2388.09 9065.19 1.3 47.29 522.01 2388.05 8138.26 8.4339 0.03 395 2388 100.0 38.95 23.3568
92 176 -0.0028 0.0002 100.0 518.67 642.01 1585.51 1404.65 14.62 21.61 554.26 2388.07 9056.11 1.3 47.5 521.31 2388.14 8140.76 8.4194 0.03 392 2388 100.0 38.87 23.2981
92 177 -0.0011 0.0004 100.0 518.67 642.14 1587.06 1401.86 14.62 21.61 553.11 2388.04 9060.0 1.3 47.52 521.66 2388.07 8140.95 8.4261 0.03 392 2388 100.0 38.89 23.3623
92 178 0.0002 0.0005 100.0 518.67 642.35 1596.41 1408.66 14.62 21.61 554.21 2388.11 9059.47 1.3 47.47 521.83 2388.09 8143.49 8.4413 0.03 392 2388 100.0 38.76 23.3265
92 179 0.0006 -0.0 100.0 518.67 642.44 1588.56 1406.24 14.62 21.61 553.77 2388.08 9069.76 1.3 47.16 522.4 2388.02 8143.66 8.4518 0.03 394 2388 100.0 38.72 23.3774
92 180 -0.0005 0.0005 100.0 518.67 642.84 1575.45 1407.29 14.62 21.61 553.58 2388.04 9065.22 1.3 47.47 522.16 2388.11 8138.34 8.4647 0.03 394 2388 100.0 38.91 23.4037
92 181 -0.0019 -0.0004 100.0 518.67 642.62 1587.35 1401.35 14.62 21.61 553.21 2388.08 9064.21 1.3 47.58 521.69 2388.06 8139.98 8.4072 0.03 393 2388 100.0 38.86 23.2682
92 182 0.002 0.0004 100.0 518.67 642.47 1587.51 1404.39 14.62 21.61 554.0 2388.05 9064.05 1.3 47.32 521.91 2388.08 8140.57 8.4934 0.03 393 2388 100.0 38.86 23.3623
92 183 0.0015 -0.0001 100.0 518.67 642.6 1590.59 1404.23 14.62 21.61 553.85 2388.1 9066.79 1.3 47.63 520.99 2388.11 8140.56 8.4268 0.03 393 2388 100.0 38.81 23.3302
92 184 0.0031 -0.0 100.0 518.67 642.66 1592.94 1412.79 14.62 21.61 553.72 2388.08 9059.53 1.3 47.37 521.2 2388.04 8141.79 8.3923 0.03 393 2388 100.0 38.79 23.2366
92 185 0.0021 -0.0004 100.0 518.67 642.93 1593.05 1405.61 14.62 21.61 553.49 2388.06 9063.45 1.3 47.43 521.57 2388.11 8139.86 8.4313 0.03 394 2388 100.0 38.97 23.3019
92 186 -0.0004 0.0003 100.0 518.67 642.33 1592.9 1411.25 14.62 21.61 553.57 2388.05 9066.08 1.3 47.48 521.81 2388.09 8135.35 8.4312 0.03 390 2388 100.0 38.88 23.2382
92 187 -0.002 0.0004 100.0 518.67 642.21 1583.82 1405.42 14.62 21.61 554.06 2388.09 9066.64 1.3 47.29 521.55 2388.03 8141.22 8.4278 0.03 391 2388 100.0 38.9 23.4229
92 188 0.0049 -0.0004 100.0 518.67 642.18 1594.46 1401.63 14.62 21.61 554.04 2388.09 9064.44 1.3 47.42 521.58 2388.1 8143.6 8.4325 0.03 393 2388 100.0 38.89 23.3051
92 189 0.0028 0.0002 100.0 518.67 642.84 1581.9 1408.87 14.62 21.61 553.07 2388.12 9059.19 1.3 47.38 521.05 2388.09 8146.81 8.4267 0.03 393 2388 100.0 38.93 23.2414
92 190 0.0001 -0.0003 100.0 518.67 642.74 1587.68 1406.89 14.62 21.61 553.43 2388.08 9071.27 1.3 47.76 521.39 2388.07 8142.9 8.3796 0.03 393 2388 100.0 38.97 23.3499
92 191 0.001 0.0 100.0 518.67 642.36 1585.69 1400.0 14.62 21.61 553.48 2388.09 9072.43 1.3 47.44 521.97 2388.07 8145.44 8.4085 0.03 395 2388 100.0 38.68 23.3259
92 192 -0.0015 -0.0004 100.0 518.67 642.04 1582.18 1410.08 14.62 21.61 553.89 2388.08 9066.17 1.3 47.47 522.51 2388.1 8138.18 8.4149 0.03 392 2388 100.0 38.89 23.3776
92 193 0.0 0.0003 100.0 518.67 642.95 1590.41 1408.46 14.62 21.61 553.54 2388.06 9066.87 1.3 47.53 521.38 2388.09 8142.49 8.4226 0.03 394 2388 100.0 38.6 23.3283
92 194 -0.0009 -0.0003 100.0 518.67 642.3 1588.61 1403.67 14.62 21.61 553.9 2388.1 9065.53 1.3 47.49 521.21 2388.08 8145.13 8.4273 0.03 393 2388 100.0 38.86 23.3814
92 195 0.0011 0.0004 100.0 518.67 643.06 1588.61 1407.03 14.62 21.61 554.77 2388.13 9067.86 1.3 47.44 521.72 2388.05 8143.96 8.4597 0.03 392 2388 100.0 38.79 23.1667
92 196 -0.0019 0.0 100.0 518.67 643.07 1581.48 1405.43 14.62 21.61 553.88 2388.07 9065.02 1.3 47.73 521.51 2388.15 8142.98 8.469 0.03 393 2388 100.0 38.81 23.3152
92 197 -0.0018 -0.0 100.0 518.67 642.62 1588.51 1406.32 14.62 21.61 553.2 2388.14 9067.96 1.3 47.6 521.58 2388.08 8144.93 8.4442 0.03 392 2388 100.0 38.88 23.3102
92 198 -0.0005 0.0005 100.0 518.67 642.66 1588.15 1402.24 14.62 21.61 553.23 2388.09 9068.88 1.3 47.48 521.18 2388.1 8140.9 8.4374 0.03 394 2388 100.0 39.04 23.3313
92 199 -0.0043 0.0002 100.0 518.67 643.01 1585.46 1407.81 14.62 21.61 553.42 2388.08 9066.32 1.3 47.55 521.48 2388.13 8147.51 8.3875 0.03 394 2388 100.0 38.91 23.3936
92 200 -0.0001 -0.0003 100.0 518.67 642.62 1593.28 1395.65 14.62 21.61 554.31 2388.09 9067.5 1.3 47.54 521.41 2388.12 8149.22 8.4345 0.03 394 2388 100.0 38.79 23.3903
92 201 -0.0002 0.0003 100.0 518.67 642.53 1591.94 1405.37 14.62 21.61 553.62 2388.04 9068.14 1.3 47.66 521.95 2388.12 8148.34 8.4139 0.03 391 2388 100.0 38.74 23.3214
92 202 0.0012 -0.0001 100.0 518.67 642.71 1585.67 1405.98 14.62 21.61 553.27 2388.08 9063.25 1.3 47.48 522.01 2388.1 8149.73 8.4473 0.03 393 2388 100.0 38.91 23.3289
92 203 -0.0012 0.0003 100.0 518.67 642.18 1593.42 1404.78 14.62 21.61 553.39 2388.12 9069.02 1.3 47.49 521.43 2388.08 8143.87 8.4521 0.03 393 2388 100.0 38.81 23.3854
92 204 -0.0032 0.0003 100.0 518.67 642.48 1589.14 1409.04 14.62 21.61 553.95 2388.05 9069.38 1.3 47.63 521.76 2388.07 8147.71 8.4029 0.03 393 2388 100.0 38.98 23.288
92 205 0.0014 0.0001 100.0 518.67 642.92 1595.85 1402.89 14.62 21.61 553.18 2388.03 9068.28 1.3 47.63 521.58 2388.04 8151.32 8.4313 0.03 393 2388 100.0 38.79 23.24
92 206 -0.0021 -0.0 100.0 518.67 643.32 1590.82 1409.96 14.62 21.61 553.21 2388.03 9070.58 1.3 47.41 521.58 2388.09 8143.98 8.4261 0.03 394 2388 100.0 38.72 23.2385
92 207 0.0025 0.0005 100.0 518.67 642.27 1590.14 1409.8 14.62 21.61 553.93 2388.08 9067.56 1.3 47.4 521.13 2388.08 8145.77 8.4338 0.03 393 2388 100.0 38.76 23.3421
92 208 0.0017 -0.0002 100.0 518.67 643.0 1587.89 1407.41 14.62 21.61 553.69 2388.07 9078.28 1.3 47.36 521.6 2388.09 8143.12 8.4413 0.03 393 2388 100.0 38.93 23.2318
92 209 -0.0006 0.0001 100.0 518.67 643.19 1583.71 1400.97 14.62 21.61 553.3 2388.1 9072.1 1.3 47.3 521.5 2388.09 8143.32 8.4623 0.03 392 2388 100.0 38.92 23.3381
92 210 0.0002 0.0002 100.0 518.67 642.84 1588.38 1410.07 14.62 21.61 553.8 2388.11 9066.15 1.3 47.33 522.01 2388.09 8145.22 8.4655 0.03 392 2388 100.0 38.77 23.2677
92 211 -0.0005 -0.0002 100.0 518.67 642.47 1591.27 1401.84 14.62 21.61 553.99 2388.09 9068.84 1.3 47.33 521.42 2388.07 8146.62 8.4225 0.03 392 2388 100.0 38.86 23.315
92 212 0.0006 0.0 100.0 518.67 642.58 1598.03 1404.45 14.62 21.61 553.29 2388.1 9070.93 1.3 47.38 521.2 2388.02 8143.12 8.4374 0.03 393 2388 100.0 39.0 23.3545
92 213 0.002 0.0 100.0 518.67 642.45 1594.39 1413.61 14.62 21.61 553.76 2388.08 9070.08 1.3 47.44 521.42 2388.09 8141.93 8.4133 0.03 394 2388 100.0 38.85 23.284
92 214 -0.0003 -0.0001 100.0 518.67 642.77 1591.78 1406.81 14.62 21.61 553.0 2388.1 9064.96 1.3 47.53 521.18 2388.08 8150.58 8.4134 0.03 394 2388 100.0 38.91 23.294
92 215 -0.0039 -0.0003 100.0 518.67 642.18 1591.26 1405.43 14.62 21.61 553.1 2388.06 9067.63 1.3 47.54 521.72 2388.05 8152.26 8.4426 0.03 395 2388 100.0 38.83 23.3714
92 216 -0.0009 -0.0002 100.0 518.67 642.78 1595.38 1404.66 14.62 21.61 553.52 2388.03 9065.83 1.3 47.55 521.47 2388.07 8147.12 8.4272 0.03 393 2388 100.0 38.78 23.2625
92 217 0.004 -0.0004 100.0 518.67 642.34 1589.0 1406.74 14.62 21.61 553.33 2388.11 9071.46 1.3 47.49 521.42 2388.11 8147.43 8.4537 0.03 395 2388 100.0 38.66 23.2047
92 218 -0.002 -0.0002 100.0 518.67 642.98 1588.43 1411.71 14.62 21.61 553.32 2388.16 9064.96 1.3 47.54 521.84 2388.1 8150.34 8.3851 0.03 394 2388 100.0 38.88 23.2561
92 219 0.0009 -0.0001 100.0 518.67 642.47 1589.13 1410.11 14.62 21.61 553.52 2388.08 9066.97 1.3 47.56 521.52 2388.09 8147.19 8.4382 0.03 394 2388 100.0 38.73 23.2123
92 220 0.0026 -0.0002 100.0 518.67 642.5 1586.91 1405.2 14.62 21.61 553.66 2388.08 9066.89 1.3 47.52 521.02 2388.03 8147.19 8.4307 0.03 392 2388 100.0 38.85 23.3068
92 221 -0.0007 0.0004 100.0 518.67 642.78 1594.12 1409.11 14.62 21.61 552.98 2388.09 9074.5 1.3 47.59 520.65 2388.09 8146.18 8.4468 0.03 393 2388 100.0 38.98 23.4026
92 222 -0.0005 0.0002 100.0 518.67 642.66 1589.6 1407.42 14.62 21.61 552.77 2388.09 9067.41 1.3 47.4 521.34 2388.11 8145.36 8.422 0.03 394 2388 100.0 38.74 23.3862
92 223 0.0029 0.0004 100.0 518.67 642.92 1589.49 1409.25 14.62 21.61 553.63 2388.04 9077.17 1.3 47.64 521.4 2388.1 8151.58 8.4014 0.03 393 2388 100.0 38.69 23.4035
92 224 0.0002 -0.0002 100.0 518.67 642.97 1590.64 1413.07 14.62 21.61 553.8 2388.14 9068.17 1.3 47.58 521.6 2388.15 8148.85 8.4465 0.03 394 2388 100.0 38.9 23.2317
92 225 -0.0041 -0.0002 100.0 518.67 642.05 1595.68 1413.75 14.62 21.61 552.99 2388.11 9070.23 1.3 47.62 521.29 2388.09 8148.33 8.4437 0.03 393 2388 100.0 38.82 23.3694
92 226 -0.0013 0.0002 100.0 518.67 643.09 1585.68 1407.64 14.62 21.61 553.06 2388.08 9076.75 1.3 47.47 521.19 2388.11 8140.63 8.4375 0.03 394 2388 100.0 38.73 23.2811
92 227 -0.0016 -0.0003 100.0 518.67 642.43 1587.34 1412.44 14.62 21.61 553.48 2388.06 9068.24 1.3 47.49 521.5 2388.03 8145.27 8.4354 0.03 394 2388 100.0 38.68 23.2388
92 228 0.0012 -0.0 100.0 518.67 642.87 1584.75 1410.51 14.62 21.61 553.2 2388.07 9067.25 1.3 47.63 521.01 2388.09 8148.14 8.462 0.03 394 2388 100.0 38.78 23.272
92 229 0.0 -0.0 100.0 518.67 642.83 1586.25 1413.75 14.62 21.61 553.3 2388.07 9071.83 1.3 47.56 521.1 2388.11 8154.25 8.4615 0.03 394 2388 100.0 38.85 23.2746
92 230 0.001 0.0002 100.0 518.67 642.7 1586.48 1402.85 14.62 21.61 552.9 2388.07 9072.7 1.3 47.5 521.71 2388.01 8144.5 8.4439 0.03 394 2388 100.0 38.73 23.2596
92 231 -0.0002 0.0002 100.0 518.67 642.19 1592.54 1412.91 14.62 21.61 553.72 2388.14 9073.61 1.3 47.41 521.79 2388.07 8144.51 8.4453 0.03 394 2388 100.0 38.78 23.1573
92 232 -0.0019 0.0004 100.0 518.67 642.51 1590.97 1411.53 14.62 21.61 553.41 2388.05 9074.22 1.3 47.47 521.58 2388.06 8152.88 8.4209 0.03 394 2388 100.0 38.87 23.2504
92 233 -0.001 -0.0003 100.0 518.67 642.95 1592.55 1414.95 14.62 21.61 553.12 2388.05 9072.74 1.3 47.57 520.98 2388.09 8154.26 8.4712 0.03 394 2388 100.0 38.81 23.229
92 234 0.0026 0.0001 100.0 518.67 642.83 1595.99 1414.43 14.62 21.61 553.51 2388.06 9074.15 1.3 47.44 521.73 2388.12 8151.86 8.4912 0.03 394 2388 100.0 38.86 23.265
92 235 0.0003 0.0001 100.0 518.67 642.47 1591.39 1411.78 14.62 21.61 553.27 2388.1 9072.65 1.3 47.37 521.51 2388.13 8152.95 8.4141 0.03 394 2388 100.0 38.79 23.2996
92 236 -0.0008 -0.0001 100.0 518.67 642.69 1592.68 1409.8 14.62 21.61 553.69 2388.06 9069.84 1.3 47.74 521.02 2388.16 8153.92 8.4774 0.03 394 2388 100.0 38.89 23.2392
92 237 0.0027 0.0003 100.0 518.67 642.27 1592.41 1410.54 14.62 21.61 553.0 2388.14 9067.2 1.3 47.72 521.52 2388.11 8148.54 8.4649 0.03 391 2388 100.0 38.8 23.2287
92 238 -0.0018 -0.0 100.0 518.67 642.85 1596.18 1412.99 14.62 21.61 552.98 2388.09 9072.02 1.3 47.47 521.22 2388.16 8155.46 8.4578 0.03 395 2388 100.0 38.8 23.2427
92 239 0.0041 0.0002 100.0 518.67 642.42 1582.77 1408.36 14.62 21.61 552.81 2388.07 9073.46 1.3 47.62 521.21 2388.03 8149.27 8.4749 0.03 393 2388 100.0 38.89 23.301
92 240 0.0013 -0.0004 100.0 518.67 642.66 1586.19 1407.24 14.62 21.61 554.07 2388.09 9074.2 1.3 47.59 521.83 2388.07 8156.67 8.4466 0.03 394 2388 100.0 38.78 23.2025
92 241 0.0019 -0.0 100.0 518.67 642.94 1598.79 1408.42 14.62 21.61 552.84 2388.06 9076.75 1.3 47.53 521.19 2388.09 8150.45 8.4132 0.03 393 2388 100.0 38.86 23.3438
92 242 -0.0018 -0.0001 100.0 518.67 642.42 1586.69 1406.68 14.62 21.61 552.55 2388.14 9080.13 1.3 47.45 521.42 2388.07 8154.31 8.4386 0.03 392 2388 100.0 38.71 23.1898
92 243 0.0043 0.0001 100.0 518.67 642.74 1585.52 1416.73 14.62 21.61 552.82 2388.07 9076.4 1.3 47.53 521.64 2388.06 8144.0 8.4419 0.03 394 2388 100.0 38.92 23.1934
92 244 -0.0001 -0.0004 100.0 518.67 642.97 1591.36 1411.18 14.62 21.61 553.85 2388.09 9071.12 1.3 47.57 520.67 2388.07 8147.13 8.4617 0.03 393 2388 100.0 38.74 23.2855
92 245 -0.0023 0.0005 100.0 518.67 643.0 1592.92 1409.73 14.62 21.61 553.45 2388.08 9080.3 1.3 47.53 520.77 2388.1 8152.32 8.4808 0.03 394 2388 100.0 38.76 23.2771
92 246 0.0019 -0.0003 100.0 518.67 642.77 1594.08 1409.33 14.62 21.61 552.79 2388.06 9075.93 1.3 47.69 521.02 2388.07 8157.58 8.4629 0.03 394 2388 100.0 38.72 23.2158
92 247 0.0035 -0.0004 100.0 518.67 643.11 1590.85 1406.88 14.62 21.61 553.14 2388.07 9077.4 1.3 47.6 520.68 2388.15 8154.04 8.428 0.03 394 2388 100.0 38.58 23.2277
92 248 -0.0015 -0.0001 100.0 518.67 642.69 1588.22 1412.96 14.62 21.61 553.23 2388.07 9074.57 1.3 47.64 521.48 2388.15 8148.1 8.4821 0.03 395 2388 100.0 38.79 23.3383
92 249 -0.0033 -0.0004 100.0 518.67 642.82 1587.28 1414.4 14.62 21.61 554.21 2388.05 9078.74 1.3 47.54 521.04 2388.04 8151.91 8.4467 0.03 394 2388 100.0 38.75 23.2087
92 250 0.0006 0.0003 100.0 518.67 642.65 1593.92 1409.65 14.62 21.61 552.88 2388.11 9074.59 1.3 47.77 520.65 2388.12 8147.06 8.4028 0.03 393 2388 100.0 38.82 23.2235
92 251 -0.0002 -0.0002 100.0 518.67 642.25 1589.92 1416.45 14.62 21.61 553.29 2388.12 9074.69 1.3 47.67 521.22 2388.08 8153.92 8.4596 0.03 393 2388 100.0 38.61 23.3122
92 252 0.0031 -0.0004 100.0 518.67 642.66 1592.54 1411.54 14.62 21.61 552.77 2388.08 9072.64 1.3 47.82 521.55 2388.07 8156.05 8.4226 0.03 393 2388 100.0 38.89 23.3495
92 253 -0.0033 -0.0 100.0 518.67 642.76 1590.05 1417.94 14.62 21.61 553.07 2388.09 9076.51 1.3 47.61 521.42 2388.13 8155.27 8.4282 0.03 393 2388 100.0 38.77 23.3309
92 254 -0.0012 -0.0001 100.0 518.67 643.24 1589.98 1411.86 14.62 21.61 553.54 2388.08 9082.26 1.3 47.61 521.1 2388.07 8159.27 8.4426 0.03 394 2388 100.0 38.57 23.2425
92 255 0.006 -0.0003 100.0 518.67 642.97 1585.92 1414.77 14.62 21.61 553.36 2388.08 9081.37 1.3 47.62 520.86 2388.1 8156.96 8.4289 0.03 394 2388 100.0 38.81 23.2267
92 256 0.0004 -0.0002 100.0 518.67 642.56 1590.31 1403.29 14.62 21.61 552.5 2388.11 9086.88 1.3 47.56 521.46 2388.06 8150.84 8.4396 0.03 393 2388 100.0 38.81 23.1964
92 257 -0.0004 -0.0004 100.0 518.67 642.49 1591.75 1413.94 14.62 21.61 553.22 2388.08 9090.55 1.3 47.45 521.14 2388.09 8153.84 8.4692 0.03 394 2388 100.0 38.75 23.3371
92 258 -0.0019 0.0003 100.0 518.67 642.41 1588.08 1410.89 14.62 21.61 552.7 2388.12 9079.78 1.3 47.58 521.07 2388.07 8157.76 8.4606 0.03 393 2388 100.0 38.82 23.2673
92 259 0.0062 -0.0 100.0 518.67 642.93 1592.05 1415.56 14.62 21.61 553.18 2388.12 9072.27 1.3 47.85 521.23 2388.1 8156.04 8.4554 0.03 394 2388 100.0 38.67 23.2779
92 260 0.0039 0.0005 100.0 518.67 643.16 1594.36 1420.25 14.62 21.61 553.32 2388.11 9078.64 1.3 47.71 521.19 2388.12 8157.61 8.4565 0.03 394 2388 100.0 38.66 23.2264
92 261 0.0013 -0.0003 100.0 518.67 642.98 1599.23 1410.72 14.62 21.61 553.03 2388.07 9087.35 1.3 47.77 521.06 2388.11 8162.23 8.4358 0.03 392 2388 100.0 38.83 23.2338
92 262 0.0013 0.0 100.0 518.67 642.97 1586.77 1412.68 14.62 21.61 552.73 2388.09 9083.12 1.3 47.45 520.71 2388.05 8156.4 8.4481 0.03 394 2388 100.0 38.9 23.3101
92 263 -0.0025 -0.0 100.0 518.67 642.89 1600.39 1415.16 14.62 21.61 552.84 2388.1 9072.75 1.3 47.47 521.21 2388.05 8158.79 8.4716 0.03 394 2388 100.0 38.77 23.1702
92 264 0.0028 0.0002 100.0 518.67 642.59 1597.61 1410.79 14.62 21.61 553.59 2388.12 9084.18 1.3 47.58 521.45 2388.08 8157.75 8.4459 0.03 394 2388 100.0 38.7 23.246
92 265 -0.0008 0.0003 100.0 518.67 643.57 1590.06 1407.39 14.62 21.61 552.75 2388.06 9090.12 1.3 47.6 520.97 2388.13 8159.23 8.4453 0.03 394 2388 100.0 38.82 23.1808
92 266 0.0002 0.0003 100.0 518.67 642.67 1590.78 1416.92 14.62 21.61 552.79 2388.1 9094.7 1.3 47.51 521.2 2388.13 8160.11 8.4541 0.03 395 2388 100.0 38.65 23.2242
92 267 -0.0004 0.0003 100.0 518.67 642.94 1598.32 1409.49 14.62 21.61 552.4 2388.11 9078.34 1.3 47.85 521.06 2388.11 8153.47 8.4658 0.03 394 2388 100.0 38.88 23.3332
92 268 0.0037 -0.0004 100.0 518.67 642.75 1593.61 1415.36 14.62 21.61 553.2 2388.09 9085.0 1.3 47.66 521.31 2388.06 8153.75 8.4707 0.03 394 2388 100.0 38.63 23.2119
92 269 0.0032 -0.0004 100.0 518.67 642.47 1595.36 1415.98 14.62 21.61 552.78 2388.07 9087.28 1.3 47.61 520.95 2388.08 8154.41 8.5006 0.03 394 2388 100.0 38.62 23.1916
92 270 0.0006 0.0005 100.0 518.67 642.92 1593.92 1408.27 14.62 21.61 552.51 2388.11 9091.49 1.3 47.84 521.17 2388.1 8156.42 8.4426 0.03 393 2388 100.0 38.7 23.1064
92 271 -0.0046 0.0005 100.0 518.67 642.92 1596.76 1420.07 14.62 21.61 553.23 2388.14 9080.76 1.3 47.65 521.34 2388.13 8164.83 8.4487 0.03 395 2388 100.0 38.67 23.135
92 272 -0.0017 0.0005 100.0 518.67 643.09 1592.2 1409.2 14.62 21.61 552.54 2388.14 9083.44 1.3 47.8 521.0 2388.08 8161.03 8.4581 0.03 394 2388 100.0 38.81 23.2708
92 273 0.0004 0.0005 100.0 518.67 642.9 1591.45 1416.04 14.62 21.61 552.81 2388.11 9085.3 1.3 47.61 520.81 2388.11 8160.25 8.4509 0.03 393 2388 100.0 38.94 23.2799
92 274 -0.0005 0.0005 100.0 518.67 643.27 1588.49 1414.61 14.62 21.61 553.0 2388.13 9084.17 1.3 47.92 520.83 2388.11 8160.06 8.4889 0.03 394 2388 100.0 38.71 23.2562
92 275 -0.0022 -0.0 100.0 518.67 642.93 1591.77 1420.78 14.62 21.61 552.3 2388.11 9089.65 1.3 47.57 520.97 2388.08 8163.62 8.4748 0.03 394 2388 100.0 38.75 23.2142
92 276 0.0006 0.0002 100.0 518.67 642.61 1599.47 1414.35 14.62 21.61 552.82 2388.05 9090.61 1.3 47.74 520.94 2388.17 8161.77 8.4517 0.03 393 2388 100.0 38.6 23.2003
92 277 0.0011 -0.0004 100.0 518.67 642.56 1594.3 1419.78 14.62 21.61 552.52 2388.1 9091.74 1.3 47.83 520.92 2388.14 8166.99 8.4999 0.03 395 2388 100.0 38.48 23.1618
92 278 0.0002 -0.0002 100.0 518.67 643.23 1589.24 1413.45 14.62 21.61 552.41 2388.13 9093.36 1.3 47.7 520.96 2388.14 8160.46 8.4608 0.03 396 2388 100.0 38.68 23.2041
92 279 0.0004 0.0001 100.0 518.67 643.23 1595.95 1413.31 14.62 21.61 552.65 2388.12 9088.26 1.3 47.7 520.99 2388.08 8166.49 8.461 0.03 394 2388 100.0 38.63 23.1976
92 280 -0.0056 0.0004 100.0 518.67 642.71 1593.5 1413.24 14.62 21.61 552.8 2388.1 9091.47 1.3 47.73 520.89 2388.14 8162.94 8.4648 0.03 395 2388 100.0 38.54 23.2942
92 281 -0.0038 0.0003 100.0 518.67 642.33 1588.57 1419.04 14.62 21.61 553.0 2388.09 9084.0 1.3 47.77 521.06 2388.11 8168.16 8.4863 0.03 394 2388 100.0 38.75 23.2518
92 282 -0.0006 0.0001 100.0 518.67 642.72 1586.44 1415.42 14.62 21.61 553.0 2388.13 9090.37 1.3 47.64 521.2 2388.1 8161.74 8.4805 0.03 395 2388 100.0 38.83 23.2668
92 283 -0.0017 0.0004 100.0 518.67 643.13 1590.69 1421.77 14.62 21.61 552.38 2388.09 9088.23 1.3 47.7 521.28 2388.14 8166.8 8.4825 0.03 394 2388 100.0 38.76 23.0683
92 284 -0.0005 0.0001 100.0 518.67 643.02 1599.5 1416.22 14.62 21.61 553.1 2388.1 9092.13 1.3 47.78 520.75 2388.11 8161.56 8.4498 0.03 394 2388 100.0 38.61 23.1949
92 285 0.0011 -0.0003 100.0 518.67 643.59 1599.79 1415.23 14.62 21.61 552.98 2388.09 9085.5 1.3 47.75 520.99 2388.15 8166.61 8.4556 0.03 395 2388 100.0 38.66 23.1489
92 286 0.0028 0.0001 100.0 518.67 642.8 1597.89 1420.96 14.62 21.61 553.1 2388.09 9090.47 1.3 47.71 521.04 2388.08 8162.02 8.5003 0.03 394 2388 100.0 38.58 23.191
92 287 -0.0004 -0.0004 100.0 518.67 643.21 1594.19 1421.07 14.62 21.61 552.62 2388.16 9093.83 1.3 47.77 520.6 2388.14 8165.22 8.4395 0.03 396 2388 100.0 38.65 23.1964
92 288 -0.0022 -0.0004 100.0 518.67 643.33 1601.71 1418.43 14.62 21.61 551.51 2388.12 9096.52 1.3 47.62 520.16 2388.14 8170.06 8.4768 0.03 395 2388 100.0 38.76 23.1445
92 289 -0.0011 -0.0003 100.0 518.67 642.78 1595.91 1412.36 14.62 21.61 552.79 2388.1 9086.68 1.3 47.77 520.7 2388.12 8164.43 8.4778 0.03 395 2388 100.0 38.63 23.0169
92 290 -0.0016 0.0003 100.0 518.67 643.37 1595.51 1417.22 14.62 21.61 552.25 2388.16 9095.79 1.3 47.83 520.74 2388.12 8172.32 8.4889 0.03 394 2388 100.0 38.54 23.1215
92 291 0.004 0.0005 100.0 518.67 643.18 1591.64 1417.04 14.62 21.61 552.33 2388.13 9093.06 1.3 47.7 520.88 2388.12 8166.5 8.4993 0.03 395 2388 100.0 38.6 23.2049
92 292 0.0024 0.0005 100.0 518.67 642.66 1594.36 1415.32 14.62 21.61 552.92 2388.06 9102.99 1.3 47.94 520.75 2388.17 8168.18 8.4727 0.03 394 2388 100.0 38.73 23.1946
92 293 -0.0035 -0.0004 100.0 518.67 642.32 1599.58 1419.51 14.62 21.61 552.87 2388.18 9095.75 1.3 47.64 520.89 2388.18 8167.14 8.4873 0.03 395 2388 100.0 38.44 23.1963
92 294 -0.0002 0.0003 100.0 518.67 643.29 1600.48 1414.81 14.62 21.61 552.86 2388.12 9091.86 1.3 47.84 520.62 2388.13 8170.47 8.4579 0.03 394 2388 100.0 38.75 23.1642
92 295 -0.003 0.0002 100.0 518.67 643.09 1598.78 1412.62 14.62 21.61 552.68 2388.11 9102.53 1.3 47.6 520.08 2388.13 8167.99 8.4549 0.03 393 2388 100.0 38.47 23.1419
92 296 0.0018 0.0001 100.0 518.67 642.94 1605.58 1415.17 14.62 21.61 552.65 2388.18 9098.21 1.3 47.82 520.5 2388.09 8168.23 8.4713 0.03 393 2388 100.0 38.68 23.1079
92 297 0.0017 -0.0003 100.0 518.67 643.22 1594.91 1419.0 14.62 21.61 552.32 2388.19 9103.15 1.3 47.75 521.09 2388.15 8168.53 8.4824 0.03 396 2388 100.0 38.36 23.3614
92 298 0.0001 0.0003 100.0 518.67 643.04 1601.88 1413.8 14.62 21.61 552.7 2388.11 9101.34 1.3 47.75 520.96 2388.09 8164.28 8.4791 0.03 395 2388 100.0 38.51 23.1106
92 299 -0.0032 -0.0004 100.0 518.67 643.73 1596.23 1411.51 14.62 21.61 552.47 2388.13 9103.62 1.3 48.04 520.58 2388.14 8166.98 8.4885 0.03 395 2388 100.0 38.75 23.1063
92 300 0.0032 -0.0003 100.0 518.67 642.75 1600.03 1420.71 14.62 21.61 552.72 2388.15 9102.49 1.3 47.78 520.47 2388.18 8172.82 8.4628 0.03 394 2388 100.0 38.86 23.1132
92 301 0.0002 -0.0002 100.0 518.67 643.15 1595.44 1421.31 14.62 21.61 552.09 2388.09 9100.19 1.3 47.84 520.53 2388.1 8177.59 8.4486 0.03 394 2388 100.0 38.79 23.2632
92 302 -0.0001 0.0001 100.0 518.67 643.28 1598.07 1419.8 14.62 21.61 552.23 2388.11 9102.9 1.3 47.8 520.3 2388.09 8168.49 8.478 0.03 394 2388 100.0 38.7 23.1241
92 303 0.0002 -0.0003 100.0 518.67 643.32 1593.51 1425.88 14.62 21.61 552.49 2388.15 9105.25 1.3 47.86 521.06 2388.11 8171.35 8.4892 0.03 394 2388 100.0 38.71 23.1187
92 304 0.002 0.0003 100.0 518.67 642.78 1591.33 1422.26 14.62 21.61 552.26 2388.19 9099.26 1.3 47.89 520.83 2388.16 8173.96 8.4889 0.03 396 2388 100.0 38.73 23.1806
92 305 -0.0043 -0.0004 100.0 518.67 642.71 1593.94 1420.49 14.62 21.61 552.76 2388.13 9103.63 1.3 47.81 520.42 2388.19 8176.09 8.5114 0.03 395 2388 100.0 38.54 23.2503
92 306 0.0014 -0.0002 100.0 518.67 643.23 1606.12 1419.36 14.62 21.61 552.01 2388.12 9107.82 1.3 47.72 520.6 2388.16 8174.17 8.5017 0.03 395 2388 100.0 38.66 23.1907
92 307 -0.0002 0.0004 100.0 518.67 643.83 1594.67 1421.64 14.62 21.61 552.55 2388.12 9112.34 1.3 47.95 520.51 2388.11 8180.51 8.4833 0.03 397 2388 100.0 38.39 23.1031
92 308 0.0009 0.0004 100.0 518.67 643.09 1601.18 1418.86 14.62 21.61 552.12 2388.15 9106.79 1.3 47.85 521.23 2388.07 8174.09 8.4984 0.03 395 2388 100.0 38.58 23.1867
92 309 -0.0029 0.0004 100.0 518.67 642.95 1602.0 1420.04 14.62 21.61 551.69 2388.19 9112.75 1.3 47.89 520.84 2388.08 8177.66 8.4896 0.03 395 2388 100.0 38.66 23.0973
92 310 -0.0002 0.0005 100.0 518.67 642.65 1605.66 1419.89 14.62 21.61 551.86 2388.14 9108.57 1.3 47.89 520.8 2388.11 8181.51 8.5012 0.03 395 2388 100.0 38.66 23.1339
92 311 0.0009 -0.0001 100.0 518.67 643.11 1595.81 1427.3 14.62 21.61 552.97 2388.1 9111.76 1.3 47.91 520.37 2388.15 8184.0 8.5269 0.03 396 2388 100.0 38.57 23.1529
92 312 -0.0035 0.0005 100.0 518.67 643.27 1602.2 1417.35 14.62 21.61 552.41 2388.13 9107.62 1.3 47.92 520.4 2388.14 8180.7 8.5152 0.03 396 2388 100.0 38.45 23.172
92 313 -0.0024 0.0003 100.0 518.67 643.05 1602.0 1417.89 14.62 21.61 552.16 2388.1 9112.27 1.3 47.92 520.62 2388.14 8178.06 8.502 0.03 395 2388 100.0 38.5 23.1811
92 314 0.002 0.0 100.0 518.67 643.02 1598.97 1418.0 14.62 21.61 552.08 2388.09 9103.52 1.3 47.97 520.36 2388.17 8182.35 8.5025 0.03 396 2388 100.0 38.63 23.2225
92 315 -0.0036 -0.0004 100.0 518.67 642.85 1596.03 1416.63 14.62 21.61 552.46 2388.14 9107.07 1.3 47.96 520.63 2388.16 8186.69 8.4351 0.03 395 2388 100.0 38.74 23.2207
92 316 -0.0017 0.0002 100.0 518.67 643.22 1599.9 1420.43 14.62 21.61 552.14 2388.13 9121.01 1.3 48.15 520.52 2388.15 8180.85 8.4998 0.03 395 2388 100.0 38.35 23.1849
92 317 -0.0 -0.0002 100.0 518.67 643.39 1603.81 1429.09 14.62 21.61 552.6 2388.19 9114.45 1.3 48.04 521.07 2388.11 8184.83 8.4945 0.03 395 2388 100.0 38.73 23.2265
92 318 0.0014 -0.0002 100.0 518.67 643.61 1599.34 1424.57 14.62 21.61 552.22 2388.16 9115.23 1.3 48.02 520.6 2388.16 8184.48 8.498 0.03 395 2388 100.0 38.5 23.0729
92 319 -0.0027 0.0003 100.0 518.67 643.56 1601.69 1425.07 14.62 21.61 551.9 2388.2 9118.05 1.3 48.06 520.07 2388.14 8181.54 8.507 0.03 395 2388 100.0 38.51 23.2103
92 320 0.0015 0.0002 100.0 518.67 643.31 1603.5 1421.89 14.62 21.61 552.59 2388.2 9116.34 1.3 48.14 520.05 2388.14 8190.09 8.4957 0.03 397 2388 100.0 38.5 23.0251
92 321 0.0015 0.0006 100.0 518.67 643.73 1601.23 1425.6 14.62 21.61 551.73 2388.14 9118.02 1.3 48.03 520.48 2388.15 8186.66 8.5099 0.03 397 2388 100.0 38.26 23.1353
92 322 -0.0047 -0.0 100.0 518.67 643.1 1595.79 1421.88 14.62 21.61 551.86 2388.17 9120.49 1.3 47.94 520.36 2388.15 8185.9 8.5144 0.03 396 2388 100.0 38.53 23.1435
92 323 0.0024 0.0001 100.0 518.67 643.07 1605.0 1426.18 14.62 21.61 552.27 2388.23 9123.43 1.3 47.93 520.62 2388.19 8191.07 8.4639 0.03 395 2388 100.0 38.4 23.1423
92 324 -0.0021 -0.0003 100.0 518.67 643.56 1600.14 1427.26 14.62 21.61 552.4 2388.18 9122.33 1.3 48.03 520.15 2388.15 8188.6 8.5145 0.03 396 2388 100.0 38.6 23.0718
92 325 0.0023 0.0005 100.0 518.67 643.59 1609.03 1423.87 14.62 21.61 552.34 2388.13 9116.02 1.3 48.03 520.39 2388.14 8187.56 8.5088 0.03 395 2388 100.0 38.56 23.1559
92 326 -0.0016 -0.0 100.0 518.67 643.29 1603.05 1429.19 14.62 21.61 552.14 2388.18 9120.87 1.3 47.78 520.85 2388.13 8187.75 8.4913 0.03 395 2388 100.0 38.43 23.037
92 327 0.0008 0.0001 100.0 518.67 643.58 1602.9 1421.33 14.62 21.61 552.34 2388.15 9124.57 1.3 48.06 520.9 2388.09 8195.07 8.508 0.03 396 2388 100.0 38.45 23.1708
92 328 -0.0018 0.0002 100.0 518.67 643.2 1604.25 1431.74 14.62 21.61 552.38 2388.17 9115.64 1.3 47.91 520.27 2388.17 8186.57 8.5542 0.03 395 2388 100.0 38.36 22.9785
92 329 0.0023 0.0003 100.0 518.67 643.22 1602.52 1422.71 14.62 21.61 552.12 2388.16 9125.68 1.3 47.99 519.78 2388.19 8196.62 8.4922 0.03 396 2388 100.0 38.62 23.0517
92 330 0.0029 0.0004 100.0 518.67 642.98 1597.48 1423.83 14.62 21.61 552.1 2388.15 9124.28 1.3 47.86 519.83 2388.2 8188.9 8.501 0.03 394 2388 100.0 38.46 23.2033
92 331 0.0016 0.0005 100.0 518.67 643.33 1595.79 1419.96 14.62 21.61 551.84 2388.16 9125.7 1.3 47.94 519.66 2388.15 8193.52 8.5141 0.03 396 2388 100.0 38.48 23.0692
92 332 -0.0044 -0.0003 100.0 518.67 643.23 1600.19 1429.95 14.62 21.61 551.56 2388.17 9131.55 1.3 48.03 519.75 2388.22 8193.39 8.4952 0.03 394 2388 100.0 38.49 23.0253
92 333 -0.0025 0.0004 100.0 518.67 643.78 1600.8 1426.34 14.62 21.61 552.05 2388.21 9127.29 1.3 48.0 520.01 2388.19 8192.24 8.5241 0.03 397 2388 100.0 38.79 23.1304
92 334 0.0003 0.0002 100.0 518.67 643.4 1604.03 1425.17 14.62 21.61 551.5 2388.13 9130.87 1.3 47.85 520.14 2388.14 8194.6 8.5228 0.03 397 2388 100.0 38.45 23.0678
92 335 -0.0002 0.0004 100.0 518.67 643.66 1601.83 1432.0 14.62 21.61 551.35 2388.15 9130.7 1.3 48.07 520.04 2388.16 8197.77 8.4789 0.03 396 2388 100.0 38.36 23.0794
92 336 -0.0035 0.0001 100.0 518.67 643.86 1601.27 1434.22 14.62 21.61 551.52 2388.17 9132.52 1.3 48.09 520.59 2388.19 8201.25 8.5192 0.03 397 2388 100.0 38.47 23.0699
92 337 0.0027 -0.0 100.0 518.67 643.51 1600.95 1426.48 14.62 21.61 551.58 2388.17 9132.81 1.3 48.16 519.98 2388.17 8194.88 8.4973 0.03 396 2388 100.0 38.52 23.1537
92 338 -0.002 0.0004 100.0 518.67 644.17 1600.59 1425.63 14.62 21.61 551.42 2388.14 9128.64 1.3 48.08 519.7 2388.19 8201.61 8.5028 0.03 396 2388 100.0 38.35 23.0181
92 339 -0.0026 0.0003 100.0 518.67 643.41 1605.22 1428.24 14.62 21.61 551.18 2388.2 9137.65 1.3 48.19 519.92 2388.2 8202.93 8.5063 0.03 395 2388 100.0 38.4 23.0027
92 340 0.0016 0.0005 100.0 518.67 644.02 1599.06 1429.58 14.62 21.61 550.77 2388.24 9138.69 1.3 48.14 519.66 2388.15 8197.97 8.5268 0.03 396 2388 100.0 38.56 23.0422
92 341 -0.0 -0.0004 100.0 518.67 644.04 1607.05 1428.06 14.62 21.61 551.34 2388.23 9143.56 1.3 48.01 519.83 2388.15 8201.66 8.5403 0.03 397 2388 100.0 38.26 23.0719
98 1 0.0024 0.0 100.0 518.67 642.07 1583.62 1400.61 14.62 21.61 553.92 2388.05 9057.6 1.3 47.24 521.78 2388.06 8138.04 8.4067 0.03 391 2388 100.0 38.96 23.3804
98 2 34.9985 0.8415 100.0 449.44 555.69 1362.47 1121.36 5.48 8.0 195.24 2222.99 8347.6 1.02 41.76 182.6 2388.1 8066.68 9.2878 0.02 332 2223 100.0 15.13 8.8297
98 3 42.0006 0.84 100.0 445.0 548.74 1345.22 1117.83 3.91 5.71 138.27 2211.96 8323.56 1.02 41.89 130.75 2388.04 8088.31 9.3448 0.02 330 2212 100.0 10.66 6.359
98 4 25.0041 0.6216 60.0 462.54 536.39 1255.71 1048.54 7.05 9.03 175.55 1915.38 8010.65 0.94 36.71 165.24 2028.27 7873.17 10.8926 0.02 308 1915 84.93 14.4 8.6645
98 5 10.0007 0.25 100.0 489.05 604.26 1500.28 1297.12 10.52 15.49 394.91 2318.87 8783.15 1.26 45.2 372.08 2388.06 8138.81 8.5996 0.03 367 2319 100.0 28.99 17.169
98 6 0.0027 0.0 100.0 518.67 642.39 1582.63 1398.12 14.62 21.61 554.29 2387.99 9059.71 1.3 47.22 522.27 2388.04 8143.28 8.4133 0.03 395 2388 100.0 39.11 23.423
98 7 20.0046 0.7003 100.0 491.19 606.75 1480.19 1245.68 9.35 13.65 334.96 2323.94 8719.79 1.08 44.17 315.82 2388.06 8061.68 9.193 0.02 364 2324 100.0 24.66 14.7539
98 8 20.0023 0.7014 100.0 491.19 607.24 1479.73 1244.8 9.35 13.66 334.77 2323.98 8720.8 1.08 44.33 314.74 2388.04 8063.11 9.192 0.02 364 2324 100.0 24.53 14.5896
98 9 0.0014 0.0 100.0 518.67 642.36 1585.39 1395.0 14.62 21.61 554.56 2388.02 9068.02 1.3 47.31 521.8 2388.01 8134.31 8.411 0.03 391 2388 100.0 39.03 23.3935
98 10 10.0078 0.25 100.0 489.05 604.07 1495.59 1309.28 10.52 15.49 394.61 2318.88 8781.95 1.26 45.18 372.55 2388.06 8134.64 8.5982 0.03 369 2319 100.0 28.64 17.0872
98 11 25.0007 0.6214 60.0 462.54 536.82 1257.39 1042.35 7.05 9.03 175.39 1915.37 8008.68 0.94 36.65 164.83 2028.28 7876.69 10.8778 0.02 307 1915 84.93 14.31 8.5209
98 12 42.0001 0.8409 100.0 445.0 549.74 1350.94 1121.82 3.91 5.71 138.62 2212.02 8330.79 1.02 41.93 130.56 2388.08 8082.11 9.339 0.02 329 2212 100.0 10.51 6.3834
98 13 20.0032 0.7007 100.0 491.19 607.62 1480.65 1242.07 9.35 13.65 334.95 2323.94 8727.98 1.08 44.11 315.46 2388.07 8061.0 9.213 0.02 366 2324 100.0 24.73 14.7064
98 14 42.0045 0.84 100.0 445.0 549.64 1345.51 1115.18 3.91 5.72 138.84 2211.97 8321.91 1.02 41.93 130.98 2388.03 8082.69 9.353 0.02 330 2212 100.0 10.61 6.3444
98 15 20.0065 0.7 100.0 491.19 607.7 1481.35 1250.2 9.35 13.66 335.26 2323.96 8714.39 1.08 44.25 314.66 2388.06 8057.43 9.1807 0.02 363 2324 100.0 24.56 14.6977
98 16 10.0056 0.2503 100.0 489.05 604.2 1493.0 1301.01 10.52 15.49 395.25 2318.82 8783.12 1.26 45.18 372.0 2388.1 8134.74 8.6174 0.03 369 2319 100.0 28.8 17.1589
98 17 0.0005 0.0006 100.0 518.67 642.25 1584.95 1407.32 14.62 21.61 553.41 2387.99 9056.83 1.3 47.35 521.81 2388.08 8137.3 8.4113 0.03 392 2388 100.0 38.97 23.3947
98 18 0.0005 0.0002 100.0 518.67 642.15 1587.31 1398.14 14.62 21.61 553.99 2388.04 9055.39 1.3 47.22 521.83 2388.05 8134.65 8.3935 0.03 392 2388 100.0 38.85 23.2953
98 19 42.0033 0.8417 100.0 445.0 549.38 1350.72 1119.4 3.91 5.71 139.35 2212.01 8329.34 1.02 41.9 130.62 2388.06 8089.37 9.3684 0.02 329 2212 100.0 10.54 6.3776
98 20 25.0003 0.6214 60.0 462.54 537.46 1261.97 1050.72 7.05 9.03 176.06 1915.35 8015.97 0.94 36.65 164.55 2028.32 7874.42 10.8661 0.02 306 1915 84.93 14.39 8.6165
98 21 35.0071 0.84 100.0 449.44 555.42 1366.95 1128.21 5.48 8.0 193.96 2223.04 8348.36 1.02 41.73 183.51 2388.02 8068.87 9.3163 0.02 334 2223 100.0 15.01 8.9964
98 22 42.0076 0.84 100.0 445.0 548.99 1346.29 1125.09 3.91 5.71 139.03 2212.0 8325.05 1.02 41.83 130.48 2388.03 8089.43 9.3384 0.02 330 2212 100.0 10.57 6.3726
98 23 42.0015 0.8406 100.0 445.0 549.36 1354.92 1118.54 3.91 5.71 139.02 2211.95 8325.99 1.02 41.82 130.6 2388.02 8078.79 9.3192 0.02 330 2212 100.0 10.54 6.3386
98 24 10.0026 0.2505 100.0 489.05 604.21 1496.93 1296.11 10.52 15.49 394.83 2318.84 8778.97 1.26 45.3 372.45 2388.06 8127.7 8.6075 0.03 369 2319 100.0 28.76 17.2326
98 25 25.0008 0.62 60.0 462.54 537.07 1254.69 1042.86 7.05 9.02 174.86 1915.37 8003.59 0.94 36.71 164.46 2028.32 7876.14 10.873 0.02 307 1915 84.93 14.32 8.6705
98 26 25.0023 0.6205 60.0 462.54 536.78 1249.19 1045.75 7.05 9.02 176.0 1915.33 8012.47 0.94 36.63 164.71 2028.19 7873.52 10.8816 0.02 307 1915 84.93 14.25 8.5735
98 27 0.0008 0.001 100.0 518.67 642.12 1583.54 1398.08 14.62 21.61 554.04 2388.02 9057.24 1.3 47.09 521.99 2388.04 8135.43 8.4032 0.03 392 2388 100.0 38.94 23.3569
98 28 0.0014 0.0003 100.0 518.67 641.79 1585.33 1401.89 14.62 21.61 554.29 2388.04 9056.96 1.3 47.45 521.61 2388.05 8140.49 8.4328 0.03 390 2388 100.0 39.2 23.432
98 29 0.0002 0.0 100.0 518.67 641.74 1591.4 1401.21 14.62 21.61 554.03 2388.01 9066.99 1.3 47.33 522.09 2388.02 8139.06 8.4255 0.03 392 2388 100.0 39.25 23.3963
98 30 20.0011 0.7 100.0 491.19 606.99 1481.3 1247.79 9.35 13.65 335.0 2323.95 8727.68 1.08 44.23 315.96 2388.05 8063.38 9.2253 0.02 362 2324 100.0 24.57 14.6239
98 31 42.0054 0.8411 100.0 445.0 549.34 1354.49 1123.45 3.91 5.71 138.78 2212.0 8324.81 1.02 41.97 131.03 2388.11 8092.32 9.3471 0.02 329 2212 100.0 10.68 6.398
98 32 0.0022 0.0 100.0 518.67 642.86 1592.76 1401.16 14.62 21.61 554.84 2388.03 9059.35 1.3 47.5 522.17 2388.05 8140.85 8.3896 0.03 392 2388 100.0 39.04 23.4545
98 33 42.0072 0.8408 100.0 445.0 549.1 1356.81 1121.29 3.91 5.71 139.32 2212.03 8329.12 1.02 41.91 130.88 2388.07 8092.45 9.3239 0.02 330 2212 100.0 10.58 6.2063
98 34 19.9995 0.7 100.0 491.19 607.43 1481.54 1248.37 9.35 13.66 335.07 2323.94 8726.7 1.08 44.06 315.33 2388.09 8066.37 9.1906 0.02 365 2324 100.0 24.6 14.6895
98 35 42.0008 0.8406 100.0 445.0 549.16 1352.47 1121.23 3.91 5.71 138.3 2212.01 8324.38 1.02 41.94 130.44 2388.04 8090.07 9.3114 0.02 329 2212 100.0 10.69 6.4682
98 36 42.0064 0.84 100.0 445.0 549.61 1349.45 1112.56 3.91 5.72 139.26 2211.91 8320.65 1.02 42.08 130.82 2388.04 8083.59 9.321 0.02 330 2212 100.0 10.7 6.3449
98 37 24.9999 0.6203 60.0 462.54 536.63 1255.5 1044.86 7.05 9.02 175.62 1915.37 8015.98 0.94 36.58 164.74 2028.27 7876.25 10.8659 0.02 307 1915 84.93 14.31 8.6433
98 38 35.0003 0.8409 100.0 449.44 555.92 1361.57 1121.02 5.48 8.0 194.42 2223.05 8343.52 1.02 41.55 183.33 2388.15 8070.83 9.2815 0.02 334 2223 100.0 14.93 9.0088
98 39 42.0074 0.8405 100.0 445.0 549.03 1350.87 1120.73 3.91 5.72 139.09 2211.93 8325.64 1.02 42.0 130.45 2388.04 8087.59 9.3732 0.02 328 2212 100.0 10.79 6.3794
98 40 42.0031 0.8411 100.0 445.0 549.39 1350.9 1120.49 3.91 5.71 138.32 2211.98 8321.5 1.02 42.17 130.95 2388.02 8086.87 9.3612 0.02 331 2212 100.0 10.55 6.3578
98 41 19.9994 0.701 100.0 491.19 607.07 1482.7 1247.26 9.35 13.65 334.59 2323.99 8724.22 1.08 44.12 315.24 2388.04 8068.33 9.2077 0.02 364 2324 100.0 24.49 14.7025
98 42 0.0012 0.0 100.0 518.67 642.46 1579.59 1403.86 14.62 21.61 554.71 2388.06 9061.41 1.3 47.18 522.19 2388.03 8139.31 8.4068 0.03 392 2388 100.0 39.02 23.3984
98 43 25.0077 0.62 60.0 462.54 537.09 1263.33 1042.14 7.05 9.02 175.09 1915.44 8015.69 0.94 36.64 164.82 2028.23 7877.14 10.853 0.02 306 1915 84.93 14.2 8.4954
98 44 0.0008 0.0009 100.0 518.67 642.33 1589.23 1397.14 14.62 21.61 553.56 2388.04 9049.31 1.3 47.28 521.85 2388.04 8138.08 8.394 0.03 393 2388 100.0 39.03 23.3466
98 45 35.0074 0.84 100.0 449.44 555.53 1359.09 1127.45 5.48 8.0 194.91 2223.07 8356.74 1.02 41.83 183.21 2388.17 8069.72 9.2963 0.02 333 2223 100.0 14.76 8.8804
98 46 25.0006 0.62 60.0 462.54 536.96 1260.82 1041.97 7.05 9.02 175.21 1915.41 8011.36 0.94 36.52 164.76 2028.29 7880.24 10.8772 0.02 306 1915 84.93 14.1 8.5644
98 47 20.0067 0.7002 100.0 491.19 606.95 1479.33 1244.11 9.35 13.65 335.18 2323.95 8724.19 1.08 44.33 315.44 2388.05 8062.84 9.2015 0.02 364 2324 100.0 24.49 14.7098
98 48 25.0064 0.62 60.0 462.54 536.57 1257.2 1045.16 7.05 9.03 175.73 1915.36 8015.91 0.94 36.45 164.58 2028.37 7873.34 10.8724 0.02 305 1915 84.93 14.53 8.5985
98 49 20.0073 0.7 100.0 491.19 607.42 1488.24 1251.11 9.35 13.65 334.49 2323.94 8730.7 1.08 44.23 315.26 2388.11 8069.83 9.1405 0.02 364 2324 100.0 24.61 14.7791
98 50 9.9986 0.25 100.0 489.05 604.57 1496.01 1297.89 10.52 15.49 394.75 2318.86 8781.63 1.26 45.25 371.71 2388.05 8132.1 8.6256 0.03 370 2319 100.0 28.52 17.2448
98 51 42.0 0.84 100.0 445.0 549.78 1357.84 1118.48 3.91 5.72 138.7 2211.99 8321.91 1.02 41.92 130.66 2388.09 8090.06 9.3683 0.02 329 2212 100.0 10.46 6.3598
98 52 42.0044 0.84 100.0 445.0 549.52 1347.44 1123.2 3.91 5.72 139.52 2212.01 8318.74 1.02 42.03 130.09 2388.11 8089.02 9.389 0.02 330 2212 100.0 10.68 6.3319
98 53 41.9999 0.8403 100.0 445.0 549.65 1349.63 1124.37 3.91 5.71 138.11 2212.01 8328.27 1.02 41.89 130.66 2388.1 8087.59 9.34 0.02 330 2212 100.0 10.82 6.3536
98 54 10.0063 0.25 100.0 489.05 604.94 1490.95 1309.05 10.52 15.49 395.3 2318.88 8786.11 1.26 45.22 371.77 2388.13 8135.85 8.6369 0.03 369 2319 100.0 28.77 17.1515
98 55 20.0054 0.7 100.0 491.19 607.88 1484.11 1246.13 9.35 13.66 335.23 2323.94 8724.28 1.08 44.31 315.42 2388.07 8066.96 9.1976 0.02 364 2324 100.0 24.49 14.7451
98 56 20.0004 0.7004 100.0 491.19 607.65 1481.61 1246.73 9.35 13.66 335.33 2323.97 8728.85 1.08 44.45 315.07 2388.08 8064.39 9.182 0.02 365 2324 100.0 24.63 14.834
98 57 25.0067 0.62 60.0 462.54 536.12 1257.3 1048.94 7.05 9.03 174.92 1915.41 8009.97 0.94 36.64 164.63 2028.26 7877.66 10.9059 0.02 308 1915 84.93 14.34 8.593
98 58 10.005 0.2516 100.0 489.05 604.62 1491.39 1300.71 10.52 15.49 394.46 2318.86 8778.79 1.26 45.25 372.03 2388.08 8135.18 8.642 0.03 368 2319 100.0 28.73 17.2064
98 59 42.0039 0.84 100.0 445.0 549.48 1348.2 1124.27 3.91 5.71 138.22 2211.99 8321.66 1.02 42.19 131.35 2388.12 8083.76 9.3335 0.02 332 2212 100.0 10.58 6.3028
98 60 19.9985 0.7 100.0 491.19 607.14 1483.94 1247.51 9.35 13.65 334.88 2323.96 8730.69 1.08 44.2 316.0 2388.08 8061.12 9.1874 0.02 364 2324 100.0 24.72 14.6699
98 61 35.0056 0.84 100.0 449.44 555.61 1352.6 1124.96 5.48 8.0 194.43 2222.99 8350.3 1.02 41.79 183.21 2388.14 8071.14 9.2557 0.02 332 2223 100.0 14.99 8.8915
98 62 25.0056 0.6214 60.0 462.54 537.04 1255.58 1040.02 7.05 9.03 175.45 1915.35 8012.69 0.94 36.52 164.7 2028.27 7875.59 10.8643 0.02 306 1915 84.93 14.23 8.6151
98 63 42.0025 0.8406 100.0 445.0 548.96 1354.49 1126.05 3.91 5.71 139.25 2212.0 8324.01 1.02 41.94 130.31 2388.07 8089.25 9.3531 0.02 330 2212 100.0 10.82 6.3897
98 64 42.0001 0.84 100.0 445.0 549.55 1353.63 1122.23 3.91 5.71 138.6 2212.03 8318.59 1.02 42.01 130.59 2388.15 8092.4 9.3537 0.02 330 2212 100.0 10.56 6.4597
98 65 10.0061 0.2518 100.0 489.05 604.57 1494.83 1311.31 10.52 15.49 394.61 2318.82 8782.51 1.26 45.3 372.08 2388.03 8131.41 8.635 0.03 369 2319 100.0 28.68 17.1806
98 66 42.0073 0.8409 100.0 445.0 549.29 1347.97 1117.46 3.91 5.71 138.95 2212.0 8325.21 1.02 42.0 130.92 2388.08 8084.98 9.3383 0.02 329 2212 100.0 10.73 6.4754
98 67 42.0009 0.84 100.0 445.0 549.63 1348.26 1122.43 3.91 5.72 138.2 2211.95 8327.5 1.02 42.06 130.89 2388.11 8087.19 9.3598 0.02 330 2212 100.0 10.54 6.4577
98 68 25.0027 0.6209 60.0 462.54 536.98 1263.7 1038.45 7.05 9.02 175.61 1915.45 8013.13 0.94 36.68 164.67 2028.33 7879.17 10.8951 0.02 308 1915 84.93 14.23 8.7008
98 69 25.0067 0.6219 60.0 462.54 536.84 1256.82 1043.79 7.05 9.03 174.88 1915.39 8016.19 0.94 36.49 164.58 2028.31 7869.43 10.9021 0.02 307 1915 84.93 14.2 8.5384
98 70 35.0076 0.84 100.0 449.44 555.28 1365.63 1125.74 5.48 8.0 194.88 2223.04 8356.02 1.02 41.71 183.55 2388.09 8075.57 9.3086 0.02 335 2223 100.0 14.73 8.9191
98 71 10.0052 0.252 100.0 489.05 604.59 1498.79 1310.27 10.52 15.49 395.39 2318.85 8784.27 1.26 45.22 371.52 2388.12 8136.0 8.62 0.03 369 2319 100.0 28.39 17.1758
98 72 25.0001 0.6201 60.0 462.54 536.91 1257.24 1047.97 7.05 9.02 175.9 1915.44 8001.7 0.94 36.56 165.34 2028.32 7876.12 10.8825 0.02 307 1915 84.93 14.15 8.582
98 73 10.0046 0.25 100.0 489.05 604.16 1496.98 1309.49 10.52 15.49 394.56 2318.87 8780.01 1.26 45.23 371.95 2388.04 8133.06 8.6198 0.03 371 2319 100.0 28.65 17.1671
98 74 9.9997 0.252 100.0 489.05 604.61 1500.02 1304.8 10.52 15.49 394.89 2318.87 8774.74 1.26 45.27 372.25 2388.07 8132.19 8.6359 0.03 368 2319 100.0 28.53 17.2323
98 75 25.0066 0.6201 60.0 462.54 536.96 1259.41 1042.71 7.05 9.03 175.19 1915.38 8008.64 0.94 36.48 164.79 2028.29 7876.62 10.8875 0.02 305 1915 84.93 14.36 8.5965
98 76 25.0067 0.62 60.0 462.54 536.35 1259.2 1045.8 7.05 9.02 176.03 1915.39 8010.47 0.94 36.46 164.91 2028.3 7882.33 10.8751 0.02 307 1915 84.93 14.36 8.5678
98 77 0.0003 0.0 100.0 518.67 642.17 1593.45 1403.42 14.62 21.61 554.32 2388.08 9056.43 1.3 47.36 522.24 2388.09 8143.59 8.4324 0.03 390 2388 100.0 39.1 23.3613
98 78 10.003 0.2501 100.0 489.05 604.35 1501.82 1299.71 10.52 15.49 394.9 2318.86 8786.29 1.26 45.34 372.11 2388.09 8140.92 8.6107 0.03 369 2319 100.0 28.55 17.135
98 79 35.0057 0.8411 100.0 449.44 555.04 1367.49 1122.88 5.48 8.0 194.22 2223.09 8357.66 1.02 41.73 183.44 2388.13 8069.26 9.3058 0.02 333 2223 100.0 14.87 8.8747
98 80 10.0049 0.2505 100.0 489.05 604.08 1497.53 1311.44 10.52 15.49 393.94 2318.87 8783.73 1.26 45.28 371.73 2388.1 8132.85 8.6548 0.03 370 2319 100.0 28.71 17.1409
98 81 20.0032 0.7009 100.0 491.19 607.38 1482.8 1244.25 9.35 13.65 334.53 2323.99 8723.82 1.07 44.11 315.52 2388.13 8065.15 9.2172 0.02 362 2324 100.0 24.58 14.7989
98 82 41.9981 0.8408 100.0 445.0 549.48 1357.74 1121.32 3.91 5.72 138.73 2212.08 8327.14 1.02 41.99 130.98 2388.15 8094.1 9.3807 0.02 330 2212 100.0 10.6 6.2925
98 83 42.0073 0.84 100.0 445.0 549.47 1343.05 1109.52 3.91 5.72 138.76 2212.03 8324.64 1.02 42.07 130.72 2388.1 8091.46 9.3388 0.02 330 2212 100.0 10.66 6.2995
98 84 19.9992 0.7002 100.0 491.19 606.94 1491.31 1249.6 9.35 13.65 334.6 2323.96 8729.76 1.08 44.23 315.12 2388.11 8065.75 9.2115 0.02 363 2324 100.0 24.6 14.5981
98 85 0.0006 0.0015 100.0 518.67 642.44 1584.93 1402.2 14.62 21.61 553.74 2388.04 9059.98 1.3 47.42 522.35 2388.04 8140.92 8.4195 0.03 393 2388 100.0 39.01 23.4319
98 86 25.0045 0.62 60.0 462.54 537.08 1253.82 1047.02 7.05 9.02 174.84 1915.4 8021.17 0.94 36.52 164.97 2028.31 7877.8 10.8558 0.02 307 1915 84.93 14.42 8.5939
98 87 41.9995 0.84 100.0 445.0 549.73 1354.45 1127.99 3.91 5.72 138.3 2212.0 8320.69 1.02 41.97 130.86 2388.12 8087.54 9.3506 0.02 330 2212 100.0 10.5 6.4536
98 88 42.0 0.8419 100.0 445.0 549.59 1356.19 1118.06 3.91 5.71 139.3 2212.05 8322.66 1.02 41.88 130.42 2388.1 8096.01 9.3754 0.02 330 2212 100.0 10.69 6.3965
98 89 0.0005 0.0007 100.0 518.67 642.69 1581.65 1400.04 14.62 21.61 554.53 2388.03 9059.07 1.3 47.44 521.24 2388.05 8146.08 8.3897 0.03 392 2388 100.0 39.03 23.4148
98 90 25.0063 0.62 60.0 462.54 537.28 1262.84 1040.63 7.05 9.02 174.95 1915.4 8013.73 0.94 36.61 164.47 2028.29 7873.23 10.89 0.02 307 1915 84.93 14.25 8.6497
98 91 10.0001 0.2509 100.0 489.05 604.37 1494.7 1300.84 10.52 15.49 394.48 2318.92 8780.03 1.26 45.25 371.95 2388.07 8141.15 8.6062 0.03 369 2319 100.0 28.54 17.0873
98 92 35.0057 0.8414 100.0 449.44 555.88 1360.68 1123.85 5.48 8.0 194.26 2223.05 8363.75 1.02 41.77 183.51 2388.15 8073.58 9.3127 0.02 332 2223 100.0 14.83 9.0002
98 93 41.9989 0.84 100.0 445.0 549.35 1346.87 1121.96 3.91 5.71 138.53 2211.98 8334.89 1.02 41.92 130.88 2388.13 8092.55 9.3634 0.02 331 2212 100.0 10.68 6.3728
98 94 10.0068 0.2503 100.0 489.05 604.41 1496.63 1303.4 10.52 15.49 394.72 2318.82 8787.28 1.26 45.25 372.04 2388.06 8134.1 8.6352 0.03 369 2319 100.0 28.71 17.2778
98 95 24.9993 0.6209 60.0 462.54 536.51 1256.69 1039.47 7.05 9.03 175.2 1915.38 8009.14 0.94 36.63 165.03 2028.33 7881.38 10.9007 0.02 307 1915 84.93 14.41 8.5474
98 96 35.0029 0.84 100.0 449.44 555.34 1357.4 1126.8 5.48 8.0 195.36 2223.1 8358.6 1.02 41.65 182.9 2388.19 8072.88 9.2747 0.02 332 2223 100.0 14.84 8.9126
98 97 42.0079 0.84 100.0 445.0 549.43 1344.06 1122.31 3.91 5.72 138.62 2212.0 8323.41 1.02 41.97 130.85 2388.09 8089.57 9.3351 0.02 331 2212 100.0 10.42 6.4875
98 98 42.0048 0.8415 100.0 445.0 549.41 1350.32 1119.86 3.91 5.71 138.53 2212.04 8327.94 1.02 41.98 130.61 2388.09 8092.23 9.3169 0.02 329 2212 100.0 10.58 6.3368
98 99 24.9994 0.62 60.0 462.54 536.8 1257.77 1032.99 7.05 9.03 175.46 1915.44 8014.98 0.94 36.83 165.16 2028.27 7881.82 10.8756 0.02 306 1915 84.93 14.24 8.5823
98 100 0.0006 0.0 100.0 518.67 642.53 1587.08 1403.83 14.62 21.61 553.91 2388.01 9060.33 1.3 47.23 522.64 2388.0 8144.69 8.4459 0.03 392 2388 100.0 38.79 23.3704
98 101 10.0012 0.2505 100.0 489.05 605.22 1496.9 1307.06 10.52 15.49 395.46 2318.88 8784.13 1.26 45.37 371.62 2388.11 8131.08 8.6344 0.03 369 2319 100.0 28.51 17.1462
98 102 35.0058 0.84 100.0 449.44 554.97 1362.42 1124.7 5.48 8.0 194.54 2223.01 8352.05 1.02 41.88 183.02 2388.14 8074.04 9.2894 0.02 333 2223 100.0 15.03 8.9063
98 103 25.0023 0.6209 60.0 462.54 536.05 1255.16 1049.4 7.05 9.03 175.43 1915.51 8014.08 0.94 36.32 164.74 2028.37 7881.68 10.8902 0.02 307 1915 84.93 14.25 8.4773
98 104 42.0063 0.8419 100.0 445.0 550.0 1348.11 1118.47 3.91 5.72 138.74 2212.02 8329.3 1.02 41.92 130.15 2388.06 8087.81 9.3408 0.02 330 2212 100.0 10.65 6.4068
98 105 41.9983 0.84 100.0 445.0 549.3 1348.39 1125.78 3.91 5.71 139.79 2212.06 8326.68 1.02 42.03 130.69 2388.13 8092.96 9.3259 0.02 330 2212 100.0 10.5 6.3834
98 106 10.0069 0.2512 100.0 489.05 604.87 1491.34 1299.45 10.52 15.5 395.03 2318.93 8785.82 1.26 45.22 371.77 2388.13 8132.23 8.6652 0.03 369 2319 100.0 28.67 17.1096
98 107 25.0063 0.62 60.0 462.54 536.65 1264.97 1038.55 7.05 9.03 175.32 1915.47 8019.35 0.94 36.59 164.82 2028.37 7882.99 10.8932 0.02 307 1915 84.93 14.33 8.5065
98 108 42.0064 0.84 100.0 445.0 549.35 1351.2 1127.95 3.91 5.72 138.57 2212.08 8329.69 1.02 42.12 130.9 2388.15 8099.38 9.3437 0.02 330 2212 100.0 10.69 6.3249
98 109 42.0059 0.8415 100.0 445.0 549.5 1349.84 1124.93 3.91 5.71 139.08 2212.05 8327.94 1.02 42.0 130.05 2388.09 8093.48 9.3449 0.02 328 2212 100.0 10.56 6.4086
98 110 35.001 0.84 100.0 449.44 555.79 1357.26 1123.45 5.48 8.0 195.44 2223.09 8355.77 1.02 41.89 183.16 2388.19 8071.69 9.3152 0.02 334 2223 100.0 14.69 8.93
98 111 34.9998 0.8401 100.0 449.44 555.49 1362.14 1128.66 5.48 8.0 194.28 2223.09 8358.06 1.02 41.84 183.07 2388.22 8074.72 9.3165 0.02 334 2223 100.0 14.9 8.9138
98 112 35.0006 0.8401 100.0 449.44 555.27 1361.6 1119.71 5.48 8.0 194.34 2223.09 8360.24 1.02 41.86 183.72 2388.16 8079.2 9.2967 0.02 333 2223 100.0 14.8 8.9011
98 113 25.0036 0.62 60.0 462.54 537.02 1251.21 1050.03 7.05 9.02 175.44 1915.51 8015.89 0.94 36.61 164.99 2028.34 7875.19 10.8634 0.02 307 1915 84.93 14.25 8.4725
98 114 25.0 0.6203 60.0 462.54 537.03 1259.04 1046.89 7.05 9.03 175.0 1915.43 8016.01 0.94 36.8 164.96 2028.39 7881.84 10.8762 0.02 307 1915 84.93 14.22 8.5513
98 115 42.006 0.8407 100.0 445.0 549.25 1353.01 1124.1 3.91 5.71 139.44 2212.04 8324.7 1.02 41.93 131.34 2388.09 8093.6 9.3102 0.02 330 2212 100.0 10.6 6.3411
98 116 0.0019 0.0008 100.0 518.67 642.16 1592.85 1397.55 14.62 21.61 553.67 2388.05 9056.75 1.3 47.32 522.23 2388.11 8150.6 8.4446 0.03 392 2388 100.0 38.98 23.2853
98 117 20.0001 0.7015 100.0 491.19 607.03 1486.22 1247.28 9.35 13.66 334.67 2323.98 8730.4 1.08 44.3 315.52 2388.11 8068.96 9.1679 0.02 363 2324 100.0 24.46 14.6547
98 118 35.0028 0.8403 100.0 449.44 555.21 1366.17 1122.85 5.48 8.0 194.9 2223.1 8359.78 1.02 41.7 182.87 2388.21 8071.96 9.3403 0.02 333 2223 100.0 14.94 8.9049
98 119 25.0002 0.6219 60.0 462.54 536.08 1261.68 1046.6 7.05 9.02 175.13 1915.47 8011.29 0.94 36.76 165.36 2028.34 7879.66 10.8964 0.02 307 1915 84.93 14.36 8.5081
98 120 10.0026 0.2507 100.0 489.05 604.47 1501.14 1304.45 10.52 15.49 394.9 2318.85 8787.35 1.26 45.29 371.56 2388.1 8138.47 8.6627 0.03 369 2319 100.0 28.7 17.1925
98 121 42.0053 0.84 100.0 445.0 549.93 1354.86 1128.64 3.91 5.72 139.25 2212.08 8326.97 1.02 41.99 131.01 2388.17 8091.83 9.3516 0.02 329 2212 100.0 10.54 6.409
98 122 25.0024 0.6203 60.0 462.54 536.91 1263.08 1044.52 7.05 9.03 175.5 1915.5 8017.66 0.94 36.63 164.34 2028.35 7873.91 10.8696 0.02 306 1915 84.93 14.28 8.5633
98 123 34.9981 0.8418 100.0 449.44 555.45 1362.18 1123.58 5.48 8.0 194.34 2223.08 8362.36 1.02 41.77 183.13 2388.19 8078.36 9.3296 0.02 333 2223 100.0 14.69 8.9438
98 124 42.007 0.8412 100.0 445.0 549.38 1346.47 1115.45 3.91 5.72 138.5 2212.04 8327.65 1.02 42.07 130.53 2388.15 8093.33 9.3521 0.02 332 2212 100.0 10.64 6.4167
98 125 0.0011 0.0002 100.0 518.67 642.34 1591.05 1405.07 14.62 21.61 554.01 2388.04 9064.0 1.3 47.34 522.17 2388.04 8146.19 8.4384 0.03 392 2388 100.0 39.09 23.2735
98 126 35.0002 0.8417 100.0 449.44 555.79 1368.19 1123.16 5.48 8.0 195.04 2223.17 8355.3 1.02 41.87 183.47 2388.23 8078.14 9.2736 0.02 334 2223 100.0 14.98 8.7833
98 127 42.0077 0.8408 100.0 445.0 549.67 1348.91 1127.74 3.91 5.71 138.88 2212.07 8335.44 1.02 41.83 130.65 2388.15 8091.42 9.3536 0.02 331 2212 100.0 10.43 6.4421
98 128 35.0077 0.84 100.0 449.44 555.6 1359.74 1128.63 5.48 8.0 194.96 2223.09 8354.45 1.02 41.83 183.01 2388.24 8080.74 9.3043 0.02 333 2223 100.0 14.88 9.0646
98 129 34.9982 0.8418 100.0 449.44 555.92 1365.92 1136.94 5.48 8.0 195.49 2223.18 8356.25 1.02 41.92 183.61 2388.23 8077.36 9.3286 0.02 333 2223 100.0 14.92 8.9008
98 130 42.0026 0.84 100.0 445.0 549.34 1353.12 1122.6 3.91 5.72 139.21 2212.09 8330.5 1.02 42.01 130.85 2388.16 8095.98 9.3365 0.02 332 2212 100.0 10.56 6.3459
98 131 0.0006 0.0 100.0 518.67 642.8 1585.07 1414.02 14.62 21.61 553.38 2388.04 9067.88 1.3 47.54 521.53 2388.02 8146.23 8.4393 0.03 393 2388 100.0 38.8 23.4031
98 132 10.0071 0.2519 100.0 489.05 605.03 1497.77 1309.73 10.52 15.49 394.59 2318.93 8785.33 1.26 45.41 371.99 2388.13 8141.27 8.627 0.03 370 2319 100.0 28.74 17.0941
98 133 24.9994 0.6218 60.0 462.54 536.88 1255.75 1048.82 7.05 9.03 175.61 1915.52 8020.85 0.94 36.76 164.97 2028.45 7882.59 10.8895 0.02 306 1915 84.93 14.32 8.6047
98 134 42.0051 0.8418 100.0 445.0 549.44 1360.36 1121.25 3.91 5.72 139.62 2212.16 8339.03 1.02 41.97 130.87 2388.28 8098.97 9.3557 0.02 330 2212 100.0 10.71 6.3115
98 135 0.0001 0.0 100.0 518.67 642.39 1594.41 1399.04 14.62 21.6 553.83 2388.02 9070.15 1.3 47.22 521.88 2388.06 8149.99 8.4007 0.03 393 2388 100.0 38.7 23.2796
98 136 10.0037 0.2504 100.0 489.05 605.06 1500.76 1309.34 10.52 15.49 394.56 2318.9 8792.33 1.26 45.36 371.62 2388.12 8147.85 8.6366 0.03 369 2319 100.0 28.64 17.1903
98 137 42.0043 0.8419 100.0 445.0 548.94 1361.6 1125.43 3.91 5.71 138.48 2212.14 8333.05 1.02 41.89 130.63 2388.25 8093.43 9.3736 0.02 330 2212 100.0 10.65 6.4611
98 138 20.0035 0.7004 100.0 491.19 607.19 1485.68 1251.64 9.35 13.66 334.43 2324.03 8735.96 1.08 44.35 315.14 2388.13 8072.3 9.2414 0.02 365 2324 100.0 24.3 14.6768
98 139 42.0045 0.84 100.0 445.0 550.04 1356.31 1130.34 3.91 5.71 139.42 2212.15 8338.02 1.02 42.11 131.07 2388.22 8097.97 9.3636 0.02 332 2212 100.0 10.55 6.3726
98 140 0.0021 0.0001 100.0 518.67 642.0 1579.71 1402.6 14.62 21.61 554.57 2388.05 9067.83 1.3 47.27 521.29 2388.1 8150.39 8.4321 0.03 393 2388 100.0 38.99 23.3244
98 141 25.0065 0.6201 60.0 462.54 536.81 1261.88 1050.79 7.05 9.03 175.66 1915.55 8027.36 0.94 36.53 164.79 2028.52 7884.58 10.8834 0.02 307 1915 84.93 14.47 8.5048
98 142 10.0079 0.252 100.0 489.05 604.85 1503.54 1301.36 10.52 15.49 394.51 2318.9 8791.35 1.26 45.46 371.53 2388.14 8144.75 8.6654 0.03 369 2319 100.0 28.54 17.2008
98 143 20.0035 0.7 100.0 491.19 606.9 1486.48 1247.65 9.35 13.65 334.59 2324.0 8738.18 1.08 44.2 315.29 2388.15 8073.68 9.2139 0.02 364 2324 100.0 24.57 14.7335
98 144 35.0036 0.84 100.0 449.44 556.38 1362.26 1126.13 5.48 8.0 194.66 2223.15 8367.56 1.02 42.03 183.5 2388.25 8082.33 9.3418 0.02 333 2223 100.0 14.76 8.9824
98 145 19.998 0.7 100.0 491.19 606.68 1483.15 1248.95 9.35 13.65 335.18 2324.03 8734.8 1.08 44.29 315.28 2388.21 8073.73 9.1786 0.02 366 2324 100.0 24.54 14.6831
98 146 0.0005 0.0 100.0 518.67 642.74 1595.05 1402.14 14.62 21.61 554.3 2388.04 9070.05 1.3 47.41 521.84 2388.05 8150.01 8.4165 0.03 392 2388 100.0 38.74 23.3174
98 147 24.9986 0.621 60.0 462.54 536.84 1268.64 1044.76 7.05 9.03 175.05 1915.57 8022.58 0.94 36.73 164.4 2028.46 7885.27 10.8625 0.02 308 1915 84.93 14.37 8.6708
98 148 42.0046 0.84 100.0 445.0 549.38 1358.79 1127.88 3.91 5.71 138.32 2212.06 8341.88 1.02 42.16 130.86 2388.25 8097.41 9.3756 0.02 332 2212 100.0 10.53 6.3034
98 149 20.0022 0.7 100.0 491.19 606.84 1490.7 1243.53 9.35 13.65 334.63 2324.0 8739.74 1.08 44.22 314.64 2388.11 8074.84 9.189 0.02 363 2324 100.0 24.48 14.6963
98 150 41.9997 0.8418 100.0 445.0 549.48 1354.41 1131.19 3.91 5.72 138.65 2212.15 8344.52 1.02 41.98 130.01 2388.27 8099.29 9.3433 0.02 331 2212 100.0 10.7 6.2869
98 151 20.0029 0.7015 100.0 491.19 607.81 1486.96 1249.13 9.35 13.65 334.74 2323.99 8735.24 1.08 44.48 315.21 2388.18 8075.51 9.2234 0.02 364 2324 100.0 24.45 14.6986
98 152 42.0059 0.8406 100.0 445.0 549.89 1347.67 1130.71 3.91 5.72 138.69 2212.18 8343.84 1.02 42.11 130.86 2388.32 8095.24 9.3558 0.02 330 2212 100.0 10.52 6.2401
98 153 42.005 0.84 100.0 445.0 549.11 1352.53 1129.81 3.91 5.72 138.23 2212.17 8342.9 1.02 42.16 130.28 2388.27 8100.73 9.3445 0.02 331 2212 100.0 10.83 6.3279
98 154 10.0 0.2514 100.0 489.05 604.71 1504.96 1304.09 10.52 15.49 393.65 2318.92 8797.79 1.26 45.48 371.87 2388.05 8146.11 8.6734 0.03 371 2319 100.0 28.46 17.1201
98 155 0.0007 0.0 100.0 518.67 643.11 1583.98 1411.02 14.62 21.61 553.67 2388.09 9064.36 1.3 47.41 522.0 2388.01 8150.97 8.4543 0.03 393 2388 100.0 39.14 23.294
98 156 35.0039 0.84 100.0 449.44 556.3 1365.59 1133.96 5.48 8.0 194.1 2223.25 8361.84 1.02 41.86 183.8 2388.33 8080.38 9.3164 0.02 333 2223 100.0 14.91 8.8887
98 157 10.005 0.25 100.0 489.05 605.14 1503.15 1310.29 10.52 15.49 394.85 2318.89 8799.96 1.26 45.24 371.79 2388.15 8150.85 8.6656 0.03 369 2319 100.0 28.56 17.1429
98 158 42.0068 0.84 100.0 445.0 549.24 1361.4 1123.67 3.91 5.72 138.39 2212.14 8339.63 1.02 42.03 131.22 2388.32 8095.81 9.3267 0.02 331 2212 100.0 10.66 6.3672
98 159 0.0001 0.0 100.0 518.67 643.0 1589.45 1412.97 14.62 21.61 554.02 2388.05 9079.65 1.3 47.59 521.6 2388.04 8151.86 8.4446 0.03 393 2388 100.0 38.81 23.3019
98 160 10.0035 0.2507 100.0 489.05 604.67 1507.36 1313.2 10.52 15.49 394.96 2318.9 8796.9 1.26 45.52 371.49 2388.13 8150.93 8.6671 0.03 370 2319 100.0 28.57 17.146
98 161 0.002 0.0 100.0 518.67 642.37 1585.55 1411.7 14.62 21.61 553.42 2388.09 9074.28 1.3 47.52 521.77 2388.07 8150.27 8.4077 0.03 393 2388 100.0 38.99 23.3248
98 162 10.0027 0.252 100.0 489.05 605.1 1501.21 1309.09 10.52 15.49 394.34 2318.91 8801.07 1.26 45.3 371.38 2388.16 8145.79 8.661 0.03 369 2319 100.0 28.49 17.2677
98 163 25.0051 0.62 60.0 462.54 537.06 1260.71 1048.83 7.05 9.03 175.11 1915.62 8036.73 0.94 36.65 164.96 2028.53 7892.18 10.8894 0.02 307 1915 84.93 14.26 8.5421
98 164 35.0007 0.84 100.0 449.44 555.53 1364.57 1132.52 5.48 8.0 194.97 2223.25 8373.44 1.02 41.94 182.85 2388.39 8084.91 9.296 0.02 335 2223 100.0 14.98 8.9571
98 165 20.0034 0.7 100.0 491.19 608.26 1485.56 1247.94 9.35 13.66 335.1 2324.06 8736.74 1.08 44.33 315.49 2388.15 8077.27 9.2389 0.02 365 2324 100.0 24.58 14.7326
98 166 10.007 0.2518 100.0 489.05 604.98 1501.64 1305.67 10.52 15.49 394.32 2318.93 8794.89 1.26 45.35 371.26 2388.11 8157.28 8.6803 0.03 370 2319 100.0 28.53 17.0745
98 167 42.0077 0.84 100.0 445.0 549.02 1352.14 1131.1 3.91 5.71 138.56 2212.25 8343.3 1.02 42.24 130.31 2388.36 8106.94 9.3144 0.02 332 2212 100.0 10.64 6.2751
98 168 10.0019 0.2516 100.0 489.05 604.99 1496.47 1305.07 10.52 15.49 394.44 2318.92 8791.24 1.26 45.36 371.83 2388.12 8146.34 8.6603 0.03 369 2319 100.0 28.45 17.1248
98 169 25.0004 0.6203 60.0 462.54 536.78 1254.75 1046.91 7.05 9.03 175.37 1915.57 8021.1 0.94 36.53 164.58 2028.52 7888.13 10.9135 0.02 307 1915 84.93 14.21 8.6137
98 170 25.0048 0.62 60.0 462.54 536.79 1271.64 1049.51 7.05 9.03 175.41 1915.66 8026.73 0.94 36.78 164.27 2028.58 7887.21 10.8904 0.02 305 1915 84.93 14.28 8.63
98 171 35.0046 0.84 100.0 449.44 556.08 1362.6 1138.18 5.48 8.0 194.56 2223.31 8372.23 1.02 41.95 183.51 2388.4 8089.2 9.3353 0.02 335 2223 100.0 14.84 8.8178
98 172 42.0025 0.84 100.0 445.0 550.34 1351.72 1132.75 3.91 5.72 138.56 2212.26 8344.88 1.02 42.11 131.03 2388.41 8104.9 9.3715 0.02 332 2212 100.0 10.62 6.3061
98 173 0.003 0.0 100.0 518.67 642.41 1587.86 1411.47 14.62 21.61 554.35 2388.05 9080.94 1.3 47.54 521.15 2388.06 8157.98 8.4253 0.03 393 2388 100.0 38.85 23.2246
98 174 9.9988 0.2502 100.0 489.05 605.21 1501.25 1307.96 10.52 15.49 394.29 2318.94 8801.38 1.26 45.32 371.82 2388.15 8154.95 8.7028 0.03 369 2319 100.0 28.67 17.0121
98 175 19.9996 0.7015 100.0 491.19 607.71 1482.74 1252.63 9.35 13.66 334.32 2324.11 8746.74 1.08 44.48 314.94 2388.28 8088.08 9.2025 0.02 365 2324 100.0 24.7 14.5738
98 176 0.0015 0.0 100.0 518.67 642.85 1592.84 1414.59 14.62 21.61 554.26 2388.11 9087.5 1.3 47.34 521.78 2388.07 8162.46 8.4676 0.03 394 2388 100.0 38.73 23.3115
98 177 20.0041 0.7017 100.0 491.19 607.69 1484.04 1250.22 9.35 13.66 334.27 2324.15 8747.48 1.08 44.38 314.87 2388.29 8082.16 9.2222 0.02 367 2324 100.0 24.65 14.6397
98 178 42.0034 0.84 100.0 445.0 549.82 1347.52 1124.63 3.91 5.71 139.01 2212.38 8345.13 1.02 42.18 130.93 2388.49 8113.15 9.362 0.02 331 2212 100.0 10.48 6.3867
98 179 20.0016 0.7014 100.0 491.19 607.66 1491.24 1254.71 9.35 13.66 335.16 2324.09 8749.54 1.08 44.6 314.61 2388.32 8087.51 9.2271 0.02 365 2324 100.0 24.54 14.6351
98 180 35.0057 0.8418 100.0 449.44 555.87 1365.87 1137.19 5.48 8.0 194.94 2223.38 8378.95 1.02 42.09 183.43 2388.52 8090.61 9.3045 0.02 335 2223 100.0 14.83 9.0228
98 181 0.0005 0.0006 100.0 518.67 642.77 1595.45 1410.41 14.62 21.61 553.67 2388.06 9083.0 1.3 47.22 521.32 2388.05 8161.06 8.4462 0.03 393 2388 100.0 38.87 23.2693
98 182 41.9981 0.841 100.0 445.0 549.75 1358.42 1130.96 3.91 5.72 138.33 2212.4 8354.77 1.02 42.34 130.73 2388.49 8109.36 9.3527 0.02 333 2212 100.0 10.77 6.2733
98 183 0.0007 0.0014 100.0 518.67 642.67 1585.73 1407.7 14.62 21.61 553.74 2388.05 9093.75 1.3 47.63 521.45 2388.03 8168.59 8.4507 0.03 392 2388 100.0 38.72 23.3196
98 184 42.0039 0.84 100.0 445.0 549.48 1348.23 1129.05 3.91 5.72 138.41 2212.43 8352.67 1.02 42.23 130.66 2388.51 8109.21 9.345 0.02 332 2212 100.0 10.58 6.2672
98 185 35.0062 0.84 100.0 449.44 556.2 1362.28 1127.74 5.48 8.0 194.66 2223.4 8379.22 1.02 42.19 183.63 2388.53 8092.32 9.3567 0.02 335 2223 100.0 14.91 8.8505
98 186 20.0009 0.7009 100.0 491.19 607.54 1491.33 1254.16 9.35 13.66 334.45 2324.16 8766.64 1.07 44.57 314.48 2388.27 8094.42 9.2598 0.02 364 2324 100.0 24.54 14.5761
98 187 20.0024 0.7 100.0 491.19 607.27 1485.61 1248.76 9.35 13.66 334.5 2324.13 8753.7 1.08 44.48 314.62 2388.31 8087.42 9.2619 0.02 366 2324 100.0 24.51 14.6833
98 188 42.0023 0.8401 100.0 445.0 549.47 1353.64 1127.82 3.91 5.72 138.68 2212.46 8352.74 1.02 42.05 130.01 2388.65 8120.18 9.3758 0.02 332 2212 100.0 10.62 6.2988
98 189 34.9982 0.8403 100.0 449.44 555.81 1368.04 1136.9 5.48 8.0 194.44 2223.49 8387.08 1.02 42.14 183.52 2388.64 8100.59 9.3637 0.02 333 2223 100.0 14.64 8.9151
98 190 42.0001 0.84 100.0 445.0 550.16 1358.99 1121.93 3.91 5.72 139.14 2212.49 8354.56 1.02 42.09 130.26 2388.61 8112.8 9.348 0.02 331 2212 100.0 10.48 6.2743
98 191 35.0014 0.8408 100.0 449.44 556.19 1372.43 1135.48 5.48 8.0 194.72 2223.52 8383.84 1.02 41.88 183.05 2388.67 8098.63 9.3294 0.02 335 2223 100.0 14.81 8.7855
98 192 41.9992 0.8407 100.0 445.0 549.92 1350.98 1130.56 3.91 5.72 138.63 2212.5 8356.98 1.02 42.2 130.77 2388.6 8113.47 9.3735 0.02 332 2212 100.0 10.61 6.3805
98 193 10.0021 0.25 100.0 489.05 604.68 1497.85 1308.47 10.52 15.5 394.49 2319.0 8815.28 1.26 45.52 371.79 2388.18 8157.67 8.6628 0.03 370 2319 100.0 28.52 17.1093
98 194 20.0015 0.7004 100.0 491.19 607.59 1482.52 1259.34 9.35 13.66 333.86 2324.16 8760.75 1.08 44.32 315.58 2388.3 8089.9 9.2552 0.02 365 2324 100.0 24.39 14.508
98 195 42.004 0.8401 100.0 445.0 550.33 1356.39 1131.69 3.91 5.72 138.51 2212.49 8365.27 1.02 42.32 130.32 2388.65 8115.14 9.3844 0.02 332 2212 100.0 10.68 6.3239
98 196 25.0063 0.62 60.0 462.54 537.0 1262.55 1053.77 7.05 9.03 175.13 1915.89 8039.81 0.94 36.91 164.64 2028.91 7902.0 10.9817 0.02 310 1915 84.93 14.22 8.4847
98 197 41.9988 0.8402 100.0 445.0 549.85 1354.84 1127.98 3.91 5.72 138.64 2212.57 8364.08 1.02 42.19 130.16 2388.67 8122.19 9.3655 0.02 332 2212 100.0 10.65 6.4036
98 198 42.0011 0.84 100.0 445.0 549.94 1354.45 1139.69 3.91 5.72 138.83 2212.58 8359.86 1.02 42.22 130.61 2388.72 8120.8 9.3939 0.02 330 2212 100.0 10.53 6.2348
98 199 35.0069 0.84 100.0 449.44 556.13 1364.83 1134.74 5.48 8.0 194.03 2223.57 8389.09 1.02 42.14 182.63 2388.67 8101.9 9.3132 0.02 336 2223 100.0 14.79 8.9677
98 200 42.0028 0.8402 100.0 445.0 549.78 1358.65 1125.03 3.91 5.72 138.95 2212.6 8365.27 1.02 42.08 131.23 2388.65 8122.69 9.3891 0.02 332 2212 100.0 10.66 6.3282
98 201 35.0079 0.8412 100.0 449.44 555.68 1370.39 1133.88 5.48 8.0 194.8 2223.63 8390.49 1.02 41.94 183.53 2388.83 8100.67 9.3718 0.02 334 2223 100.0 14.93 8.8252
98 202 0.0 0.0016 100.0 518.67 643.22 1588.16 1405.53 14.62 21.61 553.26 2388.11 9096.66 1.3 47.57 521.2 2388.08 8179.07 8.4662 0.03 393 2388 100.0 38.8 23.2702
98 203 34.9998 0.84 100.0 449.44 556.21 1364.44 1135.32 5.48 8.0 193.51 2223.68 8400.98 1.02 42.14 183.18 2388.79 8109.93 9.3344 0.02 337 2223 100.0 14.91 8.7863
98 204 10.0043 0.25 100.0 489.05 605.52 1502.31 1316.87 10.52 15.5 393.71 2319.02 8824.08 1.26 45.52 371.0 2388.18 8170.81 8.6506 0.03 372 2319 100.0 28.43 16.9087
98 205 34.9996 0.84 100.0 449.44 556.25 1368.32 1136.16 5.48 8.0 194.32 2223.68 8386.58 1.02 42.0 183.2 2388.83 8107.24 9.3803 0.02 337 2223 100.0 14.84 8.975
98 206 25.0049 0.6214 60.0 462.54 537.0 1274.38 1048.17 7.05 9.03 175.42 1916.05 8044.91 0.94 36.85 164.65 2028.97 7908.84 10.9504 0.02 308 1915 84.93 14.4 8.6355
98 207 10.0056 0.25 100.0 489.05 605.59 1496.7 1324.53 10.52 15.5 393.76 2318.97 8833.54 1.26 45.63 371.29 2388.21 8172.93 8.6458 0.03 371 2319 100.0 28.48 17.0442
98 208 35.0076 0.8413 100.0 449.44 556.16 1370.45 1133.27 5.48 8.0 194.54 2223.76 8403.8 1.02 42.11 182.86 2388.93 8111.66 9.3866 0.02 335 2223 100.0 14.68 8.9193
98 209 42.0045 0.8404 100.0 445.0 549.85 1369.11 1137.85 3.91 5.72 137.92 2212.71 8371.24 1.03 42.17 131.24 2388.83 8139.52 9.4123 0.02 332 2212 100.0 10.54 6.354
98 210 42.0041 0.84 100.0 445.0 550.31 1365.28 1130.23 3.91 5.72 138.47 2212.76 8373.08 1.02 42.17 130.91 2388.87 8131.66 9.3846 0.02 333 2212 100.0 10.71 6.3215
98 211 42.0066 0.84 100.0 445.0 549.58 1361.46 1135.97 3.91 5.72 138.01 2212.78 8375.25 1.02 42.38 130.11 2388.88 8137.85 9.3747 0.02 333 2212 100.0 10.58 6.3092
98 212 35.0048 0.84 100.0 449.44 556.09 1377.06 1136.78 5.48 8.01 193.68 2223.84 8404.32 1.02 42.13 182.6 2388.92 8108.12 9.3622 0.02 336 2223 100.0 14.72 8.8678
98 213 34.999 0.84 100.0 449.44 556.38 1374.66 1130.77 5.48 8.0 194.9 2223.78 8399.08 1.02 41.96 183.21 2388.93 8107.19 9.3607 0.02 334 2223 100.0 14.78 8.7978
98 214 0.0027 0.0019 100.0 518.67 643.37 1595.64 1415.03 14.62 21.61 552.72 2388.0 9118.49 1.3 47.65 521.35 2388.06 8186.9 8.5111 0.03 393 2388 100.0 38.63 23.2127
98 215 0.0022 0.0 100.0 518.67 642.69 1594.75 1409.37 14.62 21.61 552.76 2388.13 9109.44 1.3 47.91 521.12 2388.1 8194.04 8.4652 0.03 395 2388 100.0 38.77 23.1706
98 216 42.0033 0.84 100.0 445.0 550.82 1360.25 1134.88 3.91 5.72 139.54 2212.82 8377.71 1.02 42.36 130.09 2388.9 8131.89 9.3962 0.02 334 2212 100.0 10.57 6.3252
98 217 0.0006 0.0 100.0 518.67 642.47 1598.99 1423.73 14.62 21.61 553.05 2388.08 9121.01 1.3 47.82 521.51 2388.08 8184.61 8.4575 0.03 396 2388 100.0 38.65 23.2859
98 218 9.9983 0.25 100.0 489.05 605.17 1510.38 1317.75 10.52 15.5 393.92 2319.04 8837.51 1.26 45.6 370.73 2388.25 8180.08 8.7114 0.03 371 2319 100.0 28.44 17.1544
98 219 25.0068 0.62 60.0 462.54 537.53 1275.08 1061.27 7.05 9.03 175.38 1916.25 8054.84 0.94 37.11 163.84 2029.16 7916.87 10.9694 0.02 309 1915 84.93 14.24 8.557
98 220 0.0007 0.0017 100.0 518.67 643.45 1596.17 1414.74 14.62 21.61 552.73 2388.1 9119.85 1.3 47.88 520.8 2388.14 8188.77 8.4771 0.03 397 2388 100.0 38.66 23.1271
98 221 20.0022 0.7 100.0 491.19 607.67 1497.94 1262.73 9.35 13.66 334.69 2324.45 8789.22 1.07 44.56 314.69 2388.58 8116.27 9.2707 0.03 368 2324 100.0 24.4 14.5318
98 222 20.0079 0.7006 100.0 491.19 608.16 1492.0 1258.81 9.35 13.66 333.62 2324.35 8787.82 1.07 44.7 314.64 2388.61 8121.86 9.3128 0.02 368 2324 100.0 24.34 14.5487
98 223 41.9993 0.8401 100.0 445.0 550.27 1358.68 1132.03 3.91 5.72 138.61 2212.95 8393.8 1.02 42.39 131.11 2389.1 8142.8 9.3674 0.02 332 2212 100.0 10.58 6.3207
98 224 42.001 0.84 100.0 445.0 550.45 1359.07 1146.63 3.91 5.72 139.27 2212.94 8389.24 1.03 42.57 130.4 2389.12 8144.94 9.3767 0.02 333 2212 100.0 10.67 6.3313
98 225 25.0024 0.6206 60.0 462.54 537.31 1261.66 1056.09 7.05 9.03 175.55 1916.35 8066.77 0.94 37.05 164.29 2029.3 7924.33 10.9754 0.02 311 1915 84.93 14.12 8.5145
98 226 0.0017 0.0 100.0 518.67 643.77 1599.64 1418.02 14.62 21.61 552.65 2388.07 9131.79 1.3 47.73 520.88 2388.14 8198.85 8.4947 0.03 396 2388 100.0 38.55 23.3117
98 227 0.0006 0.001 100.0 518.67 643.46 1597.5 1417.36 14.62 21.61 552.71 2388.13 9125.63 1.3 47.78 520.72 2388.13 8199.56 8.4756 0.03 395 2388 100.0 38.67 23.0837
98 228 10.0012 0.25 100.0 489.05 605.76 1514.43 1329.67 10.52 15.5 393.93 2319.05 8848.61 1.26 45.74 370.87 2388.28 8195.18 8.7135 0.03 371 2319 100.0 28.47 17.0558
98 229 0.0004 0.0 100.0 518.67 643.19 1601.68 1420.83 14.62 21.61 552.34 2388.15 9128.58 1.3 47.91 520.52 2388.17 8199.49 8.4598 0.03 396 2388 100.0 38.64 23.1907
98 230 20.0027 0.7 100.0 491.19 608.09 1496.3 1261.1 9.35 13.66 334.68 2324.55 8801.66 1.07 44.58 314.29 2388.7 8125.14 9.3336 0.03 368 2324 100.0 24.47 14.505
98 231 24.9999 0.6201 60.0 462.54 537.13 1264.95 1052.61 7.05 9.03 175.1 1916.5 8076.13 0.94 36.97 164.08 2029.45 7933.17 10.9727 0.02 309 1915 84.93 14.38 8.4403
98 232 10.0023 0.25 100.0 489.05 605.5 1517.69 1320.04 10.52 15.5 393.58 2319.09 8856.11 1.26 45.97 371.38 2388.34 8197.22 8.7361 0.03 372 2319 100.0 28.1 17.1432
98 233 10.0039 0.2513 100.0 489.05 605.85 1511.24 1323.73 10.52 15.5 393.13 2319.11 8856.25 1.26 46.03 371.39 2388.36 8199.99 8.6998 0.03 373 2319 100.0 28.35 16.8986
98 234 42.0061 0.84 100.0 445.0 550.68 1366.57 1146.82 3.91 5.72 138.33 2213.16 8405.6 1.03 42.71 130.42 2389.32 8158.06 9.3928 0.02 334 2212 100.0 10.39 6.2115
98 235 25.0005 0.62 60.0 462.54 537.42 1272.0 1055.79 7.05 9.03 176.12 1916.58 8079.98 0.94 37.03 164.05 2029.55 7936.38 11.0027 0.02 309 1915 84.93 14.16 8.498
98 236 42.0 0.8412 100.0 445.0 550.44 1370.74 1149.47 3.91 5.72 139.08 2213.22 8412.9 1.03 42.62 130.85 2389.41 8163.84 9.3765 0.02 335 2212 100.0 10.54 6.3554
98 237 25.0018 0.62 60.0 462.54 537.67 1279.09 1063.82 7.05 9.03 175.19 1916.6 8076.84 0.94 37.09 163.42 2029.57 7940.2 11.0324 0.02 309 1915 84.93 14.04 8.4899
98 238 10.0037 0.25 100.0 489.05 605.95 1509.35 1326.26 10.52 15.5 392.63 2319.15 8869.59 1.26 45.91 370.25 2388.39 8209.66 8.7729 0.03 373 2319 100.0 28.25 16.9989
98 239 10.0044 0.25 100.0 489.05 605.46 1509.3 1326.49 10.52 15.5 394.11 2319.14 8874.45 1.26 45.92 370.4 2388.33 8206.49 8.7905 0.03 373 2319 100.0 28.38 16.9593
98 240 25.0065 0.62 60.0 462.54 537.49 1271.48 1063.78 7.05 9.03 174.84 1916.74 8089.66 0.94 37.29 164.2 2029.69 7941.6 11.0073 0.02 309 1915 84.93 14.23 8.525
98 241 19.9992 0.7 100.0 491.19 608.71 1499.11 1262.81 9.35 13.66 333.71 2324.66 8816.01 1.07 44.87 314.43 2388.85 8146.92 9.3043 0.03 368 2324 100.0 24.1 14.5356
98 242 25.0076 0.6203 60.0 462.54 538.29 1276.22 1066.97 7.05 9.03 174.79 1916.75 8094.07 0.94 37.08 164.35 2029.74 7948.03 11.0135 0.02 311 1915 84.93 14.23 8.4183
98 243 35.0068 0.8403 100.0 449.44 556.68 1379.13 1148.49 5.48 8.01 195.12 2224.53 8452.23 1.02 42.39 182.83 2389.73 8152.91 9.4161 0.02 336 2223 100.0 14.71 8.8122
98 244 35.0039 0.8413 100.0 449.44 556.34 1381.95 1149.66 5.48 8.01 195.0 2224.54 8454.55 1.02 42.4 182.41 2389.75 8152.77 9.4196 0.02 337 2223 100.0 14.69 8.6988
98 245 10.0066 0.25 100.0 489.05 605.81 1517.91 1331.66 10.52 15.5 392.92 2319.17 8883.59 1.26 46.01 370.33 2388.41 8224.15 8.7439 0.03 372 2319 100.0 28.14 16.9502
