99 1 0.0011 0.0005 100.0 518.67 641.69 1586.17 1391.14 14.62 21.61 554.09 2388.03 9064.32 1.3 47.41 522.65 2388.06 8131.23 8.4038 0.03 391 2388 100.0 39.01 23.4007
99 2 0.0004 0.0001 100.0 518.67 641.93 1588.58 1402.26 14.62 21.61 554.39 2388.08 9053.22 1.3 47.25 521.61 2388.06 8132.7 8.4303 0.03 392 2388 100.0 39.05 23.422
99 3 0.0005 0.0002 100.0 518.67 642.21 1588.22 1404.55 14.62 21.61 554.26 2388.08 9056.56 1.3 47.3 522.55 2388.02 8132.44 8.4122 0.03 391 2388 100.0 39.0 23.4059
99 4 -0.0021 -0.0003 100.0 518.67 642.49 1587.64 1394.6 14.62 21.61 554.43 2388.06 9060.9 1.3 47.28 521.86 2388.07 8133.19 8.3839 0.03 391 2388 100.0 39.15 23.3759
99 5 0.0008 0.0002 100.0 518.67 642.25 1583.02 1403.49 14.62 21.61 554.19 2388.02 9052.97 1.3 47.18 521.95 2388.06 8132.3 8.4181 0.03 392 2388 100.0 38.98 23.3824
99 6 0.0033 -0.0004 100.0 518.67 641.46 1586.64 1401.9 14.62 21.61 554.11 2388.02 9055.16 1.3 47.15 522.38 2388.04 8140.25 8.3751 0.03 390 2388 100.0 38.85 23.4206
99 7 -0.0032 -0.0001 100.0 518.67 642.02 1584.95 1407.88 14.62 21.6 553.74 2388.02 9054.7 1.3 47.31 522.31 2388.07 8133.85 8.442 0.03 392 2388 100.0 39.11 23.4092
99 8 0.0002 -0.0005 100.0 518.67 642.68 1587.4 1391.01 14.62 21.61 554.67 2388.02 9054.3 1.3 47.45 521.96 2388.05 8140.33 8.4213 0.03 393 2388 100.0 39.09 23.3394
99 9 -0.0003 0.0004 100.0 518.67 642.18 1577.83 1402.74 14.62 21.61 553.46 2388.07 9058.03 1.3 47.3 521.87 2388.06 8136.49 8.3787 0.03 392 2388 100.0 38.92 23.4099
99 10 0.0021 0.0003 100.0 518.67 641.89 1584.64 1394.87 14.62 21.61 554.12 2388.02 9053.56 1.3 47.32 521.73 2388.05 8139.55 8.4089 0.03 391 2388 100.0 39.08 23.3028
99 11 0.0026 -0.0003 100.0 518.67 641.78 1584.18 1402.93 14.62 21.61 553.77 2388.03 9057.11 1.3 47.3 521.93 2388.08 8141.6 8.401 0.03 392 2388 100.0 38.85 23.3946
99 12 0.0004 0.0003 100.0 518.67 642.19 1586.32 1400.37 14.62 21.61 554.19 2388.04 9053.93 1.3 47.24 522.31 2388.04 8137.03 8.3713 0.03 392 2388 100.0 38.95 23.348
99 13 0.0024 -0.0003 100.0 518.67 642.61 1582.63 1401.53 14.62 21.61 554.26 2388.05 9057.7 1.3 47.26 522.52 2388.05 8143.03 8.4046 0.03 392 2388 100.0 39.04 23.398
99 14 0.0006 -0.0005 100.0 518.67 642.35 1586.21 1405.73 14.62 21.61 554.01 2388.1 9056.64 1.3 47.06 522.65 2388.08 8136.98 8.4146 0.03 393 2388 100.0 38.98 23.3352
99 15 0.0031 0.0003 100.0 518.67 643.11 1580.86 1397.06 14.62 21.61 554.61 2388.08 9057.25 1.3 47.2 521.97 2388.08 8137.24 8.4288 0.03 394 2388 100.0 38.99 23.4502
99 16 0.0018 0.0003 100.0 518.67 641.85 1581.41 1408.72 14.62 21.61 553.65 2388.05 9061.91 1.3 47.44 521.72 2388.06 8138.45 8.3972 0.03 393 2388 100.0 38.91 23.3309
99 17 -0.0022 -0.0004 100.0 518.67 642.31 1583.0 1400.57 14.62 21.61 553.56 2388.0 9056.2 1.3 47.2 522.55 2387.99 8131.89 8.3898 0.03 392 2388 100.0 38.89 23.4659
99 18 -0.0021 0.0004 100.0 518.67 642.6 1583.21 1405.55 14.62 21.61 554.18 2388.03 9050.81 1.3 47.17 521.82 2387.99 8138.21 8.4418 0.03 392 2388 100.0 39.0 23.3785
99 19 -0.0003 -0.0002 100.0 518.67 642.56 1583.55 1401.88 14.62 21.61 554.19 2388.09 9047.98 1.3 47.28 521.87 2388.04 8133.32 8.3837 0.03 393 2388 100.0 39.01 23.3041
99 20 -0.0025 -0.0004 100.0 518.67 642.38 1580.21 1398.14 14.62 21.61 553.91 2388.0 9051.56 1.3 47.37 522.32 2388.06 8137.24 8.378 0.03 391 2388 100.0 38.9 23.3528
99 21 -0.0023 -0.0005 100.0 518.67 642.46 1589.27 1401.16 14.62 21.61 554.25 2388.04 9059.85 1.3 47.16 522.05 2388.03 8138.26 8.3895 0.03 391 2388 100.0 39.13 23.3479
99 22 -0.0005 0.0004 100.0 518.67 642.19 1586.16 1404.0 14.62 21.61 554.22 2388.05 9058.75 1.3 47.24 522.27 2388.04 8133.68 8.4273 0.03 392 2388 100.0 39.04 23.386
99 23 0.0004 -0.0004 100.0 518.67 642.26 1583.33 1405.54 14.62 21.61 554.78 2388.02 9057.64 1.3 47.45 522.24 2388.13 8136.55 8.3916 0.03 392 2388 100.0 39.07 23.3914
99 24 -0.0018 0.0005 100.0 518.67 642.16 1581.29 1401.38 14.62 21.61 553.11 2388.08 9050.28 1.3 47.06 522.21 2388.03 8133.8 8.3879 0.03 393 2388 100.0 38.99 23.454
99 25 -0.0009 0.0004 100.0 518.67 642.1 1589.73 1394.99 14.62 21.61 553.33 2388.13 9056.55 1.3 47.36 522.05 2388.06 8136.86 8.414 0.03 391 2388 100.0 39.07 23.3418
99 26 -0.0018 0.0002 100.0 518.67 642.18 1591.84 1398.46 14.62 21.61 554.65 2388.04 9050.27 1.3 47.26 521.77 2388.07 8139.01 8.3824 0.03 392 2388 100.0 38.85 23.3222
99 27 -0.0036 0.0001 100.0 518.67 642.5 1587.57 1401.83 14.62 21.61 554.21 2388.02 9053.71 1.3 47.22 521.89 2388.0 8140.69 8.4322 0.03 392 2388 100.0 38.94 23.3923
99 28 -0.0014 0.0003 100.0 518.67 642.21 1582.97 1392.53 14.62 21.61 554.44 2388.02 9057.51 1.3 47.31 522.3 2388.08 8136.24 8.3945 0.03 392 2388 100.0 39.18 23.2712
99 29 -0.0016 0.0 100.0 518.67 642.15 1594.17 1399.51 14.62 21.61 554.0 2388.08 9051.46 1.3 47.23 522.14 2388.03 8136.91 8.4036 0.03 391 2388 100.0 38.96 23.3564
99 30 0.0013 -0.0 100.0 518.67 642.1 1586.84 1402.89 14.62 21.61 554.15 2388.07 9057.65 1.3 47.08 522.37 2388.08 8139.75 8.4196 0.03 392 2388 100.0 39.02 23.3313
99 31 0.0004 0.0003 100.0 518.67 642.81 1580.48 1400.89 14.62 21.61 553.88 2388.03 9054.22 1.3 47.17 521.6 2388.07 8142.22 8.4381 0.03 393 2388 100.0 38.79 23.3038
99 32 -0.0015 0.0002 100.0 518.67 642.29 1581.47 1401.43 14.62 21.61 553.85 2388.09 9056.37 1.3 47.37 521.9 2388.1 8133.84 8.439 0.03 393 2388 100.0 39.0 23.3889
99 33 -0.003 0.0004 100.0 518.67 642.7 1584.69 1406.07 14.62 21.61 553.19 2388.01 9055.64 1.3 47.19 522.08 2388.03 8142.88 8.4019 0.03 392 2388 100.0 38.97 23.452
99 34 -0.0017 0.0 100.0 518.67 642.43 1587.55 1398.13 14.62 21.61 554.41 2388.09 9053.68 1.3 47.42 521.84 2388.03 8138.06 8.4312 0.03 392 2388 100.0 39.01 23.307
99 35 0.0003 -0.0004 100.0 518.67 642.67 1582.74 1399.51 14.62 21.61 553.63 2388.07 9057.53 1.3 47.44 522.17 2388.05 8137.87 8.4283 0.03 393 2388 100.0 38.86 23.4327
99 36 -0.0018 -0.0002 100.0 518.67 641.75 1582.24 1403.9 14.62 21.61 554.96 2388.06 9053.59 1.3 47.43 522.62 2388.04 8138.2 8.4303 0.03 394 2388 100.0 38.96 23.452
99 37 -0.0015 -0.0001 100.0 518.67 642.38 1583.16 1400.86 14.62 21.61 554.19 2388.06 9061.12 1.3 47.38 522.68 2388.0 8134.8 8.3941 0.03 392 2388 100.0 38.88 23.3606
99 38 -0.001 -0.0002 100.0 518.67 642.13 1584.93 1408.46 14.62 21.61 555.07 2388.02 9063.85 1.3 47.22 522.75 2388.03 8139.57 8.4062 0.03 393 2388 100.0 39.17 23.3277
99 39 -0.0009 0.0003 100.0 518.67 642.26 1582.63 1399.6 14.62 21.61 555.03 2388.01 9060.91 1.3 47.21 521.81 2388.06 8139.83 8.3901 0.03 392 2388 100.0 38.95 23.3281
99 40 0.0013 0.0002 100.0 518.67 642.02 1589.95 1400.82 14.62 21.61 554.32 2388.0 9057.69 1.3 47.35 522.12 2388.02 8136.75 8.4319 0.03 391 2388 100.0 38.9 23.3708
99 41 0.0036 -0.0002 100.0 518.67 641.88 1588.07 1402.1 14.62 21.6 554.14 2388.11 9054.4 1.3 47.4 522.22 2388.07 8139.82 8.3759 0.03 392 2388 100.0 38.78 23.4523
99 42 0.0037 -0.0001 100.0 518.67 642.26 1586.81 1409.67 14.62 21.61 554.37 2388.06 9054.48 1.3 47.26 522.41 2388.08 8136.51 8.4311 0.03 393 2388 100.0 38.92 23.3913
99 43 -0.0001 -0.0003 100.0 518.67 642.08 1583.88 1395.34 14.62 21.61 554.02 2388.1 9058.25 1.3 47.34 522.02 2388.05 8135.4 8.4287 0.03 393 2388 100.0 39.01 23.3901
99 44 -0.0013 -0.0004 100.0 518.67 642.73 1581.72 1404.9 14.62 21.61 553.98 2388.06 9053.88 1.3 47.28 522.12 2388.05 8138.15 8.4027 0.03 392 2388 100.0 38.88 23.4643
99 45 -0.0012 -0.0001 100.0 518.67 642.33 1586.14 1402.87 14.62 21.61 554.17 2388.07 9058.63 1.3 47.28 522.04 2388.07 8141.55 8.3991 0.03 392 2388 100.0 38.87 23.3812
99 46 0.0 0.0002 100.0 518.67 642.57 1591.82 1406.86 14.62 21.61 553.98 2388.06 9059.5 1.3 47.24 522.09 2388.04 8140.39 8.4285 0.03 392 2388 100.0 38.99 23.2691
99 47 -0.0018 0.0 100.0 518.67 642.13 1586.01 1398.52 14.62 21.61 554.62 2388.09 9062.04 1.3 47.32 522.5 2388.05 8136.25 8.4356 0.03 393 2388 100.0 39.03 23.3823
99 48 0.0019 0.0003 100.0 518.67 642.26 1584.55 1404.46 14.62 21.61 553.97 2388.05 9055.06 1.3 47.31 521.64 2388.02 8133.88 8.4225 0.03 393 2388 100.0 38.93 23.3093
99 49 0.0003 -0.0004 100.0 518.67 642.68 1584.27 1403.95 14.62 21.61 554.62 2388.05 9057.64 1.3 47.4 521.7 2388.09 8136.28 8.4101 0.03 391 2388 100.0 39.04 23.4054
99 50 -0.0023 -0.0004 100.0 518.67 641.88 1591.72 1400.68 14.62 21.61 554.5 2388.11 9054.98 1.3 47.44 522.24 2388.06 8135.54 8.4188 0.03 391 2388 100.0 38.88 23.3519
99 51 -0.001 0.0003 100.0 518.67 642.63 1591.75 1403.08 14.62 21.61 554.11 2388.08 9054.64 1.3 47.23 522.85 2388.01 8136.06 8.4388 0.03 392 2388 100.0 38.79 23.396
99 52 0.0022 0.0003 100.0 518.67 641.95 1588.5 1397.35 14.62 21.61 553.34 2388.03 9050.36 1.3 47.55 521.63 2388.08 8138.11 8.4234 0.03 392 2388 100.0 38.97 23.249
99 53 -0.002 -0.0001 100.0 518.67 642.77 1587.76 1402.1 14.62 21.61 553.97 2388.06 9061.35 1.3 47.23 522.24 2388.06 8133.26 8.4128 0.03 392 2388 100.0 38.88 23.2709
99 54 -0.0049 0.0004 100.0 518.67 641.99 1589.97 1400.29 14.62 21.61 553.85 2388.05 9059.31 1.3 47.32 521.28 2388.11 8136.75 8.4318 0.03 391 2388 100.0 38.98 23.2592
99 55 -0.001 -0.0002 100.0 518.67 642.44 1586.52 1397.43 14.62 21.61 553.61 2387.97 9054.62 1.3 47.19 522.11 2388.07 8136.4 8.405 0.03 393 2388 100.0 38.9 23.443
99 56 0.0003 0.0005 100.0 518.67 642.09 1590.09 1400.65 14.62 21.61 554.22 2388.07 9063.6 1.3 47.52 521.81 2388.06 8139.41 8.4081 0.03 393 2388 100.0 38.88 23.467
99 57 0.0001 0.0005 100.0 518.67 642.07 1587.02 1401.42 14.62 21.61 553.59 2388.03 9052.5 1.3 47.3 522.29 2388.08 8137.97 8.4146 0.03 391 2388 100.0 38.86 23.4333
99 58 0.0012 0.0003 100.0 518.67 642.76 1589.86 1397.79 14.62 21.61 553.94 2388.01 9052.49 1.3 47.39 521.89 2388.02 8139.52 8.419 0.03 393 2388 100.0 38.9 23.4608
99 59 -0.0014 -0.0 100.0 518.67 642.19 1588.61 1410.52 14.62 21.61 553.36 2388.14 9054.42 1.3 47.34 521.94 2388.03 8134.36 8.4193 0.03 392 2388 100.0 38.72 23.397
99 60 -0.0028 0.0004 100.0 518.67 642.16 1586.33 1402.31 14.62 21.61 554.43 2388.04 9054.04 1.3 47.44 521.61 2388.06 8135.08 8.4072 0.03 393 2388 100.0 39.04 23.3517
99 61 0.0013 -0.0001 100.0 518.67 642.26 1584.33 1399.36 14.62 21.61 554.55 2388.01 9051.48 1.3 47.21 522.12 2388.06 8141.48 8.4131 0.03 393 2388 100.0 38.83 23.395
99 62 0.0003 -0.0002 100.0 518.67 642.42 1599.53 1398.57 14.62 21.61 554.3 2388.02 9063.57 1.3 47.34 522.0 2388.03 8137.2 8.4244 0.03 393 2388 100.0 38.91 23.3605
99 63 0.0008 0.0003 100.0 518.67 642.28 1580.25 1393.6 14.62 21.61 553.37 2388.02 9063.41 1.3 47.47 522.23 2388.05 8143.08 8.4238 0.03 394 2388 100.0 38.97 23.3743
99 64 0.0008 0.0002 100.0 518.67 641.8 1577.12 1395.95 14.62 21.61 553.78 2388.01 9056.64 1.3 47.32 521.66 2388.05 8140.57 8.4413 0.03 392 2388 100.0 39.0 23.4075
99 65 -0.0023 -0.0 100.0 518.67 642.44 1589.66 1406.99 14.62 21.61 554.37 2388.04 9052.37 1.3 47.19 522.25 2388.06 8134.78 8.4222 0.03 392 2388 100.0 39.13 23.4986
99 66 0.0023 -0.0004 100.0 518.67 642.81 1592.3 1398.55 14.62 21.61 554.17 2388.06 9056.93 1.3 47.41 521.87 2388.01 8145.15 8.3689 0.03 391 2388 100.0 39.11 23.3709
99 67 0.0013 0.0 100.0 518.67 642.5 1583.06 1402.83 14.62 21.61 553.15 2388.09 9059.87 1.3 47.15 521.92 2388.04 8134.75 8.4009 0.03 394 2388 100.0 39.03 23.3992
99 68 -0.0018 0.0003 100.0 518.67 642.79 1591.76 1399.98 14.62 21.61 553.68 2388.05 9057.9 1.3 47.17 521.99 2388.05 8128.86 8.3893 0.03 393 2388 100.0 38.98 23.4365
99 69 0.0009 0.0001 100.0 518.67 642.23 1583.23 1403.94 14.62 21.61 554.55 2388.06 9056.31 1.3 47.45 521.61 2388.08 8134.6 8.423 0.03 391 2388 100.0 38.86 23.363
99 70 0.0024 0.0003 100.0 518.67 642.64 1585.1 1396.42 14.62 21.61 553.7 2388.08 9058.42 1.3 47.32 521.5 2388.0 8133.57 8.4078 0.03 392 2388 100.0 38.87 23.3361
99 71 -0.0001 0.0001 100.0 518.67 642.21 1588.34 1405.04 14.62 21.61 554.41 2388.04 9058.36 1.3 47.44 521.66 2388.03 8130.53 8.4073 0.03 392 2388 100.0 39.11 23.4205
99 72 0.0016 0.0 100.0 518.67 642.15 1590.18 1404.94 14.62 21.61 554.76 2388.07 9058.68 1.3 47.29 521.77 2388.05 8135.46 8.3707 0.03 392 2388 100.0 38.93 23.4045
99 73 0.0008 0.0003 100.0 518.67 642.13 1590.01 1403.5 14.62 21.61 553.97 2388.01 9056.24 1.3 47.45 521.9 2388.03 8139.7 8.4189 0.03 393 2388 100.0 39.0 23.2735
99 74 0.0009 0.0001 100.0 518.67 642.56 1586.01 1406.32 14.62 21.61 553.38 2388.03 9056.89 1.3 47.18 522.0 2388.05 8133.04 8.4336 0.03 391 2388 100.0 38.98 23.4097
99 75 0.0006 0.0005 100.0 518.67 642.14 1586.56 1403.68 14.62 21.61 554.16 2388.11 9055.87 1.3 47.14 521.53 2388.05 8140.01 8.3879 0.03 392 2388 100.0 38.85 23.4856
99 76 0.0005 0.0 100.0 518.67 641.72 1590.66 1399.15 14.62 21.61 554.54 2388.06 9060.54 1.3 47.42 521.69 2388.05 8141.56 8.39 0.03 392 2388 100.0 39.04 23.3697
99 77 0.0029 0.0003 100.0 518.67 642.01 1588.38 1401.42 14.62 21.61 555.02 2388.08 9056.92 1.3 47.4 521.92 2388.06 8139.9 8.4333 0.03 393 2388 100.0 38.82 23.3636
99 78 -0.0025 -0.0001 100.0 518.67 642.45 1588.97 1399.74 14.62 21.61 554.55 2388.07 9056.35 1.3 47.36 521.76 2388.05 8141.79 8.4294 0.03 392 2388 100.0 38.99 23.3855
99 79 -0.0025 0.0003 100.0 518.67 642.22 1586.26 1402.84 14.62 21.61 553.7 2388.06 9064.16 1.3 47.3 521.68 2388.09 8145.14 8.4071 0.03 393 2388 100.0 38.82 23.3907
99 80 -0.0034 -0.0003 100.0 518.67 642.66 1584.48 1405.68 14.62 21.61 554.09 2388.07 9053.94 1.3 47.42 521.89 2388.1 8134.92 8.4008 0.03 392 2388 100.0 38.81 23.2832
99 81 0.0031 0.0002 100.0 518.67 642.46 1585.62 1404.45 14.62 21.61 553.66 2388.02 9051.04 1.3 47.3 521.98 2388.07 8140.13 8.4434 0.03 393 2388 100.0 38.88 23.2988
99 82 0.004 0.0 100.0 518.67 642.39 1589.81 1401.18 14.62 21.61 553.91 2388.08 9048.36 1.3 47.39 522.01 2388.04 8141.53 8.4046 0.03 391 2388 100.0 38.97 23.3228
99 83 0.0008 0.0001 100.0 518.67 642.03 1586.95 1403.33 14.62 21.61 553.57 2388.04 9057.63 1.3 47.4 521.94 2388.03 8135.91 8.4222 0.03 394 2388 100.0 39.07 23.3777
99 84 0.0027 0.0003 100.0 518.67 642.6 1587.84 1406.72 14.62 21.61 553.76 2388.06 9053.41 1.3 47.41 522.27 2388.08 8142.88 8.4176 0.03 393 2388 100.0 38.88 23.3038
99 85 -0.0011 -0.0004 100.0 518.67 642.83 1596.34 1416.6 14.62 21.61 553.59 2388.12 9062.86 1.3 47.45 521.4 2388.1 8143.82 8.414 0.03 393 2388 100.0 38.75 23.3077
99 86 -0.0036 0.0002 100.0 518.67 642.57 1590.87 1403.88 14.62 21.61 553.92 2387.98 9064.16 1.3 47.36 521.83 2388.03 8135.04 8.4129 0.03 393 2388 100.0 38.81 23.3359
99 87 -0.0034 -0.0001 100.0 518.67 642.1 1583.11 1400.87 14.62 21.61 553.89 2388.03 9051.89 1.3 47.43 522.09 2388.07 8139.46 8.4363 0.03 393 2388 100.0 38.89 23.3552
99 88 0.0001 -0.0003 100.0 518.67 642.15 1586.41 1407.61 14.62 21.61 553.89 2388.06 9056.19 1.3 47.35 521.94 2388.05 8143.94 8.4136 0.03 392 2388 100.0 39.2 23.2502
99 89 0.0004 0.0002 100.0 518.67 642.54 1580.09 1398.89 14.62 21.61 553.79 2388.13 9059.83 1.3 47.43 521.45 2388.01 8137.67 8.4359 0.03 392 2388 100.0 38.87 23.4736
99 90 -0.0038 0.0002 100.0 518.67 642.51 1590.24 1403.56 14.62 21.61 554.25 2388.05 9059.34 1.3 47.41 522.23 2388.04 8132.05 8.4149 0.03 392 2388 100.0 39.16 23.4668
99 91 0.0021 -0.0003 100.0 518.67 642.77 1589.57 1400.7 14.62 21.61 554.0 2387.97 9053.69 1.3 47.41 521.89 2388.06 8139.02 8.4008 0.03 394 2388 100.0 39.04 23.3295
99 92 0.001 -0.0003 100.0 518.67 642.56 1580.68 1403.9 14.62 21.61 553.44 2388.1 9054.66 1.3 47.43 521.86 2388.04 8138.09 8.4253 0.03 393 2388 100.0 38.87 23.3287
99 93 0.0025 0.0002 100.0 518.67 642.55 1589.25 1402.97 14.62 21.61 553.96 2388.06 9051.24 1.3 47.39 521.89 2388.04 8140.99 8.4355 0.03 393 2388 100.0 38.97 23.2884
99 94 -0.0025 -0.0003 100.0 518.67 643.22 1591.12 1402.43 14.62 21.61 553.71 2388.04 9057.28 1.3 47.33 522.25 2388.04 8137.11 8.4333 0.03 392 2388 100.0 39.05 23.288
99 95 -0.004 0.0002 100.0 518.67 642.23 1591.63 1401.97 14.62 21.61 554.35 2388.07 9063.61 1.3 47.34 521.81 2388.02 8137.58 8.4034 0.03 393 2388 100.0 38.93 23.4009
99 96 -0.0002 -0.0002 100.0 518.67 642.51 1596.06 1406.14 14.62 21.61 554.17 2388.03 9054.24 1.3 47.45 521.55 2388.07 8137.5 8.4015 0.03 393 2388 100.0 38.96 23.3917
99 97 -0.0019 -0.0004 100.0 518.67 642.56 1584.88 1399.62 14.62 21.61 553.95 2388.07 9055.14 1.3 47.25 521.11 2388.08 8140.77 8.4282 0.03 395 2388 100.0 39.01 23.3544
99 98 0.0022 -0.0001 100.0 518.67 642.42 1591.57 1409.28 14.62 21.61 554.38 2388.01 9060.14 1.3 47.49 521.53 2388.03 8137.11 8.4175 0.03 393 2388 100.0 38.87 23.2451
99 99 0.0012 -0.0001 100.0 518.67 642.73 1585.3 1412.48 14.62 21.61 554.4 2388.08 9050.42 1.3 47.4 521.81 2388.1 8131.38 8.4064 0.03 394 2388 100.0 39.04 23.3335
99 100 -0.002 -0.0002 100.0 518.67 642.15 1591.06 1407.6 14.62 21.61 553.65 2388.09 9052.75 1.3 47.47 521.48 2388.12 8139.56 8.4152 0.03 392 2388 100.0 38.91 23.2626
99 101 -0.0013 -0.0 100.0 518.67 642.33 1588.88 1402.33 14.62 21.61 553.59 2388.09 9060.7 1.3 47.56 521.42 2388.1 8145.55 8.4096 0.03 394 2388 100.0 38.89 23.2587
99 102 0.0026 0.0002 100.0 518.67 643.0 1592.56 1404.95 14.62 21.61 553.66 2388.08 9059.93 1.3 47.3 521.16 2388.07 8140.44 8.4199 0.03 393 2388 100.0 38.96 23.4268
99 103 0.0007 0.0001 100.0 518.67 642.22 1584.21 1408.0 14.62 21.61 553.67 2388.02 9054.73 1.3 47.57 522.05 2388.12 8136.66 8.4338 0.03 393 2388 100.0 38.84 23.2674
99 104 -0.0025 -0.0001 100.0 518.67 642.76 1585.59 1406.4 14.62 21.61 553.98 2388.1 9056.11 1.3 47.43 522.38 2388.08 8133.3 8.4117 0.03 391 2388 100.0 38.91 23.3027
99 105 0.0044 -0.0 100.0 518.67 642.26 1590.99 1413.3 14.62 21.61 553.75 2388.01 9056.42 1.3 47.41 522.07 2388.11 8136.82 8.4642 0.03 390 2388 100.0 38.82 23.2148
99 106 -0.0005 -0.0002 100.0 518.67 642.52 1594.67 1403.25 14.62 21.61 553.25 2388.07 9059.24 1.3 47.51 521.88 2388.11 8132.09 8.4303 0.03 393 2388 100.0 38.7 23.3228
99 107 -0.0015 -0.0004 100.0 518.67 642.63 1584.12 1404.87 14.62 21.61 553.6 2388.11 9062.43 1.3 47.49 521.86 2388.14 8132.64 8.471 0.03 394 2388 100.0 38.88 23.2396
99 108 -0.0002 0.0002 100.0 518.67 642.43 1586.46 1400.47 14.62 21.61 554.05 2388.08 9053.91 1.3 47.43 522.03 2388.07 8136.71 8.4337 0.03 393 2388 100.0 38.92 23.4021
99 109 0.0024 0.0002 100.0 518.67 642.49 1585.56 1410.12 14.62 21.61 553.73 2388.15 9056.28 1.3 47.55 521.96 2388.12 8136.89 8.3877 0.03 392 2388 100.0 38.78 23.2756
99 110 -0.0021 0.0002 100.0 518.67 642.51 1591.79 1410.84 14.62 21.61 553.76 2388.12 9054.64 1.3 47.42 521.6 2388.05 8138.76 8.468 0.03 391 2388 100.0 38.85 23.3668
99 111 -0.0046 0.0002 100.0 518.67 642.76 1593.84 1410.1 14.62 21.61 553.47 2388.06 9053.64 1.3 47.64 521.63 2388.11 8136.72 8.4347 0.03 392 2388 100.0 39.01 23.355
99 112 0.0031 -0.0002 100.0 518.67 642.45 1589.53 1411.06 14.62 21.61 553.68 2388.02 9052.55 1.3 47.46 521.63 2388.1 8145.06 8.3894 0.03 393 2388 100.0 38.83 23.2951
99 113 -0.0 -0.0003 100.0 518.67 643.2 1590.71 1402.66 14.62 21.61 553.72 2388.13 9055.8 1.3 47.47 521.29 2388.06 8145.61 8.4388 0.03 393 2388 100.0 39.1 23.3315
99 114 -0.0012 -0.0004 100.0 518.67 643.2 1585.4 1404.81 14.62 21.61 553.8 2388.1 9060.98 1.3 47.84 520.96 2388.1 8137.13 8.4255 0.03 393 2388 100.0 38.86 23.332
99 115 -0.0044 -0.0002 100.0 518.67 642.49 1589.41 1408.43 14.62 21.61 553.49 2388.05 9060.78 1.3 47.51 521.38 2388.08 8138.32 8.4265 0.03 394 2388 100.0 38.93 23.2668
99 116 -0.0016 0.0002 100.0 518.67 642.41 1594.89 1404.82 14.62 21.61 553.57 2388.1 9063.32 1.3 47.56 521.69 2388.08 8138.79 8.3947 0.03 393 2388 100.0 38.76 23.2987
99 117 0.0004 0.0003 100.0 518.67 642.27 1592.28 1404.82 14.62 21.61 553.24 2388.06 9053.64 1.3 47.35 521.59 2388.1 8132.91 8.4047 0.03 391 2388 100.0 38.81 23.2542
99 118 0.0009 -0.0 100.0 518.67 642.24 1583.29 1407.97 14.62 21.61 554.01 2388.07 9055.49 1.3 47.37 522.07 2388.09 8135.85 8.4033 0.03 392 2388 100.0 38.81 23.3944
99 119 0.0002 -0.0002 100.0 518.67 642.81 1587.63 1409.06 14.62 21.61 553.18 2388.11 9061.86 1.3 47.48 521.54 2388.11 8138.43 8.4483 0.03 392 2388 100.0 38.66 23.2476
99 120 -0.0024 -0.0002 100.0 518.67 641.98 1592.68 1396.96 14.62 21.61 553.28 2388.08 9055.34 1.3 47.32 521.4 2388.09 8138.79 8.4516 0.03 393 2388 100.0 38.86 23.3471
99 121 -0.0006 0.0 100.0 518.67 642.61 1591.59 1407.89 14.62 21.61 553.41 2388.09 9056.11 1.3 47.49 521.72 2388.1 8139.5 8.4493 0.03 394 2388 100.0 38.92 23.3184
99 122 0.0008 0.0003 100.0 518.67 642.52 1587.8 1403.28 14.62 21.61 553.79 2388.13 9044.04 1.3 47.51 521.59 2388.09 8137.31 8.4532 0.03 395 2388 100.0 38.82 23.2366
99 123 -0.0037 -0.0001 100.0 518.67 642.57 1592.45 1409.76 14.62 21.61 553.77 2388.11 9057.6 1.3 47.67 521.58 2388.11 8142.04 8.4157 0.03 392 2388 100.0 38.91 23.217
99 124 -0.0033 0.0005 100.0 518.67 642.54 1585.3 1410.71 14.62 21.61 553.42 2388.11 9058.02 1.3 47.37 521.46 2388.16 8134.37 8.4694 0.03 394 2388 100.0 38.82 23.3309
99 125 -0.002 -0.0001 100.0 518.67 643.0 1592.82 1412.87 14.62 21.61 553.07 2388.14 9057.44 1.3 47.41 521.56 2388.08 8129.7 8.4111 0.03 395 2388 100.0 38.83 23.2922
99 126 -0.0015 -0.0003 100.0 518.67 642.88 1589.06 1410.82 14.62 21.61 553.5 2388.12 9053.92 1.3 47.4 521.4 2388.1 8135.46 8.4402 0.03 393 2388 100.0 38.74 23.2894
99 127 -0.0008 -0.0003 100.0 518.67 642.76 1592.09 1409.56 14.62 21.61 553.3 2388.11 9059.83 1.3 47.45 521.55 2388.1 8140.49 8.4312 0.03 394 2388 100.0 38.86 23.3106
99 128 0.0006 0.0002 100.0 518.67 642.66 1586.95 1414.18 14.62 21.61 553.66 2388.1 9052.85 1.3 47.33 521.53 2388.11 8135.88 8.4452 0.03 393 2388 100.0 38.94 23.2365
99 129 -0.0017 -0.0002 100.0 518.67 642.48 1590.45 1408.14 14.62 21.61 553.01 2388.09 9058.22 1.3 47.57 521.06 2388.1 8139.85 8.4071 0.03 395 2388 100.0 38.74 23.3063
99 130 0.0011 0.0 100.0 518.67 643.04 1587.66 1407.25 14.62 21.61 553.49 2388.13 9062.15 1.3 47.69 521.27 2388.06 8137.83 8.4387 0.03 393 2388 100.0 38.93 23.3177
99 131 -0.0031 -0.0002 100.0 518.67 643.03 1591.33 1414.63 14.62 21.61 553.63 2388.12 9054.7 1.3 47.54 521.46 2388.11 8136.04 8.4708 0.03 395 2388 100.0 38.8 23.2895
99 132 0.0038 0.0002 100.0 518.67 642.63 1589.21 1421.31 14.62 21.61 553.14 2388.08 9056.36 1.3 47.56 521.06 2388.09 8134.29 8.4382 0.03 395 2388 100.0 38.77 23.2553
99 133 0.0059 0.0 100.0 518.67 643.3 1595.48 1415.53 14.62 21.61 553.67 2388.1 9057.28 1.3 47.57 521.19 2388.09 8134.3 8.4649 0.03 394 2388 100.0 38.86 23.2886
99 134 -0.0006 -0.0 100.0 518.67 642.18 1584.97 1408.22 14.62 21.61 553.65 2388.18 9062.28 1.3 47.34 521.55 2388.14 8134.13 8.4438 0.03 393 2388 100.0 38.83 23.2863
99 135 0.0034 0.0002 100.0 518.67 642.7 1593.27 1414.14 14.62 21.61 553.27 2388.14 9053.98 1.3 47.53 521.09 2388.15 8135.31 8.4574 0.03 393 2388 100.0 38.52 23.2615
99 136 0.0004 -0.0001 100.0 518.67 642.9 1588.16 1415.75 14.62 21.61 553.42 2388.1 9052.69 1.3 47.58 521.53 2388.13 8136.49 8.4513 0.03 394 2388 100.0 38.72 23.3528
99 137 -0.0018 0.0004 100.0 518.67 642.55 1587.37 1420.92 14.62 21.61 553.01 2388.11 9058.18 1.3 47.53 520.93 2388.15 8135.36 8.4433 0.03 394 2388 100.0 38.93 23.2642
99 138 0.003 0.0002 100.0 518.67 642.74 1591.33 1414.33 14.62 21.61 552.29 2388.16 9049.21 1.3 47.75 521.69 2388.08 8132.83 8.5135 0.03 393 2388 100.0 38.86 23.362
99 139 -0.0002 0.0004 100.0 518.67 642.55 1592.34 1405.81 14.62 21.61 553.65 2388.11 9056.76 1.3 47.61 520.91 2388.16 8139.57 8.4625 0.03 393 2388 100.0 38.79 23.1976
99 140 -0.0025 -0.0001 100.0 518.67 642.93 1595.86 1409.95 14.62 21.61 552.99 2388.02 9058.8 1.3 47.64 520.85 2388.13 8138.33 8.4712 0.03 394 2388 100.0 38.76 23.2131
99 141 0.0004 0.0001 100.0 518.67 642.79 1593.26 1412.81 14.62 21.61 552.91 2388.14 9056.61 1.3 47.61 521.41 2388.13 8141.23 8.465 0.03 394 2388 100.0 38.69 23.2406
99 142 -0.0033 -0.0002 100.0 518.67 642.61 1592.68 1410.71 14.62 21.61 552.89 2388.16 9051.01 1.3 47.7 521.32 2388.08 8135.86 8.4563 0.03 395 2388 100.0 38.78 23.2047
99 143 0.0002 -0.0004 100.0 518.67 642.71 1592.74 1412.67 14.62 21.61 553.53 2388.15 9057.33 1.3 47.56 521.2 2388.18 8140.99 8.4053 0.03 394 2388 100.0 38.84 23.3185
99 144 -0.0014 0.0004 100.0 518.67 643.05 1591.17 1417.14 14.62 21.61 552.66 2388.19 9061.7 1.3 47.59 521.06 2388.09 8132.13 8.4578 0.03 392 2388 100.0 38.77 23.2809
99 145 0.0022 -0.0002 100.0 518.67 642.99 1588.93 1411.67 14.62 21.61 552.04 2388.12 9057.82 1.3 47.77 520.63 2388.19 8141.7 8.4887 0.03 393 2388 100.0 38.83 23.1053
99 146 -0.0024 -0.0002 100.0 518.67 642.76 1589.84 1415.07 14.62 21.61 552.24 2388.11 9061.93 1.3 47.58 521.29 2388.12 8136.11 8.4493 0.03 394 2388 100.0 38.83 23.3851
99 147 0.002 0.0001 100.0 518.67 642.75 1593.61 1418.73 14.62 21.61 553.16 2388.17 9055.58 1.3 47.86 521.38 2388.15 8136.9 8.4573 0.03 395 2388 100.0 38.62 23.3479
99 148 -0.0029 0.0002 100.0 518.67 642.34 1588.7 1413.67 14.62 21.61 553.47 2388.12 9059.64 1.3 47.68 521.16 2388.16 8134.82 8.474 0.03 394 2388 100.0 38.83 23.1142
99 149 -0.0005 0.0005 100.0 518.67 643.31 1594.62 1408.22 14.62 21.61 552.93 2388.17 9061.51 1.3 47.64 520.59 2388.1 8139.72 8.4476 0.03 395 2388 100.0 38.89 23.2288
99 150 0.0006 -0.0001 100.0 518.67 643.04 1587.67 1413.24 14.62 21.61 552.77 2388.14 9061.79 1.3 47.78 520.71 2388.12 8137.15 8.4683 0.03 394 2388 100.0 38.75 23.1938
99 151 0.005 0.0004 100.0 518.67 642.46 1593.87 1412.51 14.62 21.61 552.61 2388.16 9061.25 1.3 47.71 521.2 2388.18 8135.73 8.4461 0.03 393 2388 100.0 38.94 23.2105
99 152 -0.0034 0.0003 100.0 518.67 642.99 1596.35 1413.5 14.62 21.61 552.2 2388.14 9058.32 1.3 47.91 520.47 2388.11 8136.35 8.4645 0.03 394 2388 100.0 38.63 23.2544
99 153 0.0031 0.0001 100.0 518.67 643.67 1593.08 1413.79 14.62 21.61 553.58 2388.18 9048.05 1.3 47.69 520.73 2388.17 8139.16 8.4957 0.03 394 2388 100.0 38.86 23.2623
99 154 0.0018 -0.0 100.0 518.67 643.34 1595.65 1406.34 14.62 21.61 552.84 2388.13 9062.73 1.3 47.87 520.54 2388.13 8131.85 8.4735 0.03 393 2388 100.0 38.74 23.2378
99 155 -0.0031 0.0 100.0 518.67 642.79 1591.83 1410.65 14.62 21.61 553.18 2388.18 9058.64 1.3 47.72 520.89 2388.22 8139.6 8.4634 0.03 394 2388 100.0 38.62 23.2935
99 156 0.0003 0.0001 100.0 518.67 642.7 1595.69 1418.76 14.62 21.61 552.63 2388.18 9054.81 1.3 47.75 520.85 2388.19 8132.33 8.471 0.03 395 2388 100.0 38.56 23.2711
99 157 -0.0019 0.0001 100.0 518.67 643.21 1593.98 1411.48 14.62 21.61 552.36 2388.17 9057.03 1.3 47.69 521.02 2388.17 8136.29 8.4301 0.03 395 2388 100.0 38.76 23.2735
99 158 -0.0008 -0.0 100.0 518.67 642.98 1586.36 1419.16 14.62 21.61 552.35 2388.2 9054.63 1.3 47.77 521.35 2388.16 8136.11 8.4548 0.03 396 2388 100.0 38.48 23.1447
99 159 0.001 0.0005 100.0 518.67 643.58 1589.34 1423.07 14.62 21.61 552.92 2388.15 9059.55 1.3 47.78 520.47 2388.18 8127.92 8.4303 0.03 394 2388 100.0 38.78 23.1769
99 160 0.0031 -0.0001 100.0 518.67 643.03 1589.34 1420.74 14.62 21.61 553.19 2388.17 9052.95 1.3 47.79 520.77 2388.18 8133.27 8.4822 0.03 395 2388 100.0 38.65 23.1901
99 161 0.003 0.0002 100.0 518.67 642.73 1595.02 1423.85 14.62 21.61 552.24 2388.21 9046.66 1.3 47.95 520.9 2388.2 8131.13 8.4929 0.03 394 2388 100.0 38.86 23.1594
99 162 -0.0007 0.0001 100.0 518.67 643.03 1592.73 1421.55 14.62 21.61 552.93 2388.21 9059.79 1.3 47.94 520.72 2388.18 8131.59 8.477 0.03 395 2388 100.0 38.73 23.1239
99 163 -0.0018 0.0002 100.0 518.67 643.32 1602.25 1423.21 14.62 21.61 552.32 2388.25 9059.23 1.3 47.8 519.99 2388.22 8133.63 8.514 0.03 395 2388 100.0 38.66 23.2784
99 164 -0.004 0.0 100.0 518.67 643.19 1587.96 1418.84 14.62 21.61 552.57 2388.18 9053.15 1.3 47.81 520.27 2388.16 8135.12 8.5064 0.03 394 2388 100.0 38.76 23.087
99 165 0.0007 -0.0002 100.0 518.67 643.35 1594.52 1411.23 14.62 21.61 552.19 2388.18 9060.26 1.3 47.79 520.43 2388.17 8134.39 8.5103 0.03 395 2388 100.0 38.74 23.2613
99 166 0.0011 -0.0005 100.0 518.67 642.94 1594.5 1416.34 14.62 21.61 552.06 2388.2 9058.1 1.3 47.87 520.2 2388.21 8137.3 8.4852 0.03 397 2388 100.0 38.54 23.1342
99 167 0.0039 -0.0004 100.0 518.67 643.32 1596.06 1414.56 14.62 21.61 551.99 2388.21 9055.62 1.3 47.95 520.46 2388.26 8126.58 8.4931 0.03 394 2388 100.0 38.66 23.0035
99 168 0.0015 0.0005 100.0 518.67 643.29 1594.27 1419.05 14.62 21.61 551.48 2388.23 9060.87 1.3 47.89 519.76 2388.24 8130.7 8.4851 0.03 396 2388 100.0 38.54 23.0252
99 169 0.0028 -0.0003 100.0 518.67 643.18 1601.47 1412.04 14.62 21.61 552.39 2388.19 9066.55 1.3 47.97 519.81 2388.23 8133.79 8.4988 0.03 395 2388 100.0 38.64 23.1979
99 170 0.0011 0.0002 100.0 518.67 643.13 1598.69 1425.74 14.62 21.61 552.5 2388.25 9060.82 1.3 48.0 520.15 2388.2 8129.26 8.4981 0.03 396 2388 100.0 38.67 23.2425
99 171 0.0005 -0.0002 100.0 518.67 643.28 1597.62 1424.06 14.62 21.61 552.19 2388.23 9054.31 1.3 47.83 520.42 2388.27 8128.8 8.4701 0.03 397 2388 100.0 38.61 23.1183
99 172 -0.0012 0.0003 100.0 518.67 643.2 1601.71 1424.56 14.62 21.61 551.69 2388.22 9064.97 1.3 48.05 520.6 2388.21 8129.73 8.4742 0.03 395 2388 100.0 38.65 23.1243
99 173 0.0007 -0.0002 100.0 518.67 643.94 1593.05 1420.66 14.62 21.61 551.89 2388.22 9049.51 1.3 48.04 520.33 2388.24 8127.56 8.5194 0.03 393 2388 100.0 38.39 23.1984
99 174 -0.002 0.0004 100.0 518.67 643.6 1597.44 1422.01 14.62 21.61 551.7 2388.21 9055.57 1.3 48.02 519.91 2388.19 8131.05 8.5154 0.03 396 2388 100.0 38.67 23.0744
99 175 0.0022 -0.0005 100.0 518.67 643.85 1598.4 1423.7 14.62 21.61 551.85 2388.27 9053.73 1.3 47.99 520.42 2388.26 8132.04 8.5181 0.03 396 2388 100.0 38.51 23.148
99 176 -0.0005 -0.0004 100.0 518.67 643.44 1595.16 1420.93 14.62 21.61 551.99 2388.21 9057.85 1.3 48.06 519.5 2388.26 8136.92 8.4987 0.03 394 2388 100.0 38.48 23.224
99 177 -0.0023 0.0003 100.0 518.67 643.69 1592.46 1429.64 14.62 21.61 551.83 2388.25 9055.1 1.3 48.04 520.04 2388.21 8133.64 8.4787 0.03 397 2388 100.0 38.63 23.1627
99 178 -0.0014 0.0 100.0 518.67 643.65 1603.89 1427.84 14.62 21.61 551.81 2388.22 9057.31 1.3 48.09 519.46 2388.23 8124.86 8.5163 0.03 396 2388 100.0 38.56 23.0589
99 179 0.0009 0.0002 100.0 518.67 643.27 1598.04 1430.96 14.62 21.61 551.14 2388.29 9058.47 1.3 48.14 519.64 2388.31 8136.11 8.5199 0.03 397 2388 100.0 38.45 23.1405
99 180 0.0009 -0.0001 100.0 518.67 643.35 1616.91 1428.75 14.62 21.61 551.23 2388.24 9059.16 1.3 48.26 519.32 2388.22 8128.96 8.4729 0.03 396 2388 100.0 38.49 22.9396
99 181 -0.0015 -0.0001 100.0 518.67 643.72 1600.39 1428.03 14.62 21.61 551.09 2388.27 9054.88 1.3 48.23 519.6 2388.29 8123.55 8.4885 0.03 396 2388 100.0 38.5 23.0425
99 182 -0.0027 -0.0003 100.0 518.67 643.52 1605.33 1430.32 14.62 21.61 551.61 2388.26 9063.31 1.3 48.16 519.32 2388.27 8130.99 8.5124 0.03 393 2388 100.0 38.39 22.9674
99 183 -0.0031 -0.0003 100.0 518.67 643.96 1606.95 1427.9 14.62 21.61 550.86 2388.32 9055.8 1.3 48.48 519.69 2388.31 8126.9 8.5374 0.03 395 2388 100.0 38.57 23.144
99 184 -0.001 -0.0001 100.0 518.67 644.1 1600.2 1436.54 14.62 21.61 551.51 2388.29 9060.79 1.3 48.12 519.84 2388.33 8125.66 8.5592 0.03 395 2388 100.0 38.45 23.0478
99 185 -0.0019 -0.0004 100.0 518.67 643.93 1598.42 1421.56 14.62 21.61 550.64 2388.29 9050.61 1.3 48.29 519.99 2388.24 8127.53 8.5425 0.03 397 2388 100.0 38.49 23.1931
131 1 41.9996 0.8417 100.0 445.0 548.77 1355.19 1124.01 3.91 5.71 138.37 2211.86 8322.08 1.02 41.88 131.11 2387.97 8083.07 9.3369 0.02 328 2212 100.0 10.5 6.3679
131 2 41.9996 0.8411 100.0 445.0 549.12 1356.03 1118.15 3.91 5.71 138.39 2211.78 8321.62 1.02 41.73 130.82 2387.9 8074.19 9.3423 0.02 329 2212 100.0 10.59 6.4255
131 3 0.0005 0.0006 100.0 518.67 642.63 1585.02 1395.48 14.62 21.61 553.79 2388.11 9044.62 1.3 47.38 521.88 2388.02 8135.08 8.4228 0.03 393 2388 100.0 39.01 23.4155
131 4 0.0011 0.0 100.0 518.67 641.9 1580.8 1399.71 14.62 21.61 554.79 2388.04 9044.55 1.3 47.24 522.58 2388.03 8132.31 8.4028 0.03 395 2388 100.0 39.01 23.3156
131 5 20.004 0.7 100.0 491.19 607.07 1479.34 1242.09 9.35 13.65 334.8 2323.9 8718.26 1.08 44.21 315.64 2388.03 8055.53 9.2115 0.02 364 2324 100.0 24.36 14.9172
131 6 20.0037 0.7014 100.0 491.19 607.17 1478.64 1248.09 9.35 13.65 334.51 2323.86 8713.78 1.08 44.16 314.83 2388.08 8061.13 9.2008 0.02 363 2324 100.0 24.39 14.6814
131 7 0.0006 0.0018 100.0 518.67 641.8 1586.22 1400.37 14.62 21.6 554.34 2388.04 9044.28 1.3 47.38 522.27 2388.14 8135.88 8.42 0.03 391 2388 100.0 38.85 23.4457
131 8 9.9987 0.25 100.0 489.05 604.44 1490.89 1305.4 10.52 15.49 394.81 2318.9 8770.99 1.26 45.26 371.66 2388.02 8125.77 8.6281 0.03 370 2319 100.0 28.62 17.1161
131 9 42.0075 0.8406 100.0 445.0 549.45 1345.12 1116.22 3.91 5.72 138.49 2211.83 8315.73 1.02 41.94 130.28 2387.97 8081.21 9.3463 0.02 329 2212 100.0 10.64 6.3905
131 10 25.0073 0.6204 60.0 462.54 536.82 1257.57 1046.81 7.05 9.03 175.79 1915.29 8004.56 0.94 36.48 164.48 2028.2 7873.49 10.8708 0.02 307 1915 84.93 14.36 8.6681
131 11 42.0035 0.84 100.0 445.0 549.84 1349.2 1122.96 3.91 5.72 138.75 2211.83 8315.72 1.02 41.98 130.89 2387.93 8076.42 9.3643 0.02 330 2212 100.0 10.58 6.4489
131 12 20.0054 0.7 100.0 491.19 607.87 1485.23 1242.32 9.35 13.65 335.19 2323.84 8721.98 1.07 44.17 315.7 2388.02 8056.36 9.1912 0.02 363 2324 100.0 24.73 14.7634
131 13 20.0069 0.7 100.0 491.19 607.35 1478.63 1251.73 9.35 13.65 335.13 2323.91 8715.92 1.08 44.21 314.99 2388.02 8061.9 9.1853 0.02 363 2324 100.0 24.65 14.8326
131 14 0.0024 0.0007 100.0 518.67 642.01 1579.19 1398.19 14.62 21.61 554.08 2388.07 9050.14 1.3 47.17 521.82 2388.02 8131.93 8.3862 0.03 391 2388 100.0 38.98 23.3879
131 15 19.9993 0.7 100.0 491.19 607.52 1484.89 1244.72 9.35 13.65 334.75 2323.92 8714.21 1.08 44.13 315.56 2388.06 8060.21 9.1887 0.02 364 2324 100.0 24.66 14.7257
131 16 0.0024 0.0002 100.0 518.67 642.11 1590.1 1401.53 14.62 21.61 554.12 2388.04 9047.66 1.3 47.25 522.0 2388.04 8135.56 8.4155 0.03 392 2388 100.0 38.81 23.4938
131 17 10.0009 0.25 100.0 489.05 604.36 1500.81 1307.17 10.52 15.49 395.26 2318.86 8766.38 1.26 45.28 372.49 2388.09 8130.45 8.636 0.03 368 2319 100.0 28.56 17.246
131 18 0.0002 0.0001 100.0 518.67 641.9 1586.98 1395.63 14.62 21.6 554.56 2388.06 9057.6 1.3 47.32 522.49 2388.1 8128.31 8.4077 0.03 391 2388 100.0 39.15 23.4733
131 19 10.0025 0.25 100.0 489.05 604.66 1496.63 1306.04 10.52 15.49 394.76 2318.81 8775.57 1.26 45.29 371.86 2388.06 8129.43 8.6266 0.03 369 2319 100.0 28.75 17.189
131 20 42.0033 0.8407 100.0 445.0 549.51 1351.03 1119.09 3.91 5.72 139.13 2211.84 8317.26 1.02 41.97 130.9 2387.96 8082.78 9.3245 0.02 330 2212 100.0 10.58 6.4391
131 21 42.0019 0.84 100.0 445.0 549.19 1348.63 1108.67 3.91 5.71 139.21 2211.83 8322.9 1.02 41.73 131.11 2388.0 8080.79 9.3354 0.02 328 2212 100.0 10.64 6.4654
131 22 42.0074 0.84 100.0 445.0 549.34 1349.9 1117.43 3.91 5.72 139.17 2211.81 8319.7 1.02 41.84 130.7 2387.96 8085.53 9.3415 0.02 331 2212 100.0 10.7 6.4248
131 23 10.001 0.2503 100.0 489.05 604.9 1496.89 1301.87 10.52 15.49 395.08 2318.89 8768.63 1.26 45.17 371.94 2388.04 8118.74 8.6318 0.03 369 2319 100.0 28.64 17.2388
131 24 20.0061 0.7 100.0 491.19 607.64 1486.4 1243.78 9.35 13.65 334.78 2323.9 8728.91 1.08 44.18 315.63 2388.05 8058.19 9.1741 0.02 365 2324 100.0 24.73 14.7818
131 25 35.0068 0.84 100.0 449.44 555.2 1363.89 1125.7 5.48 8.0 194.34 2222.87 8342.42 1.02 41.83 183.02 2387.95 8067.96 9.2625 0.02 333 2223 100.0 14.83 8.939
131 26 34.9992 0.84 100.0 449.44 555.55 1363.56 1120.83 5.48 8.0 194.25 2222.89 8344.43 1.02 41.62 183.48 2387.93 8056.65 9.2687 0.02 333 2223 100.0 14.81 9.0483
131 27 42.0028 0.8405 100.0 445.0 549.46 1344.01 1116.4 3.91 5.71 139.26 2211.9 8315.68 1.02 41.77 130.96 2388.01 8086.6 9.3537 0.02 331 2212 100.0 10.74 6.3488
131 28 25.0001 0.62 60.0 462.54 536.35 1263.48 1036.12 7.05 9.03 175.42 1915.31 8007.64 0.94 36.47 164.82 2028.15 7870.77 10.8826 0.02 307 1915 84.93 14.28 8.5178
131 29 0.0001 0.0002 100.0 518.67 642.36 1587.46 1393.78 14.62 21.61 554.14 2388.02 9052.89 1.3 47.19 521.48 2388.01 8129.85 8.4136 0.03 392 2388 100.0 38.94 23.3811
131 30 25.0056 0.6201 60.0 462.54 537.12 1257.74 1037.54 7.05 9.02 175.92 1915.25 8003.01 0.94 36.57 164.74 2028.18 7868.25 10.8618 0.02 306 1915 84.93 14.27 8.6143
131 31 10.0034 0.25 100.0 489.05 604.31 1496.84 1309.31 10.52 15.49 395.03 2318.85 8777.84 1.26 45.12 371.82 2388.08 8129.37 8.6513 0.03 370 2319 100.0 28.77 17.1581
131 32 0.0023 0.0011 100.0 518.67 642.21 1587.7 1405.12 14.62 21.61 554.36 2388.07 9059.21 1.3 47.26 521.67 2388.04 8135.73 8.42 0.03 391 2388 100.0 38.98 23.3906
131 33 20.003 0.7 100.0 491.19 607.09 1481.55 1248.58 9.35 13.65 334.92 2323.84 8724.78 1.08 44.29 314.99 2388.04 8060.11 9.2222 0.02 365 2324 100.0 24.62 14.7622
131 34 42.006 0.8417 100.0 445.0 549.36 1347.72 1118.75 3.91 5.71 139.39 2211.83 8316.56 1.02 41.97 130.54 2387.86 8072.78 9.3245 0.02 330 2212 100.0 10.58 6.4829
131 35 0.0028 0.0 100.0 518.67 642.62 1586.32 1399.41 14.62 21.61 554.36 2387.98 9054.92 1.3 47.47 522.05 2388.07 8135.48 8.3777 0.03 391 2388 100.0 39.01 23.4786
131 36 41.9994 0.8409 100.0 445.0 549.21 1351.01 1119.02 3.91 5.72 138.41 2211.89 8318.02 1.02 41.81 130.8 2387.97 8088.98 9.3394 0.02 331 2212 100.0 10.76 6.3493
131 37 42.0026 0.84 100.0 445.0 549.54 1350.23 1122.04 3.91 5.71 138.8 2211.86 8312.78 1.02 41.84 131.13 2387.94 8081.28 9.369 0.02 330 2212 100.0 10.73 6.4044
131 38 20.0067 0.7006 100.0 491.19 607.54 1482.29 1238.82 9.35 13.65 334.44 2323.9 8718.86 1.08 44.33 314.72 2388.02 8054.64 9.1636 0.02 366 2324 100.0 24.47 14.6714
131 39 9.9992 0.25 100.0 489.05 603.95 1495.15 1307.91 10.52 15.49 395.36 2318.87 8766.92 1.26 45.27 372.47 2388.03 8129.97 8.606 0.03 369 2319 100.0 28.64 17.2656
131 40 25.0022 0.6205 60.0 462.54 536.77 1257.26 1044.31 7.05 9.03 175.34 1915.3 8007.0 0.94 36.67 164.56 2028.2 7875.54 10.9009 0.02 306 1915 84.93 14.27 8.5768
131 41 42.0043 0.8415 100.0 445.0 549.12 1347.88 1112.35 3.91 5.71 138.7 2211.91 8313.7 1.02 41.78 130.67 2387.93 8086.46 9.3174 0.02 331 2212 100.0 10.74 6.3725
131 42 35.0011 0.84 100.0 449.44 555.46 1356.0 1129.34 5.48 8.0 194.63 2222.93 8345.49 1.02 41.59 183.27 2388.01 8066.2 9.3004 0.02 334 2223 100.0 15.0 8.836
131 43 9.9997 0.2501 100.0 489.05 604.77 1495.76 1302.93 10.52 15.49 394.83 2318.88 8776.21 1.26 45.26 372.06 2388.04 8124.5 8.6051 0.03 369 2319 100.0 28.57 17.1761
131 44 42.0032 0.84 100.0 445.0 549.36 1344.87 1123.17 3.91 5.72 138.45 2211.91 8312.19 1.02 41.92 130.7 2387.95 8083.21 9.346 0.02 330 2212 100.0 10.8 6.3823
131 45 42.0008 0.8407 100.0 445.0 549.47 1355.23 1119.69 3.91 5.71 138.88 2211.87 8313.35 1.02 41.96 130.66 2387.97 8078.95 9.3197 0.02 328 2212 100.0 10.32 6.2846
131 46 24.9993 0.62 60.0 462.54 536.44 1251.49 1042.81 7.05 9.03 175.07 1915.32 8003.53 0.94 36.51 164.56 2028.23 7872.26 10.8415 0.02 307 1915 84.93 14.29 8.6494
131 47 20.0007 0.7 100.0 491.19 607.17 1480.68 1248.04 9.35 13.65 335.17 2323.91 8718.56 1.08 44.14 314.84 2388.05 8060.85 9.2182 0.02 364 2324 100.0 24.54 14.7336
131 48 35.0011 0.84 100.0 449.44 555.42 1367.03 1118.49 5.48 8.0 194.86 2222.92 8343.83 1.02 41.73 183.19 2388.04 8058.4 9.3057 0.02 334 2223 100.0 14.82 9.0598
131 49 0.0 0.0 100.0 518.67 641.89 1587.12 1396.08 14.62 21.61 553.95 2388.03 9055.16 1.3 47.31 521.81 2388.04 8133.22 8.4409 0.03 392 2388 100.0 39.0 23.3434
131 50 42.0059 0.8406 100.0 445.0 549.14 1350.19 1119.41 3.91 5.72 137.86 2211.87 8312.15 1.02 41.87 131.01 2387.94 8081.84 9.3572 0.02 330 2212 100.0 10.66 6.3099
131 51 10.0034 0.2513 100.0 489.05 604.53 1491.63 1307.36 10.52 15.49 395.07 2318.82 8773.1 1.26 45.18 371.86 2388.09 8129.2 8.6175 0.03 368 2319 100.0 28.54 17.0792
131 52 42.0007 0.84 100.0 445.0 549.63 1350.59 1118.73 3.91 5.72 139.46 2211.91 8316.72 1.02 42.16 131.12 2387.94 8078.56 9.3571 0.02 329 2212 100.0 10.65 6.3309
131 53 0.001 0.0013 100.0 518.67 642.31 1588.23 1403.24 14.62 21.61 554.11 2388.04 9054.92 1.3 47.19 521.73 2388.05 8136.19 8.4308 0.03 391 2388 100.0 39.08 23.3841
131 54 19.9995 0.7011 100.0 491.19 607.26 1476.19 1243.24 9.35 13.65 335.15 2323.95 8724.39 1.08 44.08 315.06 2388.06 8060.47 9.1669 0.02 363 2324 100.0 24.65 14.7271
131 55 20.0054 0.7 100.0 491.19 607.12 1480.86 1247.34 9.35 13.65 334.77 2323.95 8717.56 1.08 44.32 314.44 2388.07 8057.62 9.2079 0.02 364 2324 100.0 24.54 14.7412
131 56 10.0048 0.25 100.0 489.05 604.54 1492.94 1300.39 10.52 15.49 395.61 2318.89 8778.16 1.26 45.09 371.41 2388.06 8125.3 8.6506 0.03 369 2319 100.0 28.55 17.2803
131 57 42.0076 0.8401 100.0 445.0 549.49 1362.32 1120.92 3.91 5.72 139.84 2211.92 8319.48 1.02 41.94 131.12 2387.99 8086.87 9.3434 0.02 330 2212 100.0 10.31 6.3045
131 58 34.9991 0.8415 100.0 449.44 555.19 1369.06 1123.83 5.48 8.0 195.15 2222.88 8345.08 1.02 41.71 183.51 2387.98 8064.24 9.2615 0.02 334 2223 100.0 14.96 8.9521
131 59 20.0028 0.7017 100.0 491.19 606.97 1482.98 1240.27 9.35 13.65 335.79 2323.88 8717.12 1.08 44.2 315.27 2388.01 8059.98 9.2056 0.02 364 2324 100.0 24.65 14.7393
131 60 41.9981 0.8407 100.0 445.0 549.3 1350.06 1118.32 3.91 5.71 139.39 2211.88 8322.96 1.02 41.83 130.43 2387.91 8074.5 9.3053 0.02 330 2212 100.0 10.71 6.3317
131 61 25.0049 0.62 60.0 462.54 536.01 1261.91 1047.31 7.05 9.02 176.07 1915.29 8010.59 0.94 36.64 165.16 2028.2 7875.07 10.9122 0.02 307 1915 84.93 14.25 8.5333
131 62 25.0044 0.6216 60.0 462.54 536.91 1255.49 1041.82 7.05 9.03 174.76 1915.27 8008.02 0.94 36.64 164.5 2028.23 7875.58 10.8914 0.02 307 1915 84.93 14.26 8.6526
131 63 24.9989 0.62 60.0 462.54 536.25 1253.67 1048.12 7.05 9.02 175.05 1915.3 8009.1 0.94 36.7 164.58 2028.24 7867.06 10.889 0.02 307 1915 84.93 14.3 8.6405
131 64 19.9997 0.7 100.0 491.19 607.21 1482.82 1247.79 9.35 13.65 334.28 2323.94 8725.89 1.08 44.43 315.45 2388.03 8054.14 9.1837 0.02 365 2324 100.0 24.6 14.6965
131 65 10.0031 0.2503 100.0 489.05 604.7 1500.15 1298.93 10.52 15.49 395.59 2318.87 8775.76 1.26 45.34 371.71 2388.14 8128.98 8.6565 0.03 368 2319 100.0 28.75 17.0981
131 66 42.0049 0.84 100.0 445.0 549.19 1345.19 1119.69 3.91 5.72 138.04 2211.88 8319.95 1.02 41.86 130.32 2387.94 8084.16 9.3185 0.02 330 2212 100.0 10.62 6.314
131 67 42.0044 0.84 100.0 445.0 549.07 1355.47 1117.99 3.91 5.72 138.97 2211.91 8319.86 1.02 41.94 130.52 2387.94 8081.51 9.3507 0.02 328 2212 100.0 10.74 6.3065
131 68 0.0016 0.0 100.0 518.67 642.54 1594.09 1399.69 14.62 21.61 554.0 2388.08 9054.96 1.3 47.38 522.57 2388.08 8136.5 8.4197 0.03 390 2388 100.0 38.95 23.2972
131 69 0.0021 0.0 100.0 518.67 642.48 1583.26 1394.28 14.62 21.61 554.19 2388.01 9050.22 1.3 47.29 521.89 2387.98 8128.97 8.3989 0.03 392 2388 100.0 39.06 23.4672
131 70 34.999 0.84 100.0 449.44 555.41 1359.02 1127.52 5.48 8.0 194.42 2222.87 8345.5 1.02 41.95 183.15 2387.94 8061.84 9.2811 0.02 332 2223 100.0 14.88 8.8742
131 71 42.0012 0.84 100.0 445.0 549.57 1344.94 1123.72 3.91 5.71 139.16 2211.92 8321.59 1.02 41.97 130.78 2387.99 8082.78 9.3708 0.02 329 2212 100.0 10.64 6.3555
131 72 10.0058 0.25 100.0 489.05 604.41 1493.43 1307.51 10.52 15.49 395.23 2318.89 8778.71 1.26 45.26 371.85 2388.06 8125.67 8.64 0.03 370 2319 100.0 28.53 17.2539
131 73 35.0054 0.8417 100.0 449.44 555.53 1365.23 1133.74 5.48 8.0 194.68 2222.91 8344.72 1.02 41.81 182.85 2388.05 8068.79 9.2907 0.02 334 2223 100.0 14.83 8.8931
131 74 10.0005 0.25 100.0 489.05 604.59 1500.99 1306.32 10.52 15.49 394.97 2318.87 8774.74 1.26 45.29 372.07 2388.03 8130.78 8.6472 0.03 368 2319 100.0 28.74 17.2399
131 75 35.0067 0.8412 100.0 449.44 555.58 1363.2 1118.52 5.48 8.0 194.78 2222.86 8349.31 1.02 41.66 183.53 2387.97 8062.14 9.3225 0.02 332 2223 100.0 15.09 8.9288
131 76 0.002 0.0 100.0 518.67 642.4 1586.17 1394.88 14.62 21.61 553.66 2388.04 9052.17 1.3 47.31 521.53 2388.08 8139.32 8.4149 0.03 392 2388 100.0 39.09 23.5024
131 77 0.0023 0.0 100.0 518.67 642.23 1587.15 1405.11 14.62 21.61 554.17 2388.04 9054.0 1.3 47.28 521.6 2388.06 8130.16 8.4065 0.03 391 2388 100.0 39.0 23.4103
131 78 42.0052 0.84 100.0 445.0 549.5 1355.9 1126.44 3.91 5.71 138.59 2211.83 8313.24 1.02 41.97 130.39 2387.95 8079.55 9.3377 0.02 329 2212 100.0 10.63 6.5011
131 79 42.0028 0.8407 100.0 445.0 549.55 1347.0 1123.6 3.91 5.71 139.14 2211.9 8314.96 1.02 41.97 131.19 2387.97 8082.22 9.3577 0.02 331 2212 100.0 10.69 6.3219
131 80 20.0062 0.7015 100.0 491.19 606.98 1479.49 1244.62 9.35 13.65 335.77 2323.88 8727.92 1.08 44.26 314.3 2388.07 8059.96 9.1988 0.02 366 2324 100.0 24.65 14.7304
131 81 42.0045 0.8418 100.0 445.0 549.79 1348.78 1123.19 3.91 5.72 138.9 2211.89 8318.33 1.02 42.01 130.37 2387.93 8089.33 9.3459 0.02 330 2212 100.0 10.67 6.4507
131 82 9.9984 0.2513 100.0 489.05 604.61 1492.41 1305.19 10.52 15.49 395.0 2318.83 8776.59 1.26 45.0 372.14 2388.06 8129.06 8.6533 0.03 367 2319 100.0 28.77 17.2012
131 83 24.9988 0.62 60.0 462.54 537.4 1256.01 1047.04 7.05 9.03 175.6 1915.31 8002.17 0.94 36.65 164.8 2028.19 7873.86 10.8535 0.02 305 1915 84.93 14.25 8.6379
131 84 0.0002 0.0004 100.0 518.67 642.51 1592.17 1405.41 14.62 21.61 553.85 2388.09 9054.21 1.3 47.38 522.37 2388.06 8137.27 8.4247 0.03 392 2388 100.0 39.06 23.3537
131 85 20.0058 0.7011 100.0 491.19 606.83 1480.14 1251.58 9.35 13.66 334.39 2323.94 8718.11 1.08 44.25 315.34 2388.06 8057.6 9.1664 0.02 366 2324 100.0 24.68 14.6198
131 86 42.006 0.84 100.0 445.0 549.33 1355.73 1117.04 3.91 5.71 139.03 2211.92 8321.9 1.02 42.03 130.41 2387.95 8082.8 9.34 0.02 331 2212 100.0 10.75 6.3174
131 87 25.0061 0.6217 60.0 462.54 536.55 1256.97 1046.52 7.05 9.03 175.05 1915.3 8005.64 0.94 36.57 164.48 2028.19 7870.79 10.8057 0.02 305 1915 84.93 14.18 8.5334
131 88 20.0078 0.7 100.0 491.19 606.8 1476.05 1251.98 9.35 13.66 335.44 2323.92 8720.4 1.08 44.34 315.28 2388.1 8065.06 9.2238 0.02 365 2324 100.0 24.61 14.7679
131 89 10.0001 0.2519 100.0 489.05 604.69 1490.51 1301.74 10.52 15.49 395.13 2318.87 8773.16 1.26 45.33 371.95 2388.08 8128.7 8.6001 0.03 369 2319 100.0 28.77 17.2148
131 90 42.0034 0.8412 100.0 445.0 548.98 1351.56 1123.22 3.91 5.72 139.32 2211.92 8316.42 1.02 41.84 130.3 2387.97 8075.61 9.3532 0.02 330 2212 100.0 10.65 6.3995
131 91 35.0007 0.84 100.0 449.44 555.62 1353.58 1123.41 5.48 8.0 195.43 2222.95 8348.25 1.02 41.84 183.09 2387.93 8066.26 9.3386 0.02 333 2223 100.0 14.9 8.8947
131 92 20.0074 0.7 100.0 491.19 607.35 1477.13 1247.13 9.35 13.66 335.3 2323.9 8717.88 1.08 44.18 315.32 2388.07 8064.0 9.2203 0.02 364 2324 100.0 24.44 14.7251
131 93 41.999 0.8416 100.0 445.0 549.18 1355.76 1119.32 3.91 5.71 139.18 2211.87 8320.29 1.02 42.04 130.83 2387.98 8084.07 9.3152 0.02 329 2212 100.0 10.56 6.3672
131 94 19.9988 0.7 100.0 491.19 606.74 1480.57 1248.03 9.35 13.65 335.66 2323.86 8723.34 1.08 44.02 315.35 2388.1 8061.78 9.199 0.02 363 2324 100.0 24.41 14.638
131 95 10.0052 0.2503 100.0 489.05 604.17 1502.67 1300.54 10.52 15.49 395.15 2318.9 8778.62 1.26 45.19 372.07 2388.1 8131.92 8.6332 0.03 368 2319 100.0 28.44 17.1415
131 96 0.0001 0.0 100.0 518.67 642.5 1586.3 1404.7 14.62 21.61 554.04 2388.05 9063.81 1.3 47.38 522.27 2388.04 8139.0 8.3896 0.03 392 2388 100.0 38.91 23.3913
131 97 25.0007 0.6213 60.0 462.54 536.98 1255.91 1036.22 7.05 9.02 176.13 1915.35 8013.45 0.94 36.63 165.06 2028.24 7873.52 10.8818 0.02 307 1915 84.93 14.4 8.6332
131 98 10.0051 0.25 100.0 489.05 604.22 1498.03 1301.44 10.52 15.49 394.18 2318.85 8774.13 1.26 45.21 371.84 2388.11 8130.28 8.6375 0.03 368 2319 100.0 28.54 17.1838
131 99 41.9989 0.8409 100.0 445.0 549.47 1354.77 1122.53 3.91 5.71 139.13 2211.9 8319.3 1.02 41.97 130.47 2387.91 8083.41 9.3487 0.02 330 2212 100.0 10.49 6.5166
131 100 42.005 0.84 100.0 445.0 549.07 1354.77 1121.02 3.91 5.71 138.74 2211.91 8326.38 1.02 41.93 130.77 2387.98 8086.82 9.3713 0.02 330 2212 100.0 10.74 6.4252
131 101 25.0067 0.62 60.0 462.54 536.71 1256.64 1041.6 7.05 9.03 176.1 1915.37 8007.72 0.94 36.55 164.39 2028.22 7874.83 10.8369 0.02 306 1915 84.93 14.2 8.5957
131 102 20.0042 0.7016 100.0 491.19 607.45 1479.57 1245.52 9.35 13.65 334.22 2323.99 8725.21 1.08 44.34 315.88 2388.08 8055.39 9.2124 0.02 365 2324 100.0 24.49 14.8321
131 103 0.0001 0.0006 100.0 518.67 642.33 1578.72 1404.66 14.62 21.61 553.91 2388.02 9052.1 1.3 47.28 521.62 2388.1 8142.87 8.4612 0.03 392 2388 100.0 39.0 23.3335
131 104 25.0055 0.6202 60.0 462.54 536.24 1254.83 1046.5 7.05 9.03 174.95 1915.38 8005.17 0.94 36.6 164.97 2028.21 7874.8 10.8388 0.02 308 1915 84.93 14.2 8.5886
131 105 20.0061 0.7 100.0 491.19 607.42 1475.63 1240.3 9.35 13.65 335.49 2323.93 8723.0 1.08 44.16 315.31 2388.04 8061.35 9.2001 0.02 366 2324 100.0 24.56 14.7077
131 106 10.0009 0.25 100.0 489.05 605.01 1500.33 1309.74 10.52 15.49 394.12 2318.89 8778.28 1.26 45.22 371.61 2388.08 8126.75 8.6526 0.03 368 2319 100.0 28.64 17.1663
131 107 0.0006 0.0 100.0 518.67 641.83 1594.9 1404.48 14.62 21.61 553.59 2388.08 9051.67 1.3 47.17 522.48 2388.05 8132.58 8.3933 0.03 392 2388 100.0 39.08 23.3777
131 108 42.006 0.8416 100.0 445.0 549.37 1352.39 1123.65 3.91 5.71 138.55 2211.92 8315.2 1.02 41.95 131.01 2387.99 8085.67 9.3643 0.02 330 2212 100.0 10.51 6.3451
131 109 41.9996 0.8405 100.0 445.0 549.09 1356.33 1123.98 3.91 5.72 138.56 2211.87 8318.27 1.02 41.96 130.72 2388.01 8084.34 9.3626 0.02 330 2212 100.0 10.74 6.3686
131 110 42.0038 0.841 100.0 445.0 549.15 1342.4 1124.81 3.91 5.72 139.06 2211.89 8325.42 1.02 41.91 130.26 2388.01 8085.33 9.3129 0.02 330 2212 100.0 10.51 6.368
131 111 35.0009 0.841 100.0 449.44 554.99 1367.16 1125.98 5.48 8.0 194.27 2222.89 8345.74 1.02 41.74 182.76 2388.1 8068.43 9.295 0.02 334 2223 100.0 14.67 8.9497
131 112 25.0008 0.62 60.0 462.54 536.71 1261.05 1042.61 7.05 9.03 175.58 1915.34 8012.51 0.94 36.57 165.04 2028.24 7876.84 10.8726 0.02 307 1915 84.93 14.27 8.6189
131 113 0.0025 0.0 100.0 518.67 642.25 1588.39 1401.21 14.62 21.61 554.5 2388.04 9058.29 1.3 47.28 521.9 2388.06 8138.35 8.4253 0.03 391 2388 100.0 38.89 23.3548
131 114 20.0034 0.701 100.0 491.19 607.02 1480.72 1235.48 9.35 13.65 335.56 2323.92 8727.37 1.07 44.32 315.34 2388.03 8063.41 9.2125 0.02 363 2324 100.0 24.37 14.7707
131 115 10.0075 0.2504 100.0 489.05 604.5 1491.14 1304.0 10.52 15.49 395.33 2318.89 8779.86 1.26 45.33 372.16 2388.07 8135.2 8.6726 0.03 369 2319 100.0 28.55 17.1968
131 116 20.0016 0.7007 100.0 491.19 607.01 1477.93 1250.1 9.35 13.65 334.47 2323.9 8732.91 1.08 44.2 315.09 2388.02 8059.32 9.1945 0.02 364 2324 100.0 24.36 14.7387
131 117 19.9982 0.7 100.0 491.19 607.5 1479.32 1247.01 9.35 13.65 335.22 2323.97 8720.45 1.08 44.35 315.13 2388.09 8068.92 9.197 0.02 365 2324 100.0 24.53 14.806
131 118 25.0043 0.6205 60.0 462.54 536.31 1256.88 1052.12 7.05 9.03 176.11 1915.3 8007.72 0.94 36.52 164.49 2028.2 7873.37 10.8765 0.02 307 1915 84.93 14.25 8.5251
131 119 10.0012 0.25 100.0 489.05 604.72 1505.33 1307.16 10.52 15.49 394.27 2318.88 8782.21 1.26 45.34 371.87 2388.08 8128.13 8.6531 0.03 369 2319 100.0 28.59 17.0209
131 120 34.9982 0.8402 100.0 449.44 555.59 1363.14 1130.46 5.48 8.0 194.43 2223.0 8355.48 1.02 41.85 183.4 2388.06 8069.02 9.3254 0.02 332 2223 100.0 14.85 8.9415
131 121 25.0033 0.62 60.0 462.54 536.81 1263.58 1044.97 7.05 9.03 175.93 1915.36 8009.85 0.94 36.53 164.72 2028.25 7871.32 10.8662 0.02 305 1915 84.93 14.3 8.5369
131 122 24.9981 0.6202 60.0 462.54 536.47 1259.84 1045.91 7.05 9.02 175.77 1915.38 8007.0 0.94 36.76 164.73 2028.27 7878.08 10.891 0.02 307 1915 84.93 14.33 8.6657
131 123 42.004 0.84 100.0 445.0 549.65 1344.89 1123.01 3.91 5.71 138.9 2211.92 8324.47 1.02 42.06 130.71 2388.02 8086.13 9.3198 0.02 332 2212 100.0 10.46 6.4335
131 124 41.9985 0.84 100.0 445.0 549.29 1356.08 1119.71 3.91 5.71 138.76 2211.92 8330.8 1.02 42.06 130.33 2388.03 8083.52 9.3339 0.02 329 2212 100.0 10.51 6.368
131 125 41.9998 0.84 100.0 445.0 550.23 1352.48 1120.52 3.91 5.72 138.33 2211.98 8320.2 1.02 42.08 130.27 2388.06 8084.54 9.3166 0.02 330 2212 100.0 10.53 6.3567
131 126 0.0027 0.0017 100.0 518.67 642.04 1587.4 1405.63 14.62 21.61 553.96 2388.04 9062.97 1.3 47.45 521.89 2388.04 8140.47 8.3888 0.03 392 2388 100.0 38.99 23.3637
131 127 24.999 0.6202 60.0 462.54 536.59 1260.7 1048.7 7.05 9.02 175.72 1915.31 8012.07 0.94 36.56 164.83 2028.22 7870.68 10.8957 0.02 307 1915 84.93 14.31 8.5748
131 128 20.0031 0.7 100.0 491.19 606.89 1481.92 1248.47 9.35 13.66 334.51 2323.96 8730.57 1.08 44.36 315.36 2388.08 8066.45 9.2206 0.02 364 2324 100.0 24.44 14.7472
131 129 41.9996 0.84 100.0 445.0 549.29 1349.97 1117.71 3.91 5.72 138.17 2211.91 8316.42 1.02 41.97 130.62 2387.96 8083.9 9.3467 0.02 330 2212 100.0 10.77 6.4099
131 130 20.0023 0.7005 100.0 491.19 607.98 1481.9 1247.36 9.35 13.65 334.92 2323.97 8718.21 1.08 44.35 315.07 2388.09 8067.85 9.2552 0.02 364 2324 100.0 24.44 14.795
131 131 41.9989 0.8401 100.0 445.0 549.75 1352.95 1119.89 3.91 5.72 138.35 2211.94 8320.25 1.02 41.82 131.03 2388.03 8090.36 9.336 0.02 329 2212 100.0 10.74 6.3964
131 132 42.0049 0.8407 100.0 445.0 549.47 1348.73 1123.74 3.91 5.71 139.05 2211.93 8325.35 1.02 42.1 130.57 2388.04 8087.3 9.3539 0.02 332 2212 100.0 10.68 6.3905
131 133 41.9987 0.84 100.0 445.0 550.06 1347.21 1123.39 3.91 5.72 138.74 2211.95 8322.07 1.02 41.98 130.46 2387.99 8089.74 9.3232 0.02 329 2212 100.0 10.69 6.2624
131 134 25.0008 0.62 60.0 462.54 537.02 1258.37 1047.85 7.05 9.02 175.77 1915.35 8014.5 0.94 36.67 164.61 2028.26 7875.04 10.8773 0.02 305 1915 84.93 14.36 8.4869
131 135 19.999 0.7007 100.0 491.19 606.81 1482.53 1249.88 9.35 13.66 334.77 2323.92 8720.83 1.08 44.11 315.04 2388.08 8060.35 9.1877 0.02 365 2324 100.0 24.39 14.6719
131 136 42.0039 0.84 100.0 445.0 549.07 1349.47 1123.61 3.91 5.72 139.5 2211.92 8322.49 1.02 41.96 130.29 2388.03 8084.71 9.366 0.02 330 2212 100.0 10.73 6.453
131 137 25.0032 0.62 60.0 462.54 537.32 1266.57 1043.78 7.05 9.03 175.43 1915.37 8009.57 0.94 36.59 164.86 2028.24 7872.05 10.8791 0.02 306 1915 84.93 14.31 8.4916
131 138 0.0007 0.0018 100.0 518.67 642.23 1585.72 1397.74 14.62 21.61 553.6 2388.08 9052.54 1.3 47.45 521.92 2388.05 8136.36 8.4315 0.03 391 2388 100.0 38.87 23.4286
131 139 35.0035 0.84 100.0 449.44 555.85 1370.01 1128.19 5.48 8.0 194.88 2222.94 8350.25 1.02 41.75 182.89 2388.09 8062.98 9.2675 0.02 334 2223 100.0 15.02 8.8104
131 140 20.0047 0.7008 100.0 491.19 607.25 1482.82 1251.39 9.35 13.66 334.78 2323.91 8716.94 1.08 43.95 315.27 2388.07 8064.02 9.2495 0.02 363 2324 100.0 24.56 14.7185
131 141 25.0057 0.62 60.0 462.54 536.51 1262.56 1045.88 7.05 9.02 175.93 1915.32 8013.18 0.94 36.62 164.81 2028.3 7878.03 10.8871 0.02 307 1915 84.93 14.34 8.573
131 142 9.9982 0.2502 100.0 489.05 604.45 1501.58 1302.93 10.52 15.49 394.78 2318.91 8780.41 1.26 45.21 372.24 2388.04 8134.63 8.6641 0.03 368 2319 100.0 28.53 17.1234
131 143 25.0029 0.6206 60.0 462.54 536.65 1256.95 1047.86 7.05 9.02 175.7 1915.31 8009.64 0.94 36.81 164.49 2028.24 7871.08 10.8991 0.02 306 1915 84.93 14.33 8.5541
131 144 42.0078 0.8419 100.0 445.0 548.74 1348.25 1127.31 3.91 5.72 138.7 2211.93 8330.74 1.02 41.93 130.78 2388.04 8089.73 9.3648 0.02 330 2212 100.0 10.58 6.328
131 145 0.0024 0.0 100.0 518.67 642.26 1579.12 1402.61 14.62 21.61 554.48 2388.04 9063.0 1.3 47.44 521.58 2388.12 8141.13 8.4268 0.03 390 2388 100.0 38.95 23.3117
131 146 25.008 0.62 60.0 462.54 536.37 1266.09 1043.65 7.05 9.03 176.15 1915.4 8009.66 0.94 36.7 164.44 2028.27 7872.69 10.868 0.02 307 1915 84.93 14.34 8.6301
131 147 24.9997 0.62 60.0 462.54 536.2 1258.63 1035.27 7.05 9.03 175.43 1915.36 8007.24 0.94 36.72 164.84 2028.24 7877.14 10.8718 0.02 306 1915 84.93 14.39 8.5321
131 148 0.0015 0.0012 100.0 518.67 642.38 1589.28 1398.06 14.62 21.61 553.59 2388.1 9063.25 1.3 47.43 521.66 2388.03 8138.68 8.416 0.03 392 2388 100.0 38.83 23.465
131 149 34.9982 0.8418 100.0 449.44 555.59 1365.8 1116.75 5.48 8.0 195.02 2223.01 8354.68 1.02 41.92 183.37 2388.06 8068.3 9.2818 0.02 333 2223 100.0 14.84 8.9541
131 150 35.006 0.8409 100.0 449.44 555.9 1366.77 1122.84 5.48 8.0 193.44 2222.98 8356.66 1.02 41.74 183.2 2388.11 8067.19 9.2965 0.02 333 2223 100.0 14.97 8.9147
131 151 10.0004 0.2505 100.0 489.05 604.17 1493.2 1306.11 10.52 15.49 394.79 2318.93 8781.38 1.26 45.19 371.7 2388.08 8130.42 8.647 0.03 370 2319 100.0 28.71 17.1801
131 152 35.0078 0.8405 100.0 449.44 555.67 1369.01 1126.09 5.48 8.0 194.93 2223.02 8350.62 1.02 41.83 182.54 2388.11 8066.37 9.3288 0.02 332 2223 100.0 15.0 8.8697
131 153 42.003 0.8402 100.0 445.0 549.63 1352.85 1120.83 3.91 5.72 138.36 2211.97 8317.72 1.02 42.09 130.44 2388.04 8084.31 9.3658 0.02 330 2212 100.0 10.68 6.4565
131 154 42.0001 0.8405 100.0 445.0 549.26 1346.92 1126.55 3.91 5.72 138.78 2211.96 8327.96 1.02 41.99 129.98 2388.04 8090.73 9.3652 0.02 330 2212 100.0 10.39 6.4033
131 155 10.0042 0.25 100.0 489.05 604.41 1505.36 1308.73 10.52 15.49 394.17 2318.92 8779.13 1.26 45.36 371.86 2388.05 8134.79 8.6161 0.03 369 2319 100.0 28.6 17.138
131 156 42.0018 0.84 100.0 445.0 548.93 1349.2 1126.91 3.91 5.72 138.89 2212.0 8322.73 1.02 42.11 130.58 2388.09 8088.48 9.3754 0.02 330 2212 100.0 10.67 6.3853
131 157 25.0014 0.62 60.0 462.54 536.77 1262.88 1042.27 7.05 9.03 175.94 1915.44 8020.7 0.94 36.74 164.52 2028.26 7877.34 10.8652 0.02 305 1915 84.93 14.22 8.6062
131 158 20.0004 0.7 100.0 491.19 607.15 1479.42 1246.3 9.35 13.66 334.81 2323.98 8727.02 1.08 44.26 315.2 2388.16 8069.76 9.217 0.02 364 2324 100.0 24.55 14.733
131 159 0.0025 0.0 100.0 518.67 642.64 1582.34 1402.31 14.62 21.61 553.37 2388.09 9055.49 1.3 47.41 521.91 2388.11 8142.84 8.4391 0.03 393 2388 100.0 38.85 23.4736
131 160 25.0029 0.6218 60.0 462.54 536.9 1265.46 1040.48 7.05 9.03 176.3 1915.44 8014.84 0.94 36.84 165.03 2028.27 7879.08 10.9149 0.02 307 1915 84.93 14.36 8.5718
131 161 0.0024 0.0018 100.0 518.67 642.67 1584.68 1403.19 14.62 21.61 554.26 2388.07 9054.67 1.3 47.47 522.43 2388.06 8138.26 8.4232 0.03 392 2388 100.0 38.9 23.2819
131 162 20.007 0.7 100.0 491.19 607.52 1486.42 1248.37 9.35 13.66 335.07 2323.92 8728.0 1.08 44.4 315.02 2388.11 8063.87 9.2269 0.02 366 2324 100.0 24.41 14.69
131 163 0.0022 0.0011 100.0 518.67 642.58 1585.54 1404.7 14.62 21.61 553.84 2388.01 9058.87 1.3 47.3 522.08 2388.05 8144.46 8.4289 0.03 393 2388 100.0 38.92 23.2872
131 164 0.0021 0.0008 100.0 518.67 642.47 1594.9 1405.87 14.62 21.61 553.81 2388.07 9059.24 1.3 47.33 521.34 2388.09 8139.91 8.4337 0.03 391 2388 100.0 38.94 23.3127
131 165 0.0014 0.0 100.0 518.67 642.7 1590.29 1410.14 14.62 21.61 554.41 2388.05 9055.97 1.3 47.27 521.97 2388.05 8140.61 8.4347 0.03 392 2388 100.0 38.9 23.3074
131 166 0.0012 0.001 100.0 518.67 642.5 1591.4 1397.42 14.62 21.61 554.01 2388.1 9058.94 1.3 47.27 521.91 2388.06 8143.06 8.42 0.03 392 2388 100.0 38.81 23.4094
131 167 20.001 0.7008 100.0 491.19 607.76 1479.34 1252.08 9.35 13.66 335.65 2324.0 8738.08 1.08 44.17 315.15 2388.1 8065.21 9.2322 0.02 366 2324 100.0 24.44 14.7442
131 168 35.0066 0.84 100.0 449.44 555.6 1369.53 1125.81 5.48 8.0 193.9 2223.06 8353.96 1.02 41.88 182.55 2388.16 8068.97 9.3151 0.02 333 2223 100.0 14.91 9.0744
131 169 35.0035 0.84 100.0 449.44 555.28 1370.34 1128.75 5.48 8.0 195.12 2223.04 8350.58 1.02 42.01 183.01 2388.18 8072.69 9.3239 0.02 334 2223 100.0 14.63 8.9243
131 170 0.0019 0.002 100.0 518.67 642.53 1588.46 1411.59 14.62 21.61 553.42 2388.08 9056.97 1.3 47.19 521.49 2388.07 8141.41 8.3955 0.03 392 2388 100.0 38.75 23.4272
131 171 35.0047 0.8407 100.0 449.44 555.54 1370.03 1125.11 5.48 8.0 194.45 2223.09 8352.91 1.02 41.89 183.54 2388.16 8071.76 9.284 0.02 335 2223 100.0 14.91 8.9268
131 172 20.0022 0.7001 100.0 491.19 607.57 1485.31 1251.61 9.35 13.66 334.1 2324.01 8728.57 1.08 44.45 315.07 2388.09 8063.2 9.2392 0.02 364 2324 100.0 24.46 14.6854
131 173 35.0015 0.8415 100.0 449.44 555.98 1367.16 1133.31 5.48 8.0 194.59 2223.07 8355.62 1.02 41.84 183.05 2388.13 8070.43 9.3494 0.02 335 2223 100.0 14.75 8.9544
131 174 20.0021 0.7003 100.0 491.19 607.22 1486.89 1255.27 9.35 13.65 334.59 2324.01 8727.63 1.08 44.47 315.1 2388.14 8066.75 9.2055 0.02 365 2324 100.0 24.51 14.6194
131 175 41.9991 0.8407 100.0 445.0 550.09 1356.19 1126.17 3.91 5.71 138.82 2212.04 8328.22 1.02 42.11 130.72 2388.1 8097.92 9.3784 0.02 330 2212 100.0 10.55 6.3057
131 176 41.9988 0.841 100.0 445.0 549.76 1354.56 1127.5 3.91 5.71 138.24 2212.1 8331.56 1.02 41.87 130.34 2388.08 8093.17 9.3546 0.02 330 2212 100.0 10.65 6.2978
131 177 10.0017 0.2519 100.0 489.05 604.92 1501.65 1311.36 10.52 15.5 393.88 2318.92 8784.73 1.26 45.47 371.28 2388.07 8135.4 8.6791 0.03 369 2319 100.0 28.66 17.2019
131 178 42.0008 0.84 100.0 445.0 549.73 1356.01 1130.38 3.91 5.71 139.3 2212.02 8330.85 1.02 41.97 130.6 2388.06 8093.66 9.3704 0.02 332 2212 100.0 10.56 6.4258
131 179 42.001 0.84 100.0 445.0 549.62 1360.14 1128.13 3.91 5.71 138.58 2212.01 8334.63 1.02 42.15 130.76 2388.17 8085.58 9.3546 0.02 330 2212 100.0 10.7 6.413
131 180 20.007 0.7 100.0 491.19 607.26 1485.32 1247.32 9.35 13.66 334.42 2324.02 8737.53 1.08 44.4 314.47 2388.15 8070.13 9.2348 0.02 365 2324 100.0 24.38 14.5995
131 181 24.9986 0.62 60.0 462.54 537.13 1264.52 1049.3 7.05 9.03 176.06 1915.46 8016.79 0.94 36.65 163.86 2028.33 7879.42 10.8765 0.02 308 1915 84.93 14.19 8.472
131 182 19.999 0.7 100.0 491.19 606.95 1490.92 1253.17 9.35 13.66 334.93 2323.98 8729.01 1.08 44.44 314.65 2388.14 8061.95 9.2215 0.02 365 2324 100.0 24.65 14.7108
131 183 35.0053 0.8408 100.0 449.44 555.56 1370.75 1129.76 5.48 8.0 194.62 2223.15 8356.53 1.02 41.91 183.29 2388.18 8079.46 9.359 0.02 334 2223 100.0 14.94 9.0157
131 184 10.0025 0.25 100.0 489.05 605.15 1501.54 1311.17 10.52 15.5 394.27 2318.91 8793.59 1.26 45.42 371.1 2388.14 8132.32 8.6773 0.03 370 2319 100.0 28.38 17.1909
131 185 42.006 0.84 100.0 445.0 550.33 1350.02 1124.46 3.91 5.72 138.78 2212.04 8336.8 1.02 42.22 130.14 2388.11 8092.35 9.3833 0.02 331 2212 100.0 10.67 6.3476
131 186 10.0079 0.2519 100.0 489.05 605.18 1494.02 1308.18 10.52 15.5 394.44 2318.87 8789.53 1.26 45.69 371.53 2388.16 8136.55 8.6674 0.03 370 2319 100.0 28.4 17.2425
131 187 35.0016 0.8403 100.0 449.44 555.29 1371.51 1134.55 5.48 8.0 194.92 2223.06 8360.73 1.02 41.98 183.01 2388.17 8076.69 9.3215 0.02 335 2223 100.0 14.92 8.9643
131 188 24.9988 0.62 60.0 462.54 536.91 1268.87 1040.75 7.05 9.02 175.86 1915.52 8023.14 0.94 36.85 165.0 2028.4 7874.11 10.9195 0.02 307 1915 84.93 14.29 8.6257
131 189 35.0007 0.8419 100.0 449.44 555.95 1367.72 1131.62 5.48 8.0 194.32 2223.13 8356.02 1.02 42.03 182.94 2388.23 8079.88 9.3173 0.02 334 2223 100.0 14.7 8.9055
131 190 0.0024 0.0012 100.0 518.67 642.59 1588.73 1408.03 14.62 21.61 553.51 2388.11 9067.91 1.3 47.31 521.58 2388.11 8150.77 8.4355 0.03 394 2388 100.0 39.03 23.2269
131 191 35.0018 0.84 100.0 449.44 555.95 1362.88 1134.13 5.48 8.0 195.05 2223.09 8362.53 1.02 41.91 182.74 2388.15 8074.22 9.3238 0.02 334 2223 100.0 14.71 8.959
131 192 25.0002 0.6204 60.0 462.54 536.73 1265.06 1055.39 7.05 9.03 175.01 1915.51 8026.69 0.94 36.89 164.83 2028.4 7885.1 10.8859 0.02 307 1915 84.93 14.27 8.5127
131 193 42.0058 0.8411 100.0 445.0 550.08 1346.41 1125.36 3.91 5.72 138.38 2212.04 8333.59 1.02 41.99 130.57 2388.19 8089.01 9.3606 0.02 331 2212 100.0 10.7 6.3453
131 194 0.0022 0.0 100.0 518.67 642.42 1590.23 1407.69 14.62 21.61 552.66 2388.13 9066.72 1.3 47.56 521.48 2388.11 8146.23 8.4835 0.03 394 2388 100.0 38.87 23.2368
131 195 35.0074 0.8417 100.0 449.44 555.12 1362.6 1137.37 5.48 8.0 194.95 2223.15 8359.76 1.02 42.03 182.54 2388.25 8083.68 9.3607 0.02 333 2223 100.0 14.86 8.8502
131 196 0.003 0.0 100.0 518.67 642.99 1583.66 1409.8 14.62 21.61 553.0 2388.11 9074.48 1.3 47.57 521.76 2388.08 8146.12 8.4604 0.03 395 2388 100.0 39.03 23.3683
131 197 10.0045 0.25 100.0 489.05 604.94 1495.14 1311.08 10.52 15.49 394.5 2318.92 8790.7 1.26 45.54 371.42 2388.17 8135.7 8.6773 0.03 370 2319 100.0 28.57 17.1699
131 198 42.0026 0.84 100.0 445.0 549.49 1356.79 1125.14 3.91 5.71 138.53 2212.1 8328.87 1.02 42.18 130.5 2388.2 8091.72 9.3422 0.02 330 2212 100.0 10.5 6.2866
131 199 0.0006 0.0 100.0 518.67 642.47 1588.9 1401.71 14.62 21.61 554.14 2388.08 9074.35 1.3 47.52 521.21 2388.08 8150.07 8.4249 0.03 394 2388 100.0 38.69 23.2811
131 200 20.003 0.7005 100.0 491.19 607.46 1481.06 1256.43 9.35 13.65 334.78 2324.06 8734.83 1.08 44.51 315.19 2388.14 8063.9 9.2517 0.02 368 2324 100.0 24.5 14.684
131 201 42.007 0.8406 100.0 445.0 549.76 1351.5 1121.83 3.91 5.71 139.34 2212.15 8332.5 1.02 42.13 130.57 2388.2 8096.92 9.3983 0.02 331 2212 100.0 10.54 6.3098
131 202 25.0028 0.6205 60.0 462.54 537.33 1271.06 1048.89 7.05 9.03 175.24 1915.51 8023.95 0.94 37.04 164.11 2028.5 7879.9 10.9327 0.02 308 1915 84.93 14.45 8.5172
131 203 20.0029 0.7002 100.0 491.19 607.0 1487.41 1246.17 9.35 13.66 333.49 2324.04 8735.41 1.08 44.39 314.44 2388.16 8074.82 9.2749 0.02 365 2324 100.0 24.43 14.6709
131 204 20.0074 0.7 100.0 491.19 607.78 1480.98 1249.81 9.35 13.66 334.02 2324.09 8737.25 1.08 44.48 315.26 2388.19 8069.94 9.2195 0.02 365 2324 100.0 24.55 14.7519
131 205 25.0041 0.62 60.0 462.54 536.91 1256.94 1053.73 7.05 9.03 175.2 1915.55 8015.3 0.94 36.87 164.47 2028.44 7884.74 10.9219 0.02 307 1915 84.93 14.26 8.5961
131 206 0.0025 0.0018 100.0 518.67 643.31 1586.95 1414.56 14.62 21.61 553.23 2388.11 9071.84 1.3 47.63 521.63 2388.13 8145.09 8.4466 0.03 393 2388 100.0 38.7 23.2784
131 207 42.0 0.84 100.0 445.0 549.65 1353.38 1130.41 3.91 5.72 139.49 2212.16 8341.43 1.02 42.29 130.65 2388.26 8093.55 9.3775 0.02 332 2212 100.0 10.55 6.3696
131 208 35.0028 0.8418 100.0 449.44 555.2 1365.67 1129.79 5.48 8.0 194.66 2223.19 8368.25 1.02 42.01 183.24 2388.28 8081.84 9.339 0.02 336 2223 100.0 14.71 8.9724
131 209 10.008 0.2514 100.0 489.05 605.11 1505.89 1311.73 10.52 15.5 393.83 2319.01 8791.64 1.26 45.51 372.02 2388.15 8142.32 8.6919 0.03 369 2319 100.0 28.53 17.1274
131 210 35.0044 0.84 100.0 449.44 556.18 1369.16 1134.17 5.48 8.0 194.37 2223.2 8366.14 1.02 42.0 183.07 2388.33 8081.89 9.3332 0.02 334 2223 100.0 14.86 8.8008
131 211 42.0068 0.84 100.0 445.0 550.0 1362.81 1125.24 3.91 5.72 138.21 2212.14 8340.23 1.02 42.31 130.84 2388.23 8099.52 9.3725 0.02 332 2212 100.0 10.5 6.3585
131 212 42.0075 0.84 100.0 445.0 549.33 1349.23 1135.49 3.91 5.72 138.85 2212.15 8340.36 1.02 42.15 130.67 2388.26 8094.41 9.3795 0.02 331 2212 100.0 10.59 6.3876
131 213 25.0005 0.6201 60.0 462.54 536.86 1266.25 1053.46 7.05 9.03 175.64 1915.58 8023.16 0.94 36.94 164.8 2028.47 7880.56 10.9335 0.02 308 1915 84.93 14.18 8.68
131 214 20.0064 0.7004 100.0 491.19 607.8 1481.94 1249.91 9.35 13.66 334.13 2324.1 8742.9 1.07 44.43 315.26 2388.17 8072.88 9.2155 0.03 365 2324 100.0 24.38 14.5729
131 215 42.0022 0.8406 100.0 445.0 549.46 1364.32 1134.13 3.91 5.72 138.49 2212.2 8335.34 1.02 42.14 130.47 2388.3 8102.3 9.366 0.02 331 2212 100.0 10.61 6.2984
131 216 25.0059 0.6216 60.0 462.54 536.97 1266.7 1054.56 7.05 9.03 175.8 1915.56 8028.09 0.94 37.1 164.37 2028.51 7892.89 10.925 0.02 307 1915 84.93 14.22 8.543
131 217 0.0022 0.0004 100.0 518.67 642.48 1594.11 1404.27 14.62 21.61 553.3 2388.09 9075.28 1.3 47.66 520.99 2388.1 8148.55 8.4651 0.03 394 2388 100.0 38.8 23.2279
131 218 34.9994 0.8408 100.0 449.44 556.49 1367.25 1139.38 5.48 8.0 194.72 2223.23 8358.87 1.02 41.99 182.62 2388.39 8080.85 9.353 0.02 336 2223 100.0 14.85 8.8356
131 219 10.0026 0.25 100.0 489.05 604.28 1500.63 1324.2 10.52 15.5 394.22 2318.96 8803.02 1.26 45.54 371.71 2388.22 8144.69 8.6457 0.03 369 2319 100.0 28.52 17.1262
131 220 10.0058 0.252 100.0 489.05 604.9 1504.84 1319.53 10.52 15.49 393.06 2318.93 8806.38 1.26 45.63 371.1 2388.19 8145.26 8.688 0.03 371 2319 100.0 28.47 17.1345
131 221 20.0055 0.7015 100.0 491.19 607.65 1492.72 1254.58 9.35 13.66 334.01 2324.13 8744.56 1.07 44.37 314.2 2388.23 8075.81 9.3053 0.02 367 2324 100.0 24.35 14.685
131 222 24.9982 0.62 60.0 462.54 536.97 1266.46 1054.17 7.05 9.03 175.71 1915.66 8026.15 0.94 37.0 164.36 2028.59 7891.32 10.9786 0.02 307 1915 84.93 14.43 8.5079
131 223 42.0029 0.8412 100.0 445.0 549.61 1354.53 1136.82 3.91 5.72 138.1 2212.3 8347.74 1.02 42.07 130.56 2388.29 8102.64 9.3928 0.02 332 2212 100.0 10.69 6.3333
131 224 0.0015 0.0005 100.0 518.67 642.8 1600.44 1409.82 14.62 21.61 553.61 2388.11 9076.19 1.3 47.68 521.36 2388.11 8156.36 8.4475 0.03 393 2388 100.0 38.72 23.2373
131 225 0.0015 0.0017 100.0 518.67 643.67 1582.51 1415.82 14.62 21.61 552.83 2388.12 9072.31 1.3 47.68 520.83 2388.1 8150.62 8.4707 0.03 395 2388 100.0 38.69 23.3085
131 226 19.9995 0.7001 100.0 491.19 608.04 1489.68 1248.32 9.35 13.66 334.09 2324.17 8746.29 1.07 44.33 314.31 2388.3 8079.17 9.2689 0.02 366 2324 100.0 24.36 14.6276
131 227 19.9994 0.7009 100.0 491.19 607.64 1489.92 1259.81 9.35 13.66 334.84 2324.14 8748.46 1.08 44.55 314.65 2388.28 8083.23 9.235 0.02 365 2324 100.0 24.47 14.6162
131 228 24.9984 0.62 60.0 462.54 537.12 1253.76 1051.82 7.05 9.03 175.75 1915.67 8028.17 0.94 36.92 164.51 2028.64 7892.22 10.9466 0.02 309 1915 84.93 14.15 8.4691
131 229 35.0042 0.84 100.0 449.44 556.11 1368.56 1138.88 5.48 8.0 195.0 2223.33 8374.21 1.02 42.06 183.15 2388.48 8088.24 9.3122 0.02 334 2223 100.0 14.69 8.744
131 230 25.0017 0.6218 60.0 462.54 537.16 1263.51 1061.08 7.05 9.03 175.23 1915.68 8024.68 0.94 36.88 164.72 2028.53 7888.63 10.9459 0.02 309 1915 84.93 14.04 8.4765
131 231 42.0005 0.84 100.0 445.0 549.69 1365.76 1125.41 3.91 5.72 138.29 2212.22 8344.34 1.02 42.38 130.3 2388.35 8103.4 9.3638 0.02 333 2212 100.0 10.72 6.3653
131 232 42.0076 0.8416 100.0 445.0 549.7 1358.6 1132.78 3.91 5.71 138.36 2212.25 8350.88 1.02 42.28 130.51 2388.34 8101.31 9.3984 0.02 332 2212 100.0 10.67 6.3291
131 233 9.9991 0.2518 100.0 489.05 604.97 1503.42 1312.47 10.52 15.5 393.31 2318.98 8804.08 1.26 45.53 371.17 2388.19 8151.59 8.6947 0.03 370 2319 100.0 28.45 17.0117
131 234 20.0035 0.7019 100.0 491.19 608.14 1492.26 1261.31 9.35 13.66 334.38 2324.17 8747.96 1.08 44.7 314.0 2388.27 8083.23 9.2468 0.02 366 2324 100.0 24.35 14.4873
131 235 0.0015 0.0001 100.0 518.67 643.02 1591.63 1414.38 14.62 21.61 552.89 2388.09 9082.52 1.3 47.79 520.73 2388.12 8158.54 8.4628 0.03 393 2388 100.0 38.61 23.2624
131 236 0.0008 0.0016 100.0 518.67 643.31 1599.85 1424.14 14.62 21.61 552.14 2388.13 9090.58 1.3 47.83 521.04 2388.19 8156.93 8.4399 0.03 395 2388 100.0 38.58 23.2087
131 237 34.9988 0.84 100.0 449.44 556.51 1376.71 1139.26 5.48 8.0 194.3 2223.37 8383.26 1.02 42.32 182.78 2388.46 8088.89 9.3743 0.02 335 2223 100.0 14.85 8.8806
131 238 10.0013 0.25 100.0 489.05 605.43 1507.25 1315.14 10.52 15.5 394.24 2319.03 8804.82 1.26 45.81 371.15 2388.21 8152.52 8.7038 0.03 372 2319 100.0 28.63 16.9515
131 239 0.0025 0.0019 100.0 518.67 642.37 1592.51 1415.42 14.62 21.61 553.06 2388.09 9088.46 1.3 47.69 520.69 2388.12 8160.33 8.4751 0.03 395 2388 100.0 38.62 23.1834
131 240 25.0004 0.62 60.0 462.54 537.49 1270.05 1053.19 7.05 9.03 175.99 1915.77 8039.96 0.94 36.9 164.41 2028.68 7898.0 10.9957 0.02 307 1915 84.93 14.26 8.4141
131 241 10.0016 0.25 100.0 489.05 605.61 1510.15 1315.05 10.52 15.5 393.75 2319.05 8815.56 1.26 45.81 371.0 2388.25 8160.36 8.6936 0.03 369 2319 100.0 28.43 17.1167
131 242 35.0015 0.8412 100.0 449.44 556.24 1370.49 1138.53 5.48 8.0 194.22 2223.42 8388.3 1.02 42.06 183.2 2388.58 8100.02 9.381 0.02 336 2223 100.0 14.84 8.8336
131 243 0.0029 0.0 100.0 518.67 642.47 1592.49 1416.3 14.62 21.61 552.41 2388.11 9087.65 1.3 47.85 520.58 2388.09 8164.85 8.5119 0.03 396 2388 100.0 38.62 23.1855
131 244 0.0007 0.0 100.0 518.67 642.67 1594.9 1413.31 14.62 21.61 552.35 2388.07 9091.42 1.3 47.95 520.6 2388.14 8161.57 8.469 0.03 394 2388 100.0 38.67 23.1764
131 245 34.9991 0.8416 100.0 449.44 556.07 1366.24 1140.74 5.48 8.0 194.69 2223.38 8385.94 1.02 42.3 183.08 2388.62 8093.53 9.3248 0.02 337 2223 100.0 14.86 8.8767
131 246 42.0002 0.8418 100.0 445.0 550.18 1358.78 1131.42 3.91 5.72 138.35 2212.44 8357.12 1.02 42.54 130.69 2388.53 8117.05 9.4059 0.02 332 2212 100.0 10.44 6.3615
131 247 10.0012 0.2506 100.0 489.05 605.17 1510.64 1315.55 10.52 15.5 394.27 2319.08 8816.6 1.26 45.68 370.31 2388.24 8157.41 8.688 0.03 370 2319 100.0 28.28 17.026
131 248 42.0011 0.84 100.0 445.0 549.78 1362.58 1133.55 3.91 5.72 138.16 2212.44 8365.59 1.02 42.23 130.94 2388.56 8110.73 9.3809 0.02 332 2212 100.0 10.53 6.2914
131 249 20.0047 0.7 100.0 491.19 608.08 1489.1 1256.67 9.35 13.66 333.22 2324.21 8763.67 1.08 44.82 313.86 2388.39 8090.63 9.2727 0.03 365 2324 100.0 24.19 14.6217
131 250 42.0054 0.84 100.0 445.0 549.81 1358.55 1130.85 3.91 5.72 139.42 2212.45 8359.07 1.02 42.44 130.25 2388.54 8115.88 9.4025 0.02 332 2212 100.0 10.52 6.3368
131 251 24.999 0.6205 60.0 462.54 537.49 1271.74 1051.31 7.05 9.03 174.95 1915.83 8043.93 0.94 37.01 164.48 2028.72 7899.98 10.984 0.02 309 1915 84.93 14.32 8.4625
131 252 10.0033 0.25 100.0 489.05 606.18 1513.01 1323.78 10.52 15.5 393.01 2319.09 8816.28 1.26 45.77 371.03 2388.33 8158.08 8.7378 0.03 372 2319 100.0 28.38 17.0553
131 253 42.0039 0.8412 100.0 445.0 550.66 1362.23 1142.74 3.91 5.72 138.23 2212.48 8360.08 1.02 42.53 130.24 2388.59 8116.03 9.4234 0.02 333 2212 100.0 10.61 6.3004
131 254 35.0065 0.8411 100.0 449.44 556.03 1372.61 1143.07 5.48 8.0 194.43 2223.56 8386.03 1.02 42.31 182.4 2388.69 8099.73 9.3999 0.02 336 2223 100.0 14.69 8.8895
131 255 42.0047 0.841 100.0 445.0 550.11 1353.46 1134.73 3.91 5.72 138.63 2212.48 8368.64 1.02 42.44 129.93 2388.67 8118.52 9.415 0.02 335 2212 100.0 10.55 6.4035
131 256 25.0017 0.6219 60.0 462.54 536.86 1267.48 1057.22 7.05 9.03 174.74 1915.88 8042.86 0.94 37.21 163.82 2028.86 7902.86 10.9845 0.02 308 1915 84.93 14.01 8.5473
131 257 35.0004 0.84 100.0 449.44 556.84 1365.2 1139.21 5.48 8.0 194.68 2223.65 8383.95 1.02 42.15 182.98 2388.7 8098.39 9.4218 0.02 336 2223 100.0 14.82 8.8452
131 258 10.0033 0.2507 100.0 489.05 605.22 1518.41 1323.21 10.52 15.5 392.96 2319.07 8826.37 1.26 46.05 370.87 2388.3 8161.56 8.7193 0.03 372 2319 100.0 28.26 17.0174
131 259 34.9997 0.84 100.0 449.44 556.75 1380.0 1143.91 5.48 8.01 194.35 2223.6 8405.98 1.02 42.12 183.23 2388.73 8104.24 9.3932 0.02 336 2223 100.0 14.68 8.8385
131 260 25.0022 0.62 60.0 462.54 537.4 1267.2 1057.32 7.05 9.03 175.52 1915.96 8050.29 0.94 37.22 164.71 2028.9 7906.93 10.9803 0.02 309 1915 84.93 14.15 8.4924
131 261 20.002 0.7004 100.0 491.19 608.46 1496.14 1263.63 9.35 13.66 333.42 2324.35 8768.75 1.07 44.65 314.16 2388.44 8092.5 9.3128 0.03 368 2324 100.0 24.4 14.5682
131 262 9.9981 0.2505 100.0 489.05 605.73 1511.75 1328.08 10.52 15.5 393.26 2319.12 8824.17 1.26 45.77 370.59 2388.27 8168.05 8.6954 0.03 372 2319 100.0 28.37 16.9114
131 263 42.0061 0.8406 100.0 445.0 550.77 1360.42 1138.69 3.91 5.72 138.26 2212.59 8366.57 1.02 42.4 129.59 2388.73 8122.6 9.4252 0.02 332 2212 100.0 10.55 6.2396
131 264 35.0009 0.84 100.0 449.44 556.28 1375.84 1146.07 5.48 8.01 194.48 2223.74 8399.06 1.02 42.24 182.69 2388.83 8100.74 9.3695 0.02 337 2223 100.0 14.74 8.8493
131 265 34.9991 0.84 100.0 449.44 555.67 1375.84 1145.01 5.48 8.0 194.31 2223.74 8399.54 1.02 42.41 182.94 2388.9 8112.04 9.379 0.02 336 2223 100.0 14.62 8.818
131 266 20.0069 0.7 100.0 491.19 607.73 1495.26 1267.45 9.35 13.66 333.32 2324.4 8775.41 1.08 44.86 314.47 2388.48 8100.48 9.2976 0.03 367 2324 100.0 24.1 14.4919
131 267 0.0029 0.0 100.0 518.67 643.53 1601.6 1426.23 14.62 21.61 551.48 2388.15 9115.44 1.3 47.9 520.32 2388.18 8178.38 8.4278 0.03 396 2388 100.0 38.46 23.0344
131 268 35.0012 0.8403 100.0 449.44 556.04 1373.53 1150.31 5.48 8.0 194.18 2223.7 8397.51 1.02 42.24 182.57 2388.93 8110.63 9.4232 0.02 337 2223 100.0 14.78 8.8615
131 269 42.0066 0.84 100.0 445.0 550.83 1368.48 1147.87 3.91 5.72 138.12 2212.69 8376.35 1.03 42.67 130.89 2388.78 8128.28 9.3992 0.02 335 2212 100.0 10.49 6.2479
131 270 35.0028 0.84 100.0 449.44 556.35 1371.24 1151.05 5.48 8.01 194.0 2223.81 8403.67 1.02 42.29 182.76 2388.88 8103.78 9.3716 0.02 337 2223 100.0 14.63 8.9214
131 271 10.0059 0.25 100.0 489.05 605.63 1517.53 1328.37 10.52 15.5 393.54 2319.13 8838.41 1.26 46.04 370.55 2388.35 8174.59 8.7276 0.03 372 2319 100.0 28.17 16.918
131 272 42.0063 0.84 100.0 445.0 550.34 1369.68 1140.57 3.91 5.72 138.39 2212.68 8371.22 1.02 42.78 130.36 2388.83 8133.5 9.4279 0.02 335 2212 100.0 10.29 6.3365
131 273 25.0008 0.62 60.0 462.54 537.03 1276.74 1062.24 7.05 9.03 175.25 1916.14 8059.63 0.94 37.09 163.85 2029.12 7914.72 11.0223 0.02 308 1915 84.93 13.97 8.4759
131 274 9.9998 0.25 100.0 489.05 606.1 1514.38 1328.24 10.52 15.5 392.92 2319.17 8835.31 1.26 46.22 370.11 2388.35 8175.37 8.7172 0.03 372 2319 100.0 28.4 16.9924
131 275 20.0077 0.7 100.0 491.19 608.35 1493.22 1271.91 9.35 13.66 333.18 2324.4 8778.96 1.07 45.07 314.29 2388.59 8110.0 9.338 0.03 369 2324 100.0 24.29 14.489
131 276 20.0079 0.7 100.0 491.19 608.93 1498.32 1264.87 9.35 13.66 332.76 2324.49 8790.1 1.07 44.9 314.1 2388.63 8111.07 9.3245 0.03 369 2324 100.0 24.16 14.4911
131 277 34.9993 0.84 100.0 449.44 556.91 1386.24 1149.93 5.48 8.01 194.44 2223.89 8420.43 1.02 42.47 182.71 2389.05 8116.95 9.4363 0.02 338 2223 100.0 14.7 8.842
131 278 20.001 0.7006 100.0 491.19 608.46 1495.58 1277.25 9.35 13.66 333.39 2324.52 8792.29 1.07 44.73 314.49 2388.66 8114.24 9.3291 0.03 367 2324 100.0 24.25 14.494
131 279 35.007 0.8402 100.0 449.44 556.56 1382.26 1143.21 5.48 8.01 194.12 2223.98 8423.79 1.02 42.59 182.39 2389.21 8120.13 9.416 0.02 337 2223 100.0 14.53 8.8341
131 280 20.0002 0.7004 100.0 491.19 608.71 1506.28 1268.46 9.35 13.66 333.54 2324.54 8791.09 1.07 45.19 314.08 2388.65 8115.87 9.319 0.03 366 2324 100.0 24.11 14.5511
