24 1 42.0064 0.84 100.0 445.0 549.49 1347.41 1127.37 3.91 5.71 138.96 2211.97 8325.84 1.02 42.23 130.16 2388.05 8091.67 9.3932 0.02 331 2212 100.0 10.55 6.3193
24 2 0.0014 0.0 100.0 518.67 642.03 1591.71 1397.49 14.62 21.61 553.92 2388.04 9057.7 1.3 47.39 522.2 2388.05 8140.44 8.4041 0.03 392 2388 100.0 38.89 23.4665
24 3 20.0054 0.7 100.0 491.19 606.52 1480.7 1254.04 9.35 13.65 335.08 2323.95 8730.41 1.08 44.25 315.63 2388.11 8068.26 9.2327 0.02 366 2324 100.0 24.74 14.6628
24 4 20.0023 0.7 100.0 491.19 607.06 1479.74 1249.62 9.35 13.65 335.21 2323.98 8724.85 1.08 44.15 315.35 2388.07 8064.0 9.2003 0.02 364 2324 100.0 24.54 14.6989
24 5 35.0053 0.8406 100.0 449.44 555.47 1362.42 1130.81 5.48 8.0 194.14 2223.11 8350.92 1.02 41.81 182.93 2388.18 8066.33 9.3303 0.02 332 2223 100.0 14.7 8.9874
24 6 0.0028 0.0 100.0 518.67 642.42 1586.14 1403.93 14.62 21.61 554.03 2388.04 9065.3 1.3 47.43 522.04 2388.06 8138.17 8.419 0.03 392 2388 100.0 38.82 23.4275
24 7 34.998 0.84 100.0 449.44 555.52 1360.78 1128.83 5.48 8.0 194.96 2223.06 8353.57 1.02 41.88 184.02 2388.11 8064.27 9.2802 0.02 335 2223 100.0 15.02 8.8397
24 8 42.0056 0.8408 100.0 445.0 549.08 1347.99 1120.97 3.91 5.72 138.51 2211.98 8326.58 1.02 41.98 130.42 2388.08 8087.18 9.353 0.02 330 2212 100.0 10.45 6.4086
24 9 10.0054 0.25 100.0 489.05 604.0 1498.07 1312.74 10.52 15.49 394.82 2318.88 8781.66 1.26 45.37 371.53 2388.06 8130.31 8.6133 0.03 369 2319 100.0 28.89 17.2203
24 10 42.0047 0.8419 100.0 445.0 549.48 1353.76 1121.04 3.91 5.72 139.13 2212.02 8327.51 1.02 41.84 130.68 2388.13 8084.34 9.3512 0.02 329 2212 100.0 10.63 6.4607
24 11 0.0024 0.0003 100.0 518.67 642.72 1588.57 1402.42 14.62 21.61 553.96 2388.04 9057.03 1.3 47.26 522.11 2388.06 8141.2 8.4211 0.03 393 2388 100.0 38.93 23.4082
24 12 9.999 0.25 100.0 489.05 604.77 1494.66 1307.67 10.52 15.49 394.35 2318.86 8788.16 1.26 45.38 371.7 2388.05 8138.24 8.6589 0.03 369 2319 100.0 28.71 17.1433
24 13 10.0022 0.2517 100.0 489.05 604.19 1502.22 1305.94 10.52 15.49 394.14 2318.93 8784.54 1.26 45.37 371.37 2388.07 8139.54 8.6103 0.03 368 2319 100.0 28.46 17.1205
24 14 42.0039 0.8419 100.0 445.0 549.81 1348.28 1127.63 3.91 5.72 138.97 2212.02 8330.22 1.02 41.87 130.71 2388.1 8091.12 9.328 0.02 330 2212 100.0 10.65 6.456
24 15 34.9981 0.84 100.0 449.44 555.51 1367.53 1125.27 5.48 8.0 195.33 2223.05 8351.11 1.02 41.63 183.23 2388.08 8076.7 9.3086 0.02 333 2223 100.0 15.02 8.9884
24 16 24.9991 0.62 60.0 462.54 536.95 1257.89 1046.53 7.05 9.02 175.56 1915.4 8010.19 0.94 36.8 164.31 2028.3 7873.05 10.8645 0.02 307 1915 84.93 14.48 8.5365
24 17 42.0028 0.84 100.0 445.0 549.84 1358.71 1119.2 3.91 5.72 139.16 2211.96 8318.87 1.02 41.92 130.43 2388.08 8092.38 9.3533 0.02 329 2212 100.0 10.74 6.3084
24 18 20.0016 0.7013 100.0 491.19 607.74 1477.8 1241.36 9.35 13.66 335.39 2323.95 8731.16 1.08 44.28 315.26 2388.1 8062.99 9.1993 0.02 364 2324 100.0 24.39 14.6151
24 19 25.0026 0.6212 60.0 462.54 536.71 1255.57 1042.34 7.05 9.03 175.35 1915.4 8013.55 0.94 36.79 164.78 2028.3 7875.6 10.8763 0.02 306 1915 84.93 14.37 8.5247
24 20 35.0012 0.8407 100.0 449.44 555.5 1369.47 1120.67 5.48 8.0 194.95 2223.01 8354.08 1.02 41.91 183.24 2388.1 8067.48 9.2845 0.02 333 2223 100.0 14.82 8.9477
24 21 25.0019 0.6211 60.0 462.54 536.5 1263.34 1045.17 7.05 9.03 176.18 1915.42 8013.56 0.94 36.62 164.95 2028.24 7879.16 10.8587 0.02 306 1915 84.93 14.24 8.6139
24 22 0.0001 0.0011 100.0 518.67 642.46 1593.15 1401.24 14.62 21.61 553.47 2388.03 9065.65 1.3 47.21 522.06 2388.05 8142.59 8.4049 0.03 394 2388 100.0 38.7 23.3726
24 23 20.0005 0.7 100.0 491.19 607.57 1481.44 1244.92 9.35 13.66 334.76 2323.93 8721.88 1.07 44.16 315.36 2388.08 8062.14 9.1932 0.02 364 2324 100.0 24.49 14.7617
24 24 42.0007 0.84 100.0 445.0 549.51 1351.74 1119.9 3.91 5.71 138.79 2211.97 8325.3 1.02 41.81 130.9 2388.06 8086.96 9.3568 0.02 330 2212 100.0 10.75 6.2914
24 25 0.0005 0.0 100.0 518.67 642.09 1582.22 1404.89 14.62 21.61 554.53 2387.98 9064.18 1.3 47.36 521.93 2388.01 8138.83 8.4281 0.03 392 2388 100.0 38.91 23.3502
24 26 35.0035 0.8402 100.0 449.44 555.67 1360.17 1121.15 5.48 8.0 195.02 2222.99 8351.05 1.02 41.78 183.13 2388.07 8069.48 9.2615 0.02 335 2223 100.0 14.83 8.9894
24 27 0.0026 0.0 100.0 518.67 642.36 1588.34 1402.11 14.62 21.61 554.49 2388.03 9063.79 1.3 47.35 522.26 2388.05 8143.93 8.391 0.03 392 2388 100.0 38.9 23.3539
24 28 34.9991 0.84 100.0 449.44 555.5 1367.49 1124.8 5.48 8.0 195.0 2223.05 8355.6 1.02 41.61 183.37 2388.14 8071.92 9.3085 0.02 334 2223 100.0 14.81 8.8838
24 29 10.0046 0.25 100.0 489.05 604.48 1495.55 1308.91 10.52 15.49 394.15 2318.91 8781.82 1.26 45.28 371.87 2388.07 8136.26 8.653 0.03 368 2319 100.0 28.59 17.1624
24 30 10.0014 0.25 100.0 489.05 603.84 1501.05 1301.1 10.52 15.49 394.23 2318.88 8784.09 1.26 45.4 371.94 2388.12 8136.37 8.6428 0.03 369 2319 100.0 28.65 17.1237
24 31 0.0029 0.0011 100.0 518.67 643.1 1587.82 1400.16 14.62 21.61 553.95 2388.04 9060.93 1.3 47.44 522.13 2388.02 8146.01 8.3997 0.03 391 2388 100.0 38.81 23.4285
24 32 0.0016 0.0 100.0 518.67 642.27 1586.24 1403.08 14.62 21.61 554.26 2388.06 9059.16 1.3 47.4 522.31 2388.01 8138.18 8.3958 0.03 392 2388 100.0 38.86 23.3373
24 33 35.0027 0.84 100.0 449.44 555.06 1358.71 1118.01 5.48 8.0 194.58 2223.02 8346.92 1.02 41.75 182.96 2388.09 8073.14 9.3429 0.02 332 2223 100.0 14.98 8.8725
24 34 25.0009 0.62 60.0 462.54 536.69 1251.98 1041.48 7.05 9.02 175.41 1915.41 8010.33 0.94 36.66 164.73 2028.24 7881.43 10.8706 0.02 307 1915 84.93 14.42 8.5343
24 35 0.0008 0.0015 100.0 518.67 641.87 1587.79 1406.42 14.62 21.61 554.05 2388.03 9058.62 1.3 47.38 522.54 2388.04 8139.35 8.4209 0.03 393 2388 100.0 39.04 23.3612
24 36 35.007 0.8411 100.0 449.44 555.92 1361.29 1121.38 5.48 8.0 193.94 2223.01 8353.41 1.02 41.81 183.04 2388.12 8070.75 9.2782 0.02 334 2223 100.0 14.87 8.8724
24 37 0.0006 0.0016 100.0 518.67 642.38 1584.85 1403.62 14.62 21.61 553.94 2388.09 9054.41 1.3 47.27 521.61 2388.05 8130.67 8.4348 0.03 390 2388 100.0 38.9 23.3543
24 38 35.0034 0.8407 100.0 449.44 555.46 1366.43 1120.82 5.48 8.0 194.83 2223.04 8350.83 1.02 41.75 183.24 2388.09 8074.47 9.3153 0.02 333 2223 100.0 14.9 8.9432
24 39 20.004 0.7 100.0 491.19 607.4 1487.04 1249.51 9.35 13.66 334.95 2323.93 8725.02 1.08 44.27 315.34 2388.08 8064.37 9.1979 0.02 365 2324 100.0 24.55 14.8106
24 40 42.0076 0.84 100.0 445.0 548.82 1351.87 1120.95 3.91 5.71 138.59 2211.97 8322.15 1.02 42.24 130.65 2388.04 8091.87 9.3817 0.02 331 2212 100.0 10.71 6.3828
24 41 0.001 0.0 100.0 518.67 641.7 1578.95 1403.38 14.62 21.61 554.28 2388.07 9058.27 1.3 47.5 522.25 2388.02 8145.63 8.4469 0.03 392 2388 100.0 38.83 23.4436
24 42 35.0014 0.8406 100.0 449.44 555.04 1362.22 1125.18 5.48 8.0 194.81 2223.0 8347.46 1.02 41.77 183.29 2388.17 8069.59 9.2917 0.02 333 2223 100.0 14.88 9.0483
24 43 42.0031 0.84 100.0 445.0 549.43 1347.59 1120.21 3.91 5.71 138.37 2212.05 8330.97 1.02 41.87 130.98 2388.16 8094.1 9.3574 0.02 330 2212 100.0 10.65 6.3613
24 44 42.0075 0.8414 100.0 445.0 548.94 1345.34 1119.59 3.91 5.71 138.61 2212.0 8324.07 1.02 42.06 130.2 2388.04 8081.87 9.3405 0.02 330 2212 100.0 10.66 6.3169
24 45 42.004 0.84 100.0 445.0 549.45 1349.72 1118.12 3.91 5.71 138.77 2212.01 8322.47 1.02 41.94 130.69 2388.08 8092.18 9.3554 0.02 328 2212 100.0 10.58 6.3482
24 46 34.9987 0.84 100.0 449.44 555.56 1362.59 1126.23 5.48 8.0 194.93 2222.97 8344.69 1.02 41.9 183.42 2388.11 8067.43 9.2645 0.02 333 2223 100.0 14.66 8.9486
24 47 0.0002 0.0 100.0 518.67 642.29 1583.35 1401.18 14.62 21.61 554.14 2388.07 9054.51 1.3 47.42 521.72 2387.98 8137.97 8.3987 0.03 392 2388 100.0 39.01 23.3632
24 48 42.0054 0.84 100.0 445.0 549.6 1348.7 1124.11 3.91 5.72 138.71 2212.05 8328.84 1.02 42.04 130.44 2388.07 8089.16 9.356 0.02 331 2212 100.0 10.7 6.3061
24 49 0.0024 0.0 100.0 518.67 642.21 1588.86 1404.55 14.62 21.61 554.21 2388.03 9061.54 1.3 47.45 521.95 2388.04 8134.96 8.4374 0.03 394 2388 100.0 38.96 23.322
24 50 10.0052 0.25 100.0 489.05 604.4 1501.67 1303.12 10.52 15.49 395.07 2318.9 8783.86 1.26 45.18 372.24 2388.07 8130.01 8.652 0.03 370 2319 100.0 28.64 17.1469
24 51 42.0034 0.8417 100.0 445.0 549.6 1352.93 1124.32 3.91 5.72 139.14 2211.97 8324.21 1.02 41.95 130.11 2388.05 8084.51 9.355 0.02 328 2212 100.0 10.77 6.3087
24 52 9.9997 0.25 100.0 489.05 604.43 1504.06 1304.07 10.52 15.49 395.11 2318.92 8786.63 1.26 45.38 372.08 2388.1 8137.63 8.5798 0.03 369 2319 100.0 28.77 17.1036
24 53 41.9985 0.8404 100.0 445.0 549.18 1351.62 1117.33 3.91 5.72 138.51 2212.0 8327.44 1.02 41.83 130.38 2388.03 8089.27 9.3438 0.02 329 2212 100.0 10.47 6.4333
24 54 20.0002 0.701 100.0 491.19 607.46 1485.8 1256.11 9.35 13.66 334.18 2323.95 8723.9 1.08 44.26 315.45 2388.09 8058.14 9.1658 0.02 365 2324 100.0 24.59 14.8092
24 55 0.0017 0.0 100.0 518.67 642.86 1586.9 1408.69 14.62 21.61 554.09 2388.08 9056.19 1.3 47.38 522.01 2388.08 8137.61 8.4708 0.03 392 2388 100.0 38.88 23.3427
24 56 10.0004 0.2511 100.0 489.05 604.84 1501.63 1304.6 10.52 15.49 395.16 2318.88 8784.13 1.26 45.27 371.89 2388.11 8141.11 8.6218 0.03 369 2319 100.0 28.75 17.2337
24 57 25.0022 0.62 60.0 462.54 536.6 1259.96 1045.64 7.05 9.02 175.53 1915.4 8007.1 0.94 36.61 164.36 2028.32 7878.84 10.8696 0.02 305 1915 84.93 14.22 8.6097
24 58 10.008 0.25 100.0 489.05 605.05 1501.11 1306.09 10.52 15.49 395.05 2318.93 8784.56 1.26 45.09 372.33 2388.08 8133.51 8.6477 0.03 370 2319 100.0 28.72 17.1124
24 59 42.007 0.84 100.0 445.0 549.72 1348.51 1129.03 3.91 5.71 139.1 2212.02 8330.21 1.02 41.96 130.68 2388.07 8085.11 9.3834 0.02 330 2212 100.0 10.59 6.288
24 60 20.0008 0.7 100.0 491.19 607.17 1477.43 1240.37 9.35 13.65 334.8 2323.96 8733.99 1.08 44.49 315.05 2388.14 8064.03 9.1729 0.02 364 2324 100.0 24.48 14.7878
24 61 19.9991 0.7 100.0 491.19 607.14 1475.27 1252.14 9.35 13.65 335.57 2323.99 8722.66 1.08 44.22 315.27 2388.06 8061.84 9.1918 0.02 364 2324 100.0 24.45 14.742
24 62 42.0008 0.8402 100.0 445.0 549.47 1356.54 1134.27 3.91 5.72 139.12 2211.97 8330.36 1.02 41.98 130.56 2388.03 8085.86 9.3716 0.02 332 2212 100.0 10.59 6.3384
24 63 20.0058 0.7018 100.0 491.19 607.06 1485.89 1246.89 9.35 13.66 334.63 2323.98 8724.72 1.08 44.24 314.81 2388.14 8064.04 9.1484 0.02 365 2324 100.0 24.68 14.7035
24 64 25.0064 0.6213 60.0 462.54 536.54 1259.38 1048.07 7.05 9.03 175.07 1915.43 8017.17 0.94 36.61 164.98 2028.33 7876.15 10.8766 0.02 307 1915 84.93 14.47 8.5104
24 65 42.0049 0.84 100.0 445.0 549.56 1341.74 1125.64 3.91 5.71 138.74 2212.04 8325.97 1.02 42.0 130.48 2388.1 8090.99 9.3341 0.02 331 2212 100.0 10.66 6.4995
24 66 0.0004 0.0008 100.0 518.67 642.33 1586.79 1398.91 14.62 21.61 553.29 2388.01 9051.69 1.3 47.27 521.99 2388.02 8148.11 8.4377 0.03 393 2388 100.0 38.98 23.2966
24 67 35.0022 0.84 100.0 449.44 555.86 1365.97 1132.69 5.48 8.0 194.34 2222.97 8349.15 1.02 41.75 183.02 2388.07 8073.19 9.2943 0.02 335 2223 100.0 15.01 8.9538
24 68 20.0066 0.7005 100.0 491.19 607.39 1482.96 1245.03 9.35 13.65 334.6 2323.99 8727.71 1.08 44.16 315.09 2388.09 8064.43 9.2242 0.02 366 2324 100.0 24.55 14.6451
24 69 42.0038 0.84 100.0 445.0 549.61 1356.54 1127.81 3.91 5.72 138.61 2211.94 8328.81 1.02 42.07 131.05 2388.08 8084.65 9.3353 0.02 330 2212 100.0 10.74 6.5424
24 70 9.9988 0.2509 100.0 489.05 604.51 1500.46 1304.28 10.52 15.49 393.73 2318.94 8778.94 1.26 45.31 372.12 2388.12 8135.96 8.6525 0.03 370 2319 100.0 28.54 17.0442
24 71 0.0019 0.0 100.0 518.67 642.49 1591.87 1404.7 14.62 21.61 554.45 2388.06 9056.94 1.3 47.37 521.96 2388.02 8142.65 8.4443 0.03 393 2388 100.0 38.7 23.3492
24 72 42.006 0.8418 100.0 445.0 549.04 1349.72 1119.46 3.91 5.71 138.48 2211.97 8325.89 1.02 42.14 130.76 2388.08 8090.13 9.3247 0.02 329 2212 100.0 10.46 6.3848
24 73 35.0036 0.84 100.0 449.44 555.7 1366.66 1131.97 5.48 8.0 194.18 2222.94 8349.67 1.02 41.93 183.57 2388.06 8071.96 9.3072 0.02 333 2223 100.0 14.86 8.9611
24 74 25.0002 0.62 60.0 462.54 537.34 1260.34 1050.53 7.05 9.03 175.62 1915.3 8007.42 0.94 36.79 164.51 2028.3 7878.38 10.9187 0.02 308 1915 84.93 14.32 8.4993
24 75 42.0074 0.8404 100.0 445.0 549.9 1350.48 1124.21 3.91 5.72 138.75 2211.9 8326.19 1.02 41.96 130.99 2388.03 8083.27 9.3447 0.02 331 2212 100.0 10.56 6.297
24 76 10.007 0.2511 100.0 489.05 604.45 1504.38 1306.96 10.52 15.49 394.83 2318.89 8785.07 1.26 45.45 371.89 2388.06 8128.93 8.6396 0.03 368 2319 100.0 28.76 17.0574
24 77 35.0028 0.841 100.0 449.44 556.12 1372.4 1118.55 5.48 8.0 194.68 2222.95 8348.71 1.02 41.84 182.8 2388.13 8076.41 9.2972 0.02 333 2223 100.0 15.11 8.8442
24 78 20.0054 0.7015 100.0 491.19 607.41 1486.8 1246.88 9.35 13.65 334.63 2323.96 8731.18 1.08 44.44 314.81 2388.05 8065.95 9.2529 0.02 365 2324 100.0 24.48 14.6731
24 79 25.0065 0.62 60.0 462.54 536.85 1262.01 1048.31 7.05 9.03 175.29 1915.34 8011.15 0.94 36.66 164.68 2028.22 7874.5 10.8779 0.02 307 1915 84.93 14.19 8.4945
24 80 25.0046 0.62 60.0 462.54 536.8 1257.27 1046.43 7.05 9.03 175.29 1915.41 8014.18 0.94 36.55 164.62 2028.24 7877.61 10.9292 0.02 307 1915 84.93 14.24 8.5826
24 81 0.001 0.0013 100.0 518.67 642.51 1589.7 1408.2 14.62 21.61 553.81 2388.09 9061.28 1.3 47.3 521.77 2388.09 8141.4 8.4201 0.03 392 2388 100.0 38.96 23.3048
24 82 20.0079 0.7005 100.0 491.19 607.85 1482.54 1248.11 9.35 13.66 335.12 2324.0 8723.12 1.08 44.28 315.13 2388.1 8063.53 9.2358 0.02 365 2324 100.0 24.58 14.6913
24 83 25.0005 0.6206 60.0 462.54 536.46 1259.72 1054.06 7.05 9.02 175.75 1915.41 8014.09 0.94 36.72 164.48 2028.28 7875.19 10.8826 0.02 306 1915 84.93 14.42 8.6382
24 84 20.0004 0.7009 100.0 491.19 607.03 1484.18 1248.68 9.35 13.66 334.8 2324.0 8722.62 1.08 44.38 315.45 2388.11 8065.65 9.2033 0.02 364 2324 100.0 24.62 14.6451
24 85 20.0053 0.7 100.0 491.19 607.53 1483.76 1248.02 9.35 13.66 334.69 2323.96 8733.38 1.08 44.28 315.59 2388.11 8062.2 9.2062 0.02 363 2324 100.0 24.47 14.7482
24 86 42.002 0.8411 100.0 445.0 549.82 1355.79 1121.69 3.91 5.72 138.64 2211.95 8322.08 1.02 42.14 130.43 2387.99 8088.13 9.3253 0.02 328 2212 100.0 10.32 6.3828
24 87 0.0015 0.0007 100.0 518.67 642.53 1588.0 1410.04 14.62 21.61 553.9 2388.09 9059.21 1.3 47.55 522.06 2388.12 8142.48 8.4401 0.03 393 2388 100.0 38.85 23.4545
24 88 10.0052 0.2517 100.0 489.05 604.93 1496.56 1309.68 10.52 15.49 394.84 2318.93 8784.56 1.26 45.42 371.97 2388.08 8136.25 8.666 0.03 370 2319 100.0 28.82 17.2069
24 89 41.9989 0.84 100.0 445.0 549.11 1355.42 1129.01 3.91 5.72 138.6 2211.92 8324.6 1.02 42.0 130.11 2387.99 8084.03 9.3409 0.02 331 2212 100.0 10.67 6.3124
24 90 42.0067 0.8404 100.0 445.0 549.35 1350.42 1127.56 3.91 5.72 138.72 2211.89 8324.85 1.02 42.0 130.77 2388.02 8083.57 9.4 0.02 331 2212 100.0 10.62 6.3684
24 91 0.0005 0.0 100.0 518.67 642.84 1597.77 1402.04 14.62 21.61 553.77 2388.06 9057.26 1.3 47.48 521.89 2388.07 8137.14 8.4317 0.03 393 2388 100.0 38.84 23.3542
24 92 41.9998 0.8408 100.0 445.0 549.64 1347.97 1125.17 3.91 5.71 139.19 2211.95 8325.47 1.02 42.16 130.65 2388.02 8084.59 9.3746 0.02 331 2212 100.0 10.67 6.3686
24 93 10.0037 0.25 100.0 489.05 605.01 1501.47 1308.93 10.52 15.49 394.53 2318.88 8783.7 1.26 45.41 371.6 2388.08 8130.57 8.6476 0.03 369 2319 100.0 28.66 17.1976
24 94 34.9996 0.84 100.0 449.44 555.4 1363.35 1125.79 5.48 8.0 195.17 2222.99 8361.16 1.02 41.92 183.05 2388.06 8068.78 9.3182 0.02 334 2223 100.0 15.05 8.9351
24 95 25.0035 0.6203 60.0 462.54 536.9 1262.29 1051.03 7.05 9.03 175.07 1915.34 7996.86 0.94 36.78 164.65 2028.3 7875.25 10.9086 0.02 305 1915 84.93 14.41 8.559
24 96 42.0027 0.8419 100.0 445.0 549.93 1355.66 1126.81 3.91 5.71 138.31 2211.94 8324.07 1.02 42.15 130.04 2387.98 8086.61 9.3697 0.02 330 2212 100.0 10.73 6.361
24 97 0.0014 0.0008 100.0 518.67 643.02 1586.37 1406.52 14.62 21.61 553.9 2388.07 9062.93 1.3 47.51 521.61 2388.08 8139.84 8.471 0.03 391 2388 100.0 38.88 23.4491
24 98 41.9991 0.84 100.0 445.0 549.45 1351.47 1126.73 3.91 5.71 138.52 2211.94 8323.59 1.02 42.08 130.94 2388.02 8080.19 9.387 0.02 330 2212 100.0 10.58 6.2683
24 99 42.0042 0.84 100.0 445.0 549.26 1356.56 1124.14 3.91 5.72 139.2 2211.9 8318.78 1.02 42.06 131.04 2387.96 8084.54 9.3882 0.02 332 2212 100.0 10.58 6.375
24 100 19.9986 0.7 100.0 491.19 607.47 1487.81 1250.87 9.35 13.66 334.62 2324.02 8723.28 1.08 44.64 314.98 2388.15 8058.35 9.2175 0.02 366 2324 100.0 24.58 14.6318
24 101 10.0002 0.2502 100.0 489.05 604.96 1504.43 1308.22 10.52 15.49 394.6 2318.89 8782.37 1.26 45.43 371.59 2388.11 8132.94 8.6637 0.03 370 2319 100.0 28.61 17.1102
24 102 19.9987 0.7005 100.0 491.19 607.33 1486.92 1256.03 9.35 13.65 335.02 2323.96 8727.59 1.08 44.4 315.02 2388.13 8056.13 9.201 0.02 364 2324 100.0 24.4 14.705
24 103 10.0043 0.2515 100.0 489.05 604.66 1500.23 1303.33 10.52 15.49 394.6 2318.94 8786.21 1.26 45.44 371.59 2388.1 8131.19 8.6503 0.03 368 2319 100.0 28.6 17.2822
24 104 41.9997 0.8417 100.0 445.0 550.04 1354.03 1124.34 3.91 5.72 138.84 2212.0 8323.18 1.02 42.13 130.27 2387.99 8083.76 9.3572 0.02 332 2212 100.0 10.6 6.324
24 105 20.0074 0.7 100.0 491.19 607.59 1476.1 1249.84 9.35 13.65 334.17 2323.95 8719.95 1.08 44.26 314.79 2388.09 8059.99 9.2369 0.02 365 2324 100.0 24.55 14.6917
24 106 0.0023 0.0 100.0 518.67 642.49 1585.21 1404.28 14.62 21.61 553.08 2388.08 9062.18 1.3 47.7 521.31 2388.08 8139.03 8.4355 0.03 393 2388 100.0 38.86 23.2821
24 107 35.0051 0.841 100.0 449.44 555.9 1367.46 1125.89 5.48 8.0 194.78 2223.0 8347.39 1.02 41.99 183.52 2388.04 8068.61 9.3556 0.02 334 2223 100.0 14.82 8.913
24 108 42.0007 0.84 100.0 445.0 550.38 1347.01 1132.91 3.91 5.71 138.55 2211.94 8317.11 1.02 42.19 129.95 2387.96 8076.15 9.4007 0.02 331 2212 100.0 10.65 6.3076
24 109 35.0068 0.8416 100.0 449.44 555.69 1360.07 1124.04 5.48 8.0 194.45 2222.9 8352.89 1.02 41.96 182.85 2388.07 8064.9 9.33 0.02 334 2223 100.0 15.03 8.8943
24 110 10.0045 0.25 100.0 489.05 605.2 1505.07 1306.26 10.52 15.49 394.78 2319.03 8780.5 1.26 45.41 371.51 2388.18 8127.58 8.6349 0.03 370 2319 100.0 28.64 17.0883
24 111 25.0063 0.621 60.0 462.54 536.88 1262.99 1058.3 7.05 9.02 175.35 1915.26 8009.92 0.94 36.81 164.69 2028.26 7868.63 10.8801 0.02 308 1915 84.93 14.45 8.5943
24 112 25.0006 0.6219 60.0 462.54 536.83 1260.85 1050.68 7.05 9.03 175.4 1915.37 8011.76 0.94 36.72 165.21 2028.31 7874.75 10.9256 0.02 307 1915 84.93 14.3 8.5759
24 113 42.0005 0.84 100.0 445.0 549.51 1351.26 1125.63 3.91 5.72 137.97 2211.94 8327.79 1.02 42.19 130.99 2388.02 8088.92 9.3767 0.02 329 2212 100.0 10.49 6.3551
24 114 35.0039 0.84 100.0 449.44 555.15 1367.16 1142.8 5.48 8.0 195.07 2222.95 8347.68 1.02 42.02 182.61 2388.0 8070.96 9.3757 0.02 334 2223 100.0 14.84 8.9171
24 115 35.0042 0.8409 100.0 449.44 555.26 1370.11 1134.64 5.48 8.0 194.11 2222.98 8348.69 1.02 41.98 183.28 2388.01 8070.46 9.3167 0.02 335 2223 100.0 14.91 8.9568
24 116 35.0079 0.84 100.0 449.44 555.41 1369.05 1138.38 5.48 8.0 193.97 2222.96 8350.79 1.02 42.17 182.63 2388.04 8070.36 9.3343 0.02 334 2223 100.0 14.86 8.8501
24 117 9.9999 0.2518 100.0 489.05 605.08 1502.13 1312.77 10.52 15.49 394.24 2319.03 8780.46 1.26 45.52 370.88 2388.12 8127.53 8.6625 0.03 369 2319 100.0 28.48 17.1202
24 118 41.9984 0.8415 100.0 445.0 549.83 1349.88 1124.52 3.91 5.72 138.54 2211.9 8320.89 1.02 42.17 130.56 2387.98 8088.65 9.3786 0.02 330 2212 100.0 10.58 6.373
24 119 35.0012 0.84 100.0 449.44 555.57 1363.89 1137.89 5.48 8.0 193.89 2222.93 8350.81 1.02 41.92 182.86 2388.11 8070.46 9.3595 0.02 334 2223 100.0 14.95 8.9353
24 120 20.0005 0.7 100.0 491.19 607.52 1487.06 1259.68 9.35 13.66 334.67 2323.99 8727.27 1.08 44.23 315.35 2388.14 8061.57 9.2136 0.02 364 2324 100.0 24.41 14.6863
24 121 42.0076 0.8415 100.0 445.0 549.05 1354.34 1127.14 3.91 5.71 138.12 2211.89 8322.53 1.02 42.26 130.61 2387.95 8083.01 9.34 0.02 329 2212 100.0 10.57 6.3393
24 122 20.0064 0.7014 100.0 491.19 607.9 1488.44 1254.75 9.35 13.66 334.54 2323.95 8719.37 1.08 44.44 314.74 2388.11 8060.44 9.2599 0.02 365 2324 100.0 24.52 14.6731
24 123 25.0008 0.62 60.0 462.54 536.77 1260.71 1048.62 7.05 9.03 176.18 1915.29 8013.53 0.94 36.89 164.59 2028.19 7873.54 10.9305 0.02 308 1915 84.93 14.28 8.5308
24 124 0.0011 0.0015 100.0 518.67 642.96 1588.71 1408.15 14.62 21.61 553.15 2388.07 9056.88 1.3 47.48 520.86 2388.1 8134.36 8.4428 0.03 393 2388 100.0 38.73 23.2986
24 125 42.0051 0.8416 100.0 445.0 549.67 1357.26 1120.34 3.91 5.72 138.4 2211.9 8320.09 1.02 42.14 130.42 2387.92 8086.61 9.3539 0.02 330 2212 100.0 10.53 6.4101
24 126 20.0014 0.7009 100.0 491.19 607.7 1487.1 1251.14 9.35 13.66 334.86 2324.01 8723.63 1.08 44.59 315.37 2388.12 8057.02 9.2531 0.02 366 2324 100.0 24.35 14.6551
24 127 35.0016 0.8417 100.0 449.44 555.79 1368.34 1127.41 5.48 8.0 193.52 2222.89 8344.04 1.02 42.13 183.45 2387.99 8068.99 9.3615 0.02 335 2223 100.0 14.75 8.8866
24 128 19.9986 0.7 100.0 491.19 608.02 1482.81 1248.66 9.35 13.66 334.28 2324.0 8724.59 1.08 44.55 314.52 2388.15 8064.63 9.2272 0.02 365 2324 100.0 24.54 14.6269
24 129 0.0015 0.0013 100.0 518.67 642.98 1591.77 1412.04 14.62 21.61 553.08 2388.18 9057.66 1.3 47.51 520.92 2388.03 8134.27 8.4472 0.03 393 2388 100.0 38.66 23.2571
24 130 10.0073 0.25 100.0 489.05 605.46 1502.3 1315.1 10.52 15.49 394.59 2318.96 8780.44 1.26 45.63 371.34 2388.14 8128.72 8.6937 0.03 370 2319 100.0 28.48 17.1212
24 131 42.0067 0.84 100.0 445.0 549.01 1356.42 1130.63 3.91 5.71 138.88 2211.79 8324.55 1.02 42.32 130.2 2387.89 8079.81 9.3882 0.02 331 2212 100.0 10.45 6.3754
24 132 42.0057 0.8414 100.0 445.0 549.25 1353.63 1132.51 3.91 5.72 138.48 2211.8 8317.35 1.02 42.36 130.75 2387.85 8081.81 9.3923 0.02 331 2212 100.0 10.43 6.3675
24 133 0.0012 0.0017 100.0 518.67 642.82 1591.45 1412.08 14.62 21.61 552.56 2388.12 9061.3 1.3 47.48 521.33 2388.07 8135.63 8.4608 0.03 393 2388 100.0 38.79 23.2437
24 134 20.0075 0.7 100.0 491.19 607.7 1488.6 1256.36 9.35 13.66 334.51 2324.01 8721.56 1.08 44.45 315.3 2388.14 8054.56 9.2592 0.02 365 2324 100.0 24.32 14.5691
24 135 35.0049 0.84 100.0 449.44 555.48 1365.56 1127.87 5.48 8.0 194.27 2222.97 8355.93 1.02 42.14 182.79 2388.01 8064.31 9.3435 0.02 336 2223 100.0 14.79 9.0071
24 136 35.0 0.84 100.0 449.44 555.8 1369.77 1136.89 5.48 8.0 194.3 2222.92 8352.47 1.02 42.06 183.12 2387.97 8059.81 9.3476 0.02 333 2223 100.0 14.78 8.8332
24 137 0.0009 0.0013 100.0 518.67 642.56 1592.01 1409.11 14.62 21.61 552.54 2388.17 9058.87 1.3 47.63 521.74 2388.13 8129.68 8.4769 0.03 393 2388 100.0 38.51 23.2518
24 138 35.0068 0.8407 100.0 449.44 556.18 1372.95 1137.88 5.48 8.0 193.86 2222.89 8344.42 1.02 42.1 182.58 2387.94 8062.04 9.3315 0.02 334 2223 100.0 14.9 8.7793
24 139 20.0038 0.7 100.0 491.19 608.17 1482.86 1251.63 9.35 13.66 333.61 2324.05 8724.57 1.08 44.42 314.83 2388.14 8059.74 9.2333 0.02 366 2324 100.0 24.38 14.7139
24 140 25.002 0.62 60.0 462.54 536.99 1266.65 1051.34 7.05 9.02 175.12 1915.31 8011.54 0.94 37.04 164.54 2028.21 7869.53 10.9429 0.02 307 1915 84.93 14.28 8.4543
24 141 10.0045 0.2502 100.0 489.05 605.12 1511.61 1311.14 10.52 15.49 394.36 2319.06 8771.66 1.26 45.58 371.3 2388.27 8129.75 8.6727 0.03 371 2319 100.0 28.34 17.1806
24 142 35.0018 0.8415 100.0 449.44 555.73 1369.95 1133.37 5.48 8.0 194.69 2222.93 8348.2 1.02 42.34 182.59 2388.02 8061.62 9.3146 0.02 336 2223 100.0 14.6 8.9756
24 143 25.0002 0.6212 60.0 462.54 536.48 1263.71 1060.01 7.05 9.03 175.74 1915.23 8011.48 0.94 36.86 164.97 2028.17 7870.17 10.9594 0.02 307 1915 84.93 14.23 8.4639
24 144 35.0079 0.8419 100.0 449.44 556.21 1368.14 1130.68 5.48 8.0 194.24 2222.91 8349.07 1.02 42.08 182.75 2387.92 8066.67 9.3438 0.02 333 2223 100.0 14.95 8.8464
24 145 10.0054 0.25 100.0 489.05 605.05 1501.38 1318.53 10.52 15.5 393.71 2319.08 8774.38 1.26 45.65 371.0 2388.18 8128.92 8.7027 0.03 370 2319 100.0 28.41 17.0583
24 146 41.9981 0.84 100.0 445.0 549.8 1353.98 1132.3 3.91 5.72 138.83 2211.8 8322.85 1.02 42.26 129.97 2387.83 8081.05 9.4033 0.02 331 2212 100.0 10.53 6.2928
24 147 0.001 0.0 100.0 518.67 642.91 1591.72 1410.99 14.62 21.61 553.05 2388.15 9057.16 1.3 47.83 520.89 2388.2 8130.48 8.483 0.03 395 2388 100.0 38.78 23.1829
24 148 25.0052 0.6204 60.0 462.54 537.11 1262.45 1058.08 7.05 9.03 175.14 1915.19 8010.71 0.94 36.8 164.05 2028.14 7870.13 10.9309 0.02 307 1915 84.93 14.13 8.5464
24 149 20.0023 0.7 100.0 491.19 607.89 1491.65 1259.47 9.35 13.66 333.9 2324.02 8723.14 1.08 44.34 314.54 2388.19 8051.39 9.2507 0.03 367 2324 100.0 24.49 14.6576
24 150 41.9999 0.84 100.0 445.0 549.85 1361.99 1131.86 3.91 5.72 138.56 2211.74 8320.02 1.02 42.23 130.16 2387.83 8081.09 9.3889 0.02 330 2212 100.0 10.47 6.3582
24 151 10.006 0.25 100.0 489.05 605.29 1508.19 1317.6 10.52 15.49 394.08 2319.05 8772.18 1.26 45.73 371.64 2388.24 8123.85 8.6927 0.03 370 2319 100.0 28.33 17.1874
24 152 10.0074 0.2508 100.0 489.05 605.55 1504.78 1316.48 10.52 15.5 393.84 2318.99 8771.21 1.26 45.43 370.7 2388.21 8124.75 8.6988 0.03 371 2319 100.0 28.38 17.0902
24 153 35.0058 0.84 100.0 449.44 555.93 1374.01 1147.8 5.48 8.0 194.61 2222.85 8353.11 1.02 42.15 182.26 2387.92 8061.03 9.363 0.02 334 2223 100.0 14.82 8.8815
24 154 35.0014 0.8416 100.0 449.44 556.31 1374.85 1137.09 5.48 8.0 194.04 2222.86 8340.42 1.02 41.95 182.58 2387.88 8057.31 9.3547 0.02 335 2223 100.0 14.67 8.8179
24 155 10.0064 0.25 100.0 489.05 604.94 1505.61 1313.82 10.52 15.5 393.37 2319.03 8771.14 1.26 45.75 371.49 2388.25 8125.18 8.6826 0.03 371 2319 100.0 28.34 17.0102
24 156 25.0026 0.6212 60.0 462.54 537.23 1262.76 1049.11 7.05 9.03 175.45 1915.18 8002.73 0.94 37.1 164.22 2028.11 7874.09 10.9539 0.02 307 1915 84.93 14.2 8.4685
24 157 35.0053 0.8419 100.0 449.44 556.53 1375.79 1140.68 5.48 8.0 194.18 2222.76 8343.35 1.02 42.34 183.21 2387.96 8058.52 9.3509 0.02 335 2223 100.0 14.73 8.9128
24 158 42.0034 0.841 100.0 445.0 549.59 1364.71 1134.1 3.91 5.72 138.21 2211.76 8322.63 1.02 42.48 130.39 2387.76 8076.7 9.4043 0.02 330 2212 100.0 10.64 6.3068
24 159 42.0048 0.8408 100.0 445.0 549.66 1363.88 1135.77 3.91 5.71 138.37 2211.66 8319.13 1.02 42.19 129.88 2387.69 8073.99 9.3954 0.02 332 2212 100.0 10.56 6.3235
24 160 35.0032 0.84 100.0 449.44 556.51 1372.2 1140.91 5.48 8.0 193.81 2222.79 8338.58 1.02 42.26 183.04 2387.89 8063.27 9.4112 0.02 336 2223 100.0 14.86 8.8345
24 161 19.9998 0.7005 100.0 491.19 607.64 1490.19 1266.61 9.35 13.66 334.22 2323.99 8718.91 1.08 44.71 314.51 2388.16 8051.1 9.2678 0.03 367 2324 100.0 24.6 14.6263
24 162 41.9997 0.84 100.0 445.0 550.05 1362.46 1132.36 3.91 5.71 138.33 2211.72 8314.51 1.02 42.4 130.56 2387.72 8080.29 9.3879 0.02 333 2212 100.0 10.57 6.2982
24 163 10.0006 0.252 100.0 489.05 605.46 1503.22 1325.24 10.52 15.5 393.38 2319.11 8769.43 1.26 45.82 370.89 2388.25 8124.0 8.6818 0.03 371 2319 100.0 28.26 17.0703
24 164 25.0067 0.62 60.0 462.54 537.2 1259.97 1062.57 7.05 9.03 175.14 1915.22 8012.51 0.94 37.14 164.38 2028.04 7868.28 10.9317 0.02 310 1915 84.93 13.98 8.469
24 165 20.0043 0.7006 100.0 491.19 607.94 1491.93 1260.43 9.35 13.66 333.77 2324.04 8710.87 1.08 44.9 314.45 2388.24 8053.4 9.3089 0.03 367 2324 100.0 24.24 14.5634
24 166 10.0008 0.2501 100.0 489.05 605.32 1509.46 1321.48 10.52 15.5 393.45 2319.13 8771.88 1.26 46.0 370.83 2388.33 8118.09 8.7297 0.03 371 2319 100.0 28.32 16.9849
24 167 42.0011 0.84 100.0 445.0 549.87 1356.63 1132.51 3.91 5.72 138.88 2211.57 8316.45 1.02 42.58 130.64 2387.71 8069.12 9.4238 0.02 334 2212 100.0 10.57 6.3278
24 168 24.9985 0.62 60.0 462.54 537.47 1264.81 1067.65 7.05 9.03 175.62 1915.14 8010.41 0.94 37.07 164.22 2028.07 7868.47 10.9912 0.02 307 1915 84.93 14.18 8.5295
24 169 42.0015 0.84 100.0 445.0 550.23 1364.16 1134.07 3.91 5.71 137.81 2211.62 8316.29 1.02 42.59 130.15 2387.68 8068.96 9.468 0.02 332 2212 100.0 10.51 6.362
24 170 9.9982 0.25 100.0 489.05 605.68 1510.99 1323.93 10.52 15.5 393.18 2319.12 8770.36 1.26 45.9 370.33 2388.32 8116.58 8.7066 0.03 372 2319 100.0 28.39 17.0607
24 171 35.0004 0.8408 100.0 449.44 555.69 1376.82 1140.1 5.48 8.0 194.33 2222.76 8342.32 1.02 42.37 183.09 2387.86 8051.11 9.3419 0.02 335 2223 100.0 14.82 8.8078
24 172 42.008 0.84 100.0 445.0 549.84 1361.8 1135.77 3.91 5.72 137.61 2211.56 8311.33 1.02 42.38 130.03 2387.63 8073.3 9.4223 0.02 333 2212 100.0 10.54 6.2163
24 173 20.0045 0.7 100.0 491.19 608.14 1494.6 1263.87 9.35 13.66 333.59 2324.02 8710.8 1.08 44.93 313.91 2388.17 8044.12 9.3008 0.03 368 2324 100.0 24.14 14.5419
24 174 24.9999 0.6207 60.0 462.54 536.47 1270.72 1064.53 7.05 9.03 175.14 1915.11 7995.3 0.94 36.94 164.44 2027.99 7864.79 10.9873 0.02 309 1915 84.93 14.21 8.4558
24 175 25.0073 0.6203 60.0 462.54 536.19 1272.19 1064.5 7.05 9.03 175.32 1915.09 7997.83 0.94 37.2 164.26 2028.03 7869.46 11.0165 0.02 307 1915 84.93 14.09 8.4535
24 176 42.0028 0.84 100.0 445.0 550.12 1357.56 1138.77 3.91 5.72 138.41 2211.46 8306.13 1.02 42.75 129.68 2387.53 8073.15 9.4479 0.02 331 2212 100.0 10.53 6.3306
24 177 0.0023 0.0 100.0 518.67 643.45 1598.85 1424.78 14.62 21.61 551.53 2388.27 9043.1 1.3 48.02 520.22 2388.28 8121.02 8.5438 0.03 394 2388 100.0 38.54 23.0671
24 178 42.0072 0.84 100.0 445.0 551.21 1358.84 1136.94 3.91 5.72 138.27 2211.47 8313.7 1.02 42.52 129.96 2387.58 8066.55 9.4831 0.02 333 2212 100.0 10.55 6.2853
24 179 25.005 0.6217 60.0 462.54 536.98 1268.09 1069.27 7.05 9.03 174.95 1915.13 8005.19 0.94 37.33 164.64 2028.04 7861.87 10.9765 0.02 311 1915 84.93 13.98 8.4625
24 180 24.9994 0.62 60.0 462.54 537.59 1276.01 1071.77 7.05 9.03 175.25 1915.05 8009.1 0.94 37.31 164.0 2028.03 7862.74 11.0119 0.02 311 1915 84.93 14.14 8.5474
24 181 20.0077 0.7 100.0 491.19 608.44 1490.16 1270.71 9.35 13.66 334.03 2324.07 8716.54 1.07 44.92 313.5 2388.14 8046.79 9.3131 0.03 367 2324 100.0 24.19 14.5367
24 182 10.0023 0.2518 100.0 489.05 606.01 1512.62 1339.76 10.52 15.5 392.98 2319.18 8758.93 1.26 46.12 370.38 2388.44 8109.48 8.7412 0.03 372 2319 100.0 28.35 16.8523
24 183 42.0034 0.84 100.0 445.0 550.35 1365.56 1142.32 3.91 5.72 138.17 2211.41 8304.3 1.02 42.74 129.93 2387.48 8070.17 9.4671 0.02 334 2212 100.0 10.37 6.3438
24 184 35.0023 0.84 100.0 449.44 556.88 1366.05 1148.97 5.48 8.0 192.55 2222.67 8337.08 1.02 42.44 182.25 2387.8 8054.44 9.4262 0.02 336 2223 100.0 14.77 8.8299
24 185 0.0012 0.0 100.0 518.67 643.58 1603.88 1434.53 14.62 21.61 551.14 2388.31 9045.14 1.3 48.14 519.99 2388.29 8119.92 8.5083 0.03 395 2388 100.0 38.47 23.0195
24 186 25.0033 0.62 60.0 462.54 537.45 1270.08 1071.42 7.05 9.03 174.91 1914.97 8000.12 0.94 37.43 163.62 2027.93 7870.62 10.9942 0.02 309 1915 84.93 14.29 8.5349
58 1 10.0039 0.2515 100.0 489.05 605.04 1496.37 1303.25 10.52 15.49 394.46 2318.89 8772.02 1.26 45.21 371.49 2388.12 8129.7 8.6494 0.03 368 2319 100.0 28.72 17.1594
58 2 0.0007 0.0 100.0 518.67 642.12 1586.59 1410.11 14.62 21.61 553.84 2388.07 9054.96 1.3 47.37 522.06 2388.06 8143.3 8.4201 0.03 392 2388 100.0 38.77 23.3093
58 3 25.0059 0.62 60.0 462.54 536.8 1257.44 1042.37 7.05 9.02 175.67 1915.38 8009.74 0.94 36.52 164.75 2028.22 7878.03 10.8885 0.02 307 1915 84.93 14.33 8.5228
58 4 34.9987 0.84 100.0 449.44 555.45 1359.92 1121.32 5.48 8.0 195.39 2222.98 8348.0 1.02 41.82 183.3 2388.02 8068.22 9.2891 0.02 334 2223 100.0 14.86 8.9491
58 5 41.9987 0.8401 100.0 445.0 549.45 1346.7 1111.05 3.91 5.72 139.06 2212.0 8321.84 1.02 41.93 130.62 2388.07 8083.46 9.3686 0.02 329 2212 100.0 10.81 6.406
58 6 0.0004 0.0 100.0 518.67 642.15 1584.38 1406.38 14.62 21.61 553.54 2388.07 9057.65 1.3 47.36 521.5 2388.03 8133.88 8.4355 0.03 391 2388 100.0 38.97 23.3018
58 7 25.0028 0.6214 60.0 462.54 536.74 1266.86 1041.37 7.05 9.02 175.05 1915.41 8007.02 0.94 36.63 164.73 2028.27 7873.85 10.8626 0.02 306 1915 84.93 14.29 8.5378
58 8 0.0016 0.0015 100.0 518.67 641.89 1586.89 1396.33 14.62 21.61 554.08 2388.09 9051.48 1.3 47.47 521.92 2388.04 8139.89 8.4245 0.03 391 2388 100.0 38.96 23.395
58 9 24.998 0.62 60.0 462.54 537.24 1265.77 1041.76 7.05 9.02 175.89 1915.4 8011.91 0.94 36.8 164.98 2028.27 7875.65 10.8486 0.02 307 1915 84.93 14.35 8.6375
58 10 10.002 0.25 100.0 489.05 604.45 1501.18 1300.88 10.52 15.49 394.83 2318.83 8778.63 1.26 45.25 371.58 2388.11 8132.17 8.6309 0.03 370 2319 100.0 28.54 17.1033
58 11 41.999 0.84 100.0 445.0 549.4 1348.63 1121.13 3.91 5.72 138.48 2211.93 8332.36 1.02 42.08 130.58 2388.05 8085.1 9.3425 0.02 330 2212 100.0 10.53 6.3402
58 12 20.0071 0.7 100.0 491.19 607.56 1484.07 1248.45 9.35 13.66 335.1 2323.93 8725.59 1.08 44.27 315.48 2388.08 8064.81 9.175 0.02 364 2324 100.0 24.34 14.6975
58 13 42.0042 0.84 100.0 445.0 549.31 1347.03 1121.61 3.91 5.71 138.36 2211.9 8320.18 1.02 42.11 130.75 2388.0 8086.1 9.3919 0.02 330 2212 100.0 10.64 6.3363
58 14 25.0 0.6209 60.0 462.54 536.38 1262.18 1043.52 7.05 9.03 176.05 1915.37 8006.83 0.94 36.66 164.76 2028.27 7874.16 10.8519 0.02 307 1915 84.93 14.14 8.6153
58 15 42.0066 0.84 100.0 445.0 548.66 1355.68 1118.51 3.91 5.71 137.76 2211.97 8318.0 1.02 41.91 130.81 2388.04 8087.74 9.3129 0.02 330 2212 100.0 10.57 6.3097
58 16 20.0016 0.7016 100.0 491.19 607.22 1477.79 1253.8 9.35 13.66 335.2 2323.92 8723.7 1.08 44.12 315.32 2388.09 8065.03 9.2164 0.02 364 2324 100.0 24.58 14.8413
58 17 41.9987 0.84 100.0 445.0 549.37 1345.8 1124.92 3.91 5.71 138.75 2211.98 8328.96 1.02 42.01 130.49 2388.0 8083.54 9.3587 0.02 331 2212 100.0 10.52 6.3179
58 18 35.0001 0.84 100.0 449.44 555.37 1362.8 1127.61 5.48 8.0 194.61 2223.0 8346.25 1.02 41.75 183.09 2388.11 8071.15 9.3257 0.02 333 2223 100.0 14.81 8.7984
58 19 42.0067 0.8401 100.0 445.0 549.2 1359.68 1127.89 3.91 5.72 138.22 2211.93 8323.47 1.02 42.07 130.38 2388.02 8087.74 9.4015 0.02 330 2212 100.0 10.57 6.3891
58 20 42.0023 0.8402 100.0 445.0 549.28 1356.4 1121.47 3.91 5.71 138.81 2211.87 8321.57 1.02 42.04 130.54 2387.96 8084.13 9.3637 0.02 330 2212 100.0 10.67 6.3679
58 21 42.0029 0.84 100.0 445.0 549.5 1351.01 1124.64 3.91 5.72 138.55 2211.88 8316.41 1.02 41.97 130.91 2387.96 8082.76 9.3173 0.02 331 2212 100.0 10.53 6.3385
58 22 35.0007 0.84 100.0 449.44 555.22 1365.03 1126.24 5.48 8.0 195.42 2222.94 8347.04 1.02 41.66 183.11 2388.04 8064.55 9.2986 0.02 330 2223 100.0 14.88 8.8899
58 23 20.0006 0.7 100.0 491.19 606.8 1482.23 1246.36 9.35 13.65 334.78 2324.0 8727.49 1.08 44.21 315.45 2388.11 8063.32 9.1949 0.02 365 2324 100.0 24.65 14.6142
58 24 25.0023 0.62 60.0 462.54 536.27 1257.67 1047.39 7.05 9.02 175.96 1915.39 8013.06 0.94 36.74 165.28 2028.25 7875.39 10.8334 0.02 306 1915 84.93 14.51 8.5526
58 25 10.0071 0.25 100.0 489.05 604.4 1496.24 1306.77 10.52 15.49 394.78 2318.86 8777.45 1.26 45.17 371.55 2388.08 8129.58 8.6211 0.03 367 2319 100.0 28.72 17.2483
58 26 19.9999 0.7003 100.0 491.19 607.23 1486.5 1253.57 9.35 13.65 335.08 2323.95 8715.87 1.08 44.35 315.33 2388.06 8066.55 9.2036 0.02 364 2324 100.0 24.45 14.7821
58 27 35.0 0.8412 100.0 449.44 555.76 1361.95 1122.65 5.48 8.0 194.35 2222.93 8346.57 1.02 41.91 182.93 2388.06 8067.83 9.3167 0.02 334 2223 100.0 14.86 8.8951
58 28 35.0077 0.842 100.0 449.44 555.63 1360.92 1130.2 5.48 8.0 194.8 2222.99 8351.08 1.03 41.79 183.07 2388.08 8068.68 9.3058 0.02 333 2223 100.0 15.05 8.9794
58 29 10.0017 0.2519 100.0 489.05 604.41 1493.0 1310.61 10.52 15.49 394.64 2318.95 8783.15 1.26 45.31 371.88 2388.12 8132.67 8.6586 0.03 370 2319 100.0 28.6 17.1975
58 30 42.0043 0.841 100.0 445.0 549.98 1354.24 1116.65 3.91 5.72 139.13 2211.93 8323.65 1.02 41.96 130.28 2387.97 8085.2 9.3374 0.02 331 2212 100.0 10.55 6.409
58 31 20.0052 0.7 100.0 491.19 607.36 1485.59 1243.62 9.35 13.65 334.95 2323.96 8727.7 1.08 44.38 315.39 2388.1 8062.11 9.2154 0.02 365 2324 100.0 24.5 14.7124
58 32 25.0011 0.6218 60.0 462.54 537.42 1261.12 1043.75 7.05 9.02 174.86 1915.37 8007.85 0.94 36.67 164.67 2028.29 7876.65 10.8826 0.02 306 1915 84.93 14.22 8.6029
58 33 0.0024 0.0 100.0 518.67 642.22 1589.65 1399.05 14.62 21.61 554.15 2388.05 9057.0 1.3 47.42 521.47 2388.03 8137.0 8.4553 0.03 392 2388 100.0 38.82 23.3237
58 34 42.0 0.84 100.0 445.0 549.34 1348.09 1124.66 3.91 5.72 139.26 2211.9 8321.36 1.02 41.99 130.62 2388.11 8090.27 9.3385 0.02 332 2212 100.0 10.61 6.3845
58 35 35.0033 0.8402 100.0 449.44 555.73 1364.75 1125.01 5.48 8.0 194.54 2222.95 8349.7 1.02 41.89 183.11 2388.01 8065.89 9.2981 0.02 334 2223 100.0 14.98 8.8724
58 36 20.0022 0.7007 100.0 491.19 607.82 1482.97 1246.81 9.35 13.66 334.79 2323.95 8722.69 1.08 44.31 315.39 2388.04 8057.65 9.1884 0.02 363 2324 100.0 24.46 14.7356
58 37 41.9986 0.8407 100.0 445.0 549.49 1352.14 1121.72 3.91 5.71 138.79 2211.9 8326.96 1.02 41.83 130.54 2387.96 8092.11 9.3756 0.02 330 2212 100.0 10.58 6.2626
58 38 10.0039 0.2507 100.0 489.05 604.15 1495.65 1307.5 10.52 15.49 394.55 2318.88 8783.28 1.26 45.31 371.72 2388.05 8135.26 8.6357 0.03 368 2319 100.0 28.7 17.1528
58 39 10.0076 0.2509 100.0 489.05 604.74 1494.37 1301.85 10.52 15.49 394.91 2318.94 8788.52 1.26 45.4 371.74 2388.15 8131.08 8.6264 0.03 369 2319 100.0 28.65 17.2522
58 40 25.0018 0.62 60.0 462.54 536.52 1262.2 1045.48 7.05 9.03 175.57 1915.37 8014.78 0.94 36.66 164.79 2028.25 7879.51 10.8811 0.02 308 1915 84.93 14.37 8.6224
58 41 20.0043 0.7 100.0 491.19 607.19 1488.78 1252.78 9.35 13.66 334.7 2323.92 8729.47 1.08 44.14 314.77 2388.09 8066.82 9.2137 0.02 364 2324 100.0 24.54 14.7961
58 42 10.0033 0.25 100.0 489.05 604.39 1504.91 1309.93 10.52 15.49 394.15 2318.94 8775.05 1.26 45.51 371.43 2388.09 8128.07 8.6674 0.03 369 2319 100.0 28.6 17.1586
58 43 25.0071 0.6214 60.0 462.54 536.9 1247.79 1045.55 7.05 9.03 174.96 1915.31 8009.64 0.94 36.71 164.59 2028.23 7877.71 10.8978 0.02 306 1915 84.93 14.19 8.7361
58 44 10.0069 0.2514 100.0 489.05 604.96 1500.77 1306.83 10.52 15.49 394.93 2318.91 8782.26 1.26 45.36 371.86 2388.07 8129.56 8.6242 0.03 371 2319 100.0 28.61 17.1452
58 45 25.0023 0.62 60.0 462.54 536.5 1262.66 1051.73 7.05 9.03 176.1 1915.41 8013.13 0.94 36.68 164.72 2028.27 7878.03 10.8891 0.02 306 1915 84.93 14.1 8.622
58 46 25.0066 0.62 60.0 462.54 536.63 1258.93 1046.38 7.05 9.03 175.72 1915.39 8007.53 0.94 36.74 165.21 2028.26 7877.81 10.864 0.02 306 1915 84.93 14.09 8.6375
58 47 42.005 0.8409 100.0 445.0 549.53 1347.43 1125.03 3.91 5.72 138.87 2211.93 8317.12 1.02 41.66 130.69 2387.95 8086.64 9.3583 0.02 329 2212 100.0 10.56 6.5173
58 48 19.9988 0.701 100.0 491.19 608.05 1481.49 1250.67 9.35 13.65 333.89 2323.94 8716.54 1.08 44.43 315.37 2388.14 8061.39 9.2156 0.02 365 2324 100.0 24.39 14.7056
58 49 10.0063 0.2501 100.0 489.05 604.59 1501.76 1302.27 10.52 15.49 395.01 2318.86 8781.35 1.26 45.24 371.74 2388.1 8135.73 8.6495 0.03 370 2319 100.0 28.59 17.233
58 50 35.0019 0.84 100.0 449.44 556.0 1363.7 1133.32 5.48 8.0 194.69 2222.96 8343.98 1.02 41.73 183.37 2388.02 8068.94 9.301 0.02 334 2223 100.0 14.89 8.8167
58 51 42.0075 0.84 100.0 445.0 549.16 1350.03 1125.56 3.91 5.72 138.6 2211.84 8316.11 1.02 41.91 130.73 2387.99 8084.88 9.3528 0.02 331 2212 100.0 10.55 6.2734
58 52 35.0075 0.84 100.0 449.44 555.54 1370.72 1127.75 5.48 8.0 194.83 2222.97 8353.54 1.02 41.96 183.17 2388.03 8067.89 9.3078 0.02 334 2223 100.0 14.83 8.9151
58 53 34.9982 0.84 100.0 449.44 555.27 1358.15 1126.01 5.48 8.0 194.93 2222.94 8354.76 1.02 41.82 182.85 2388.05 8066.5 9.3023 0.02 334 2223 100.0 14.83 8.997
58 54 9.9981 0.2509 100.0 489.05 605.15 1499.98 1307.26 10.52 15.49 394.77 2318.87 8781.47 1.26 45.18 371.86 2388.13 8128.06 8.6463 0.03 369 2319 100.0 28.79 17.1212
58 55 10.0003 0.25 100.0 489.05 604.84 1500.24 1312.96 10.52 15.49 394.42 2318.91 8785.44 1.26 45.33 372.05 2388.09 8135.59 8.6205 0.03 369 2319 100.0 28.62 17.223
58 56 35.0032 0.84 100.0 449.44 555.59 1360.71 1129.01 5.48 8.0 194.46 2222.95 8345.72 1.02 41.77 183.33 2387.99 8067.58 9.2812 0.02 333 2223 100.0 14.81 8.9612
58 57 10.0046 0.25 100.0 489.05 605.14 1496.28 1304.13 10.52 15.49 394.74 2318.92 8777.31 1.26 45.24 371.27 2388.14 8130.96 8.6498 0.03 368 2319 100.0 28.5 17.2454
58 58 24.9994 0.6209 60.0 462.54 536.27 1258.45 1044.31 7.05 9.02 175.12 1915.35 8015.37 0.94 36.74 164.1 2028.29 7875.3 10.9236 0.02 307 1915 84.93 14.34 8.6237
58 59 35.0032 0.84 100.0 449.44 555.48 1365.44 1132.01 5.48 8.0 194.92 2222.98 8347.98 1.02 41.79 183.14 2388.07 8067.34 9.3227 0.02 334 2223 100.0 14.95 9.033
58 60 42.0056 0.8419 100.0 445.0 549.72 1352.37 1123.62 3.91 5.71 138.15 2211.84 8320.62 1.02 41.97 130.61 2388.01 8082.04 9.333 0.02 331 2212 100.0 10.67 6.4303
58 61 25.0011 0.62 60.0 462.54 537.06 1252.91 1049.11 7.05 9.02 175.35 1915.36 8008.57 0.94 36.76 164.87 2028.26 7878.66 10.8725 0.02 305 1915 84.93 14.18 8.6418
58 62 19.9993 0.7 100.0 491.19 607.39 1475.6 1248.55 9.35 13.65 334.72 2323.95 8725.56 1.08 44.51 315.32 2388.08 8058.27 9.217 0.02 366 2324 100.0 24.38 14.7152
58 63 42.0067 0.8404 100.0 445.0 549.82 1344.63 1121.12 3.91 5.71 138.76 2211.94 8329.35 1.02 42.21 130.61 2387.99 8087.62 9.3438 0.02 330 2212 100.0 10.67 6.3428
58 64 42.0064 0.84 100.0 445.0 549.32 1352.52 1114.88 3.91 5.71 138.64 2211.92 8327.77 1.02 42.14 130.6 2387.94 8087.11 9.3617 0.02 329 2212 100.0 10.65 6.2992
58 65 42.0067 0.8403 100.0 445.0 549.01 1360.77 1125.42 3.91 5.72 138.5 2211.83 8323.87 1.02 42.08 130.29 2387.97 8081.94 9.3501 0.02 331 2212 100.0 10.51 6.469
58 66 20.0018 0.7 100.0 491.19 607.36 1481.82 1246.66 9.35 13.65 335.3 2323.94 8717.33 1.08 44.34 315.5 2388.15 8060.98 9.2254 0.02 365 2324 100.0 24.49 14.7199
58 67 10.0055 0.25 100.0 489.05 604.85 1502.82 1305.19 10.52 15.49 395.05 2318.89 8778.51 1.26 45.49 371.85 2388.09 8129.46 8.6454 0.03 366 2319 100.0 28.51 17.1488
58 68 10.0037 0.2516 100.0 489.05 605.49 1501.67 1306.61 10.52 15.49 394.61 2318.91 8774.77 1.26 45.21 371.99 2388.13 8135.89 8.6198 0.03 369 2319 100.0 28.64 17.1415
58 69 35.0042 0.8411 100.0 449.44 555.24 1368.97 1121.3 5.48 8.0 194.88 2222.99 8360.12 1.02 41.72 182.52 2388.08 8067.58 9.3319 0.02 333 2223 100.0 14.81 8.8664
58 70 42.0043 0.84 100.0 445.0 549.79 1355.03 1120.29 3.91 5.72 138.05 2211.84 8321.61 1.02 41.93 131.01 2387.88 8085.54 9.3744 0.02 331 2212 100.0 10.65 6.3624
58 71 20.0015 0.7017 100.0 491.19 607.42 1482.15 1252.81 9.35 13.66 334.21 2323.92 8719.2 1.08 44.25 314.56 2388.03 8058.66 9.2373 0.02 366 2324 100.0 24.5 14.6445
58 72 35.0058 0.8419 100.0 449.44 556.12 1364.75 1124.3 5.48 8.0 195.91 2222.99 8352.02 1.02 41.8 183.07 2388.09 8072.06 9.3293 0.02 332 2223 100.0 14.93 8.9325
58 73 25.0007 0.6211 60.0 462.54 536.84 1259.45 1045.89 7.05 9.02 175.04 1915.33 8009.2 0.94 36.66 164.52 2028.28 7873.67 10.9044 0.02 308 1915 84.93 14.18 8.4348
58 74 19.9998 0.7019 100.0 491.19 607.3 1475.36 1253.17 9.35 13.65 334.09 2323.94 8722.78 1.08 44.33 315.07 2388.14 8058.02 9.2512 0.02 366 2324 100.0 24.51 14.6354
58 75 42.0003 0.84 100.0 445.0 549.39 1347.5 1124.78 3.91 5.72 138.28 2211.89 8327.89 1.02 42.14 130.69 2387.99 8089.7 9.3613 0.02 328 2212 100.0 10.79 6.2666
58 76 0.0004 0.0014 100.0 518.67 642.77 1582.99 1407.01 14.62 21.61 553.98 2388.05 9047.33 1.3 47.33 521.37 2388.1 8136.21 8.4155 0.03 393 2388 100.0 38.84 23.3363
58 77 42.0045 0.84 100.0 445.0 549.57 1351.97 1126.03 3.91 5.71 139.09 2211.91 8322.29 1.02 42.12 130.94 2387.98 8081.81 9.3541 0.02 329 2212 100.0 10.52 6.3298
58 78 42.0007 0.8401 100.0 445.0 549.62 1357.64 1122.94 3.91 5.72 138.7 2211.87 8317.72 1.02 42.15 130.24 2387.93 8078.47 9.3671 0.02 331 2212 100.0 10.54 6.2935
58 79 0.0013 0.0 100.0 518.67 642.88 1582.84 1403.13 14.62 21.61 553.91 2388.1 9050.82 1.3 47.43 521.56 2388.08 8135.21 8.3915 0.03 394 2388 100.0 38.88 23.3339
58 80 25.0072 0.62 60.0 462.54 536.86 1259.17 1047.61 7.05 9.03 175.37 1915.33 8012.87 0.94 36.7 164.59 2028.22 7875.71 10.8888 0.02 307 1915 84.93 14.34 8.5603
58 81 0.0025 0.0 100.0 518.67 642.74 1593.28 1402.69 14.62 21.61 553.32 2388.1 9051.16 1.3 47.25 521.13 2388.12 8132.03 8.4276 0.03 393 2388 100.0 38.81 23.3814
58 82 20.0069 0.7003 100.0 491.19 607.05 1484.77 1252.9 9.35 13.66 334.58 2323.99 8729.58 1.08 44.45 315.17 2388.16 8057.03 9.2317 0.02 364 2324 100.0 24.64 14.6336
58 83 24.9987 0.6213 60.0 462.54 536.92 1260.58 1038.99 7.05 9.03 175.67 1915.31 8004.89 0.94 36.88 164.84 2028.2 7872.26 10.9098 0.02 306 1915 84.93 14.39 8.5872
58 84 20.0038 0.7003 100.0 491.19 607.66 1488.84 1248.34 9.35 13.65 334.58 2323.94 8721.88 1.08 44.33 315.16 2388.13 8059.2 9.1686 0.02 363 2324 100.0 24.44 14.7268
58 85 42.0047 0.84 100.0 445.0 549.74 1347.33 1125.79 3.91 5.71 138.85 2211.86 8320.78 1.02 42.12 131.07 2387.87 8080.74 9.3536 0.02 331 2212 100.0 10.67 6.4031
58 86 35.0008 0.8401 100.0 449.44 555.65 1365.48 1130.62 5.48 8.0 194.78 2222.95 8345.54 1.02 41.88 182.86 2388.04 8068.46 9.3358 0.02 334 2223 100.0 15.04 9.0616
58 87 35.0072 0.84 100.0 449.44 555.73 1371.12 1134.6 5.48 8.0 194.6 2222.95 8341.18 1.02 42.02 182.99 2388.04 8067.46 9.3213 0.02 334 2223 100.0 14.71 8.9691
58 88 24.9998 0.6217 60.0 462.54 536.62 1264.33 1041.37 7.05 9.03 175.43 1915.28 8011.28 0.94 36.82 164.56 2028.26 7874.64 10.921 0.02 309 1915 84.93 14.1 8.5582
58 89 42.0074 0.8403 100.0 445.0 549.32 1351.6 1129.36 3.91 5.71 138.47 2211.85 8324.83 1.02 41.89 130.33 2387.91 8086.45 9.3618 0.02 330 2212 100.0 10.4 6.3247
58 90 0.0023 0.0015 100.0 518.67 642.36 1590.79 1405.89 14.62 21.61 553.53 2388.08 9058.14 1.3 47.55 521.69 2388.08 8134.97 8.4374 0.03 393 2388 100.0 38.91 23.3462
58 91 20.0033 0.7 100.0 491.19 607.21 1484.86 1252.98 9.35 13.66 335.08 2323.93 8723.36 1.08 44.58 314.84 2388.14 8060.85 9.2168 0.02 364 2324 100.0 24.41 14.6381
58 92 10.0003 0.2503 100.0 489.05 604.91 1501.98 1310.28 10.52 15.49 394.83 2318.92 8782.77 1.26 45.42 371.98 2388.12 8129.48 8.6464 0.03 371 2319 100.0 28.66 17.015
58 93 0.0006 0.0001 100.0 518.67 642.2 1598.1 1405.55 14.62 21.61 554.37 2388.13 9058.21 1.3 47.41 521.71 2388.14 8132.12 8.4265 0.03 394 2388 100.0 38.79 23.3346
58 94 35.0003 0.8405 100.0 449.44 555.7 1361.68 1134.34 5.48 8.0 193.83 2222.89 8349.78 1.02 41.79 183.29 2388.06 8065.88 9.2924 0.02 336 2223 100.0 14.89 8.936
58 95 25.0012 0.6208 60.0 462.54 537.07 1259.83 1054.57 7.05 9.03 174.41 1915.29 8007.58 0.94 36.78 164.34 2028.21 7869.03 10.9238 0.02 308 1915 84.93 14.49 8.5936
58 96 25.0011 0.62 60.0 462.54 536.35 1266.85 1043.99 7.05 9.03 175.83 1915.31 8014.97 0.94 36.75 164.91 2028.16 7876.73 10.9202 0.02 308 1915 84.93 14.29 8.5964
58 97 9.9981 0.25 100.0 489.05 605.2 1508.14 1308.19 10.52 15.49 394.51 2318.95 8780.69 1.26 45.35 371.49 2388.14 8127.8 8.6794 0.03 369 2319 100.0 28.51 17.1297
58 98 10.0021 0.2516 100.0 489.05 604.77 1493.85 1303.54 10.52 15.49 393.98 2318.97 8786.06 1.26 45.51 371.56 2388.14 8131.94 8.6779 0.03 371 2319 100.0 28.55 17.0895
58 99 20.0036 0.7019 100.0 491.19 607.7 1487.21 1258.77 9.35 13.66 335.01 2323.96 8718.95 1.07 44.63 314.9 2388.13 8062.94 9.2136 0.02 367 2324 100.0 24.28 14.6487
58 100 35.0017 0.8403 100.0 449.44 555.88 1360.04 1135.56 5.48 8.0 194.26 2222.94 8352.29 1.02 41.88 182.82 2388.05 8062.26 9.2999 0.02 333 2223 100.0 14.82 9.0022
58 101 42.003 0.8415 100.0 445.0 549.31 1359.97 1125.76 3.91 5.72 139.26 2211.89 8320.11 1.02 42.18 130.46 2387.97 8088.36 9.3489 0.02 331 2212 100.0 10.55 6.313
58 102 9.999 0.25 100.0 489.05 604.93 1504.47 1309.36 10.52 15.49 394.22 2318.93 8776.92 1.26 45.48 371.42 2388.18 8130.9 8.6582 0.03 370 2319 100.0 28.53 17.1501
58 103 35.0031 0.84 100.0 449.44 555.71 1366.07 1129.05 5.48 8.0 194.44 2222.94 8343.96 1.02 42.1 182.71 2388.03 8061.46 9.3297 0.02 332 2223 100.0 14.87 8.882
58 104 20.0049 0.7 100.0 491.19 607.76 1479.46 1259.36 9.35 13.65 334.17 2323.97 8718.02 1.08 44.47 315.15 2388.1 8060.0 9.2378 0.02 365 2324 100.0 24.52 14.6608
58 105 20.0038 0.7 100.0 491.19 607.1 1486.66 1250.24 9.35 13.66 334.52 2324.04 8723.97 1.08 44.53 314.8 2388.08 8056.49 9.2458 0.02 364 2324 100.0 24.59 14.6195
58 106 24.9987 0.6217 60.0 462.54 536.68 1258.72 1046.34 7.05 9.03 174.58 1915.3 8009.74 0.94 36.71 164.69 2028.2 7873.23 10.9528 0.02 307 1915 84.93 14.26 8.6219
58 107 42.0023 0.84 100.0 445.0 549.85 1347.51 1133.12 3.91 5.71 138.02 2211.91 8320.03 1.02 42.07 130.39 2387.93 8084.52 9.4019 0.02 331 2212 100.0 10.52 6.3277
58 108 41.9995 0.84 100.0 445.0 550.03 1357.13 1131.35 3.91 5.71 139.05 2211.81 8320.84 1.02 42.18 130.79 2387.88 8075.91 9.4048 0.02 331 2212 100.0 10.79 6.3072
58 109 24.9992 0.62 60.0 462.54 536.77 1260.35 1053.45 7.05 9.03 175.09 1915.27 8010.39 0.94 36.71 164.46 2028.13 7874.34 10.9224 0.02 306 1915 84.93 14.33 8.5954
58 110 35.0 0.84 100.0 449.44 555.5 1374.56 1131.27 5.48 8.0 194.58 2222.92 8353.81 1.02 41.98 183.16 2388.03 8066.06 9.3751 0.02 335 2223 100.0 14.66 8.8085
58 111 24.9996 0.62 60.0 462.54 537.23 1265.36 1047.72 7.05 9.03 175.23 1915.24 8015.73 0.94 36.91 164.5 2028.21 7869.65 10.8861 0.02 307 1915 84.93 14.2 8.4908
58 112 35.0015 0.84 100.0 449.44 555.24 1365.97 1132.97 5.48 8.0 194.05 2222.91 8343.33 1.02 42.15 182.63 2387.99 8066.3 9.3378 0.02 336 2223 100.0 14.85 8.8813
58 113 34.9987 0.84 100.0 449.44 556.28 1366.12 1133.86 5.48 8.0 193.9 2222.91 8348.4 1.02 42.15 182.6 2388.02 8063.29 9.3424 0.02 334 2223 100.0 14.86 8.9508
58 114 0.0022 0.002 100.0 518.67 642.6 1591.68 1408.0 14.62 21.61 552.8 2388.15 9061.49 1.3 47.64 520.61 2388.1 8134.18 8.4757 0.03 392 2388 100.0 38.65 23.2076
58 115 9.9989 0.25 100.0 489.05 605.67 1504.13 1317.85 10.52 15.49 394.19 2319.0 8778.28 1.26 45.52 371.67 2388.2 8124.2 8.6753 0.03 369 2319 100.0 28.3 17.224
58 116 19.9987 0.7 100.0 491.19 607.31 1485.46 1261.41 9.35 13.66 334.07 2323.92 8723.8 1.07 44.55 314.81 2388.1 8056.27 9.2197 0.02 367 2324 100.0 24.44 14.6412
58 117 42.0063 0.8402 100.0 445.0 549.93 1351.87 1129.99 3.91 5.71 138.95 2211.82 8322.93 1.02 42.25 131.07 2387.86 8079.19 9.4231 0.02 332 2212 100.0 10.69 6.325
58 118 20.007 0.7009 100.0 491.19 607.6 1479.99 1259.39 9.35 13.66 334.2 2323.98 8720.24 1.08 44.57 314.84 2388.16 8058.9 9.2698 0.03 366 2324 100.0 24.52 14.7798
58 119 35.0075 0.84 100.0 449.44 555.63 1375.3 1142.04 5.48 8.0 194.34 2222.9 8350.67 1.02 42.1 182.99 2387.95 8062.02 9.3351 0.02 334 2223 100.0 14.92 8.9711
58 120 35.0073 0.8417 100.0 449.44 555.92 1368.02 1139.58 5.48 8.0 193.95 2222.86 8342.48 1.02 42.01 182.97 2387.92 8066.58 9.3442 0.02 332 2223 100.0 14.52 8.8659
58 121 25.0069 0.62 60.0 462.54 537.41 1268.17 1053.45 7.05 9.03 175.89 1915.26 8008.33 0.94 36.83 164.5 2028.15 7868.1 10.8985 0.02 308 1915 84.93 14.2 8.6035
58 122 0.0027 0.0003 100.0 518.67 643.04 1591.6 1410.07 14.62 21.61 553.38 2388.19 9051.52 1.3 47.64 521.39 2388.17 8131.66 8.491 0.03 395 2388 100.0 38.7 23.2377
58 123 0.0007 0.0 100.0 518.67 643.25 1593.29 1419.11 14.62 21.61 552.6 2388.18 9052.11 1.3 47.55 520.87 2388.17 8126.24 8.4704 0.03 393 2388 100.0 38.72 23.2416
58 124 35.004 0.8416 100.0 449.44 555.91 1361.62 1136.3 5.48 8.0 193.69 2222.84 8345.69 1.02 42.01 182.68 2387.89 8058.63 9.3415 0.02 334 2223 100.0 14.92 8.8132
58 125 25.0012 0.62 60.0 462.54 536.86 1264.18 1053.1 7.05 9.02 175.61 1915.25 8008.44 0.94 36.8 164.8 2028.13 7872.44 10.9487 0.02 308 1915 84.93 14.28 8.499
58 126 42.004 0.8402 100.0 445.0 549.79 1358.87 1137.92 3.91 5.72 138.41 2211.74 8320.54 1.02 42.09 130.03 2387.76 8079.73 9.4184 0.02 332 2212 100.0 10.35 6.4891
58 127 35.0049 0.8415 100.0 449.44 556.31 1374.32 1131.46 5.48 8.0 193.95 2222.88 8349.28 1.02 42.16 182.48 2387.95 8060.24 9.338 0.02 335 2223 100.0 14.81 8.8941
58 128 10.0067 0.2501 100.0 489.05 605.33 1508.67 1312.26 10.52 15.49 394.01 2318.99 8781.55 1.26 45.6 371.44 2388.25 8127.36 8.6763 0.03 371 2319 100.0 28.39 17.0549
58 129 25.0015 0.62 60.0 462.54 536.96 1260.76 1050.32 7.05 9.03 175.28 1915.26 8011.86 0.94 36.97 164.74 2028.14 7870.49 10.9164 0.02 307 1915 84.93 14.28 8.6339
58 130 34.9985 0.8417 100.0 449.44 556.43 1373.21 1135.74 5.48 8.0 194.36 2222.87 8351.64 1.02 41.94 182.39 2387.91 8062.77 9.3347 0.02 336 2223 100.0 14.84 8.9676
58 131 9.9983 0.25 100.0 489.05 604.97 1504.83 1313.72 10.52 15.5 393.98 2319.04 8773.81 1.26 45.86 371.11 2388.28 8121.52 8.678 0.03 372 2319 100.0 28.55 17.0463
58 132 0.0028 0.0018 100.0 518.67 643.13 1589.38 1416.82 14.62 21.61 553.31 2388.2 9048.9 1.3 47.54 520.61 2388.13 8130.7 8.4808 0.03 394 2388 100.0 38.81 23.1388
58 133 25.0044 0.6216 60.0 462.54 536.95 1268.25 1058.1 7.05 9.03 174.7 1915.31 8011.71 0.94 36.99 164.25 2028.08 7872.8 10.9537 0.02 310 1915 84.93 14.21 8.4916
58 134 35.004 0.84 100.0 449.44 556.26 1376.68 1145.66 5.48 8.0 194.76 2222.84 8351.66 1.02 42.1 183.18 2387.9 8059.59 9.3789 0.02 335 2223 100.0 14.68 8.8804
58 135 25.004 0.62 60.0 462.54 536.7 1265.6 1050.14 7.05 9.03 175.09 1915.18 8008.82 0.94 36.91 164.6 2028.13 7867.94 10.954 0.02 309 1915 84.93 14.14 8.5066
58 136 41.9998 0.84 100.0 445.0 549.6 1357.4 1129.12 3.91 5.72 139.13 2211.72 8311.91 1.02 42.38 130.26 2387.81 8076.4 9.406 0.02 332 2212 100.0 10.58 6.3017
58 137 0.0027 0.0019 100.0 518.67 642.56 1598.52 1419.54 14.62 21.61 552.74 2388.14 9053.43 1.3 47.9 520.6 2388.23 8131.4 8.4539 0.03 394 2388 100.0 38.73 23.3012
58 138 9.9993 0.25 100.0 489.05 605.62 1504.44 1327.83 10.52 15.5 393.72 2319.05 8778.7 1.26 45.71 370.99 2388.27 8117.0 8.6838 0.03 373 2319 100.0 28.43 17.0165
58 139 25.0008 0.62 60.0 462.54 536.9 1264.88 1055.35 7.05 9.03 174.83 1915.21 8004.69 0.94 37.01 163.89 2028.08 7871.49 10.9715 0.02 308 1915 84.93 14.21 8.5401
58 140 0.0006 0.0002 100.0 518.67 643.16 1601.74 1420.24 14.62 21.61 552.39 2388.16 9051.74 1.3 47.84 520.24 2388.2 8126.31 8.4648 0.03 394 2388 100.0 38.62 23.1373
58 141 25.0046 0.62 60.0 462.54 536.51 1265.31 1054.1 7.05 9.03 174.67 1915.14 8003.79 0.94 36.96 163.78 2028.1 7864.16 10.9654 0.02 307 1915 84.93 14.25 8.4398
58 142 25.0056 0.6207 60.0 462.54 537.19 1268.63 1051.26 7.05 9.03 175.02 1915.25 8009.87 0.94 37.01 164.19 2028.06 7875.93 10.934 0.02 309 1915 84.93 14.32 8.5294
58 143 42.0064 0.8409 100.0 445.0 549.82 1362.62 1129.43 3.91 5.71 137.64 2211.62 8314.67 1.02 42.52 130.49 2387.72 8072.62 9.4423 0.02 334 2212 100.0 10.38 6.3569
58 144 0.0029 0.0005 100.0 518.67 643.03 1594.05 1418.9 14.62 21.61 552.81 2388.24 9054.53 1.3 47.82 520.64 2388.22 8119.88 8.4538 0.03 395 2388 100.0 38.75 23.1558
58 145 42.0045 0.84 100.0 445.0 550.27 1354.47 1139.67 3.91 5.72 138.57 2211.56 8310.05 1.02 42.47 130.81 2387.64 8066.79 9.4151 0.02 332 2212 100.0 10.41 6.2939
58 146 42.0051 0.8412 100.0 445.0 550.66 1357.66 1140.9 3.91 5.71 138.87 2211.61 8313.06 1.02 42.73 130.17 2387.63 8073.18 9.4582 0.02 332 2212 100.0 10.57 6.3699
58 147 35.0069 0.8417 100.0 449.44 556.32 1373.88 1138.14 5.48 8.0 194.68 2222.83 8345.7 1.02 42.34 182.2 2387.9 8056.17 9.3977 0.02 334 2223 100.0 14.74 8.8237
58 148 0.0005 0.0013 100.0 518.67 643.73 1593.08 1418.48 14.62 21.61 552.29 2388.27 9041.14 1.3 47.82 520.16 2388.28 8120.29 8.4874 0.03 396 2388 100.0 38.69 23.1284
58 149 42.0031 0.84 100.0 445.0 550.19 1360.72 1150.29 3.91 5.71 138.61 2211.54 8309.69 1.02 42.35 130.07 2387.63 8063.47 9.4418 0.02 333 2212 100.0 10.48 6.2476
58 150 35.0055 0.8416 100.0 449.44 555.91 1372.92 1142.69 5.48 8.0 194.57 2222.71 8349.15 1.02 42.43 182.86 2387.82 8056.91 9.378 0.02 336 2223 100.0 14.69 8.9259
58 151 0.0004 0.0 100.0 518.67 643.88 1598.83 1421.05 14.62 21.61 551.73 2388.27 9052.77 1.3 48.05 520.17 2388.23 8123.91 8.5104 0.03 394 2388 100.0 38.6 23.122
58 152 42.0011 0.8403 100.0 445.0 550.47 1363.13 1139.99 3.91 5.71 138.25 2211.48 8311.53 1.02 42.5 130.24 2387.59 8073.91 9.4535 0.02 332 2212 100.0 10.43 6.3209
58 153 0.0019 0.0 100.0 518.67 643.43 1606.07 1423.64 14.62 21.61 551.97 2388.24 9045.79 1.3 48.1 519.54 2388.21 8126.14 8.5226 0.03 397 2388 100.0 38.52 23.0647
58 154 19.9997 0.702 100.0 491.19 607.81 1492.65 1272.2 9.35 13.66 333.62 2324.09 8720.24 1.07 44.89 313.98 2388.2 8050.79 9.2872 0.03 368 2324 100.0 24.19 14.6078
58 155 10.0028 0.25 100.0 489.05 605.46 1503.66 1329.87 10.52 15.5 393.46 2319.12 8774.34 1.26 45.96 370.52 2388.44 8114.11 8.6936 0.03 372 2319 100.0 28.31 17.0002
58 156 35.0068 0.8411 100.0 449.44 557.06 1367.92 1140.11 5.48 8.0 193.92 2222.67 8346.5 1.02 42.56 182.59 2387.75 8055.37 9.4201 0.02 337 2223 100.0 14.59 8.9349
58 157 0.0029 0.0014 100.0 518.67 643.84 1598.82 1426.3 14.62 21.61 551.13 2388.27 9041.88 1.3 48.1 519.86 2388.22 8119.21 8.5149 0.03 394 2388 100.0 38.5 23.2032
58 158 0.0019 0.0 100.0 518.67 642.98 1599.14 1431.12 14.62 21.61 551.14 2388.32 9042.63 1.3 48.05 519.67 2388.33 8116.91 8.4903 0.03 396 2388 100.0 38.42 23.1081
58 159 25.0008 0.6212 60.0 462.54 537.65 1268.12 1063.44 7.05 9.03 175.35 1915.08 8014.06 0.94 37.27 164.51 2028.03 7860.36 11.0025 0.02 309 1915 84.93 14.03 8.5182
58 160 0.0026 0.0008 100.0 518.67 644.03 1592.71 1430.23 14.62 21.61 551.29 2388.29 9047.22 1.3 48.15 519.41 2388.3 8115.78 8.5508 0.03 396 2388 100.0 38.31 23.0624
58 161 19.9999 0.7011 100.0 491.19 608.11 1500.58 1275.57 9.35 13.66 332.82 2324.15 8713.9 1.07 44.99 313.2 2388.19 8044.15 9.3231 0.03 370 2324 100.0 24.26 14.435
58 162 42.0034 0.84 100.0 445.0 550.44 1362.57 1139.1 3.91 5.71 137.86 2211.48 8313.05 1.02 42.84 129.89 2387.45 8064.97 9.4666 0.02 335 2212 100.0 10.39 6.2707
144 1 0.0005 0.0 100.0 518.67 642.58 1586.46 1407.18 14.62 21.61 553.66 2388.1 9043.93 1.3 47.74 521.01 2388.18 8124.82 8.4265 0.03 394 2388 100.0 38.99 23.2445
144 2 20.0043 0.7 100.0 491.19 607.2 1485.48 1249.01 9.35 13.65 334.23 2323.93 8705.35 1.08 44.53 314.76 2388.06 8048.43 9.2104 0.02 366 2324 100.0 24.38 14.6681
144 3 10.0053 0.25 100.0 489.05 605.33 1507.39 1315.42 10.52 15.5 394.38 2318.99 8765.65 1.26 45.42 371.14 2388.2 8116.21 8.6453 0.03 370 2319 100.0 28.55 17.0705
144 4 0.0011 0.0002 100.0 518.67 642.74 1591.04 1407.95 14.62 21.61 553.04 2388.08 9045.1 1.3 47.38 521.62 2388.14 8121.11 8.4439 0.03 394 2388 100.0 38.81 23.2899
144 5 9.9995 0.25 100.0 489.05 605.13 1494.97 1307.36 10.52 15.49 394.13 2318.94 8765.18 1.26 45.39 371.2 2388.2 8114.32 8.6641 0.03 370 2319 100.0 28.49 17.1562
144 6 10.0072 0.2505 100.0 489.05 604.84 1488.98 1304.49 10.52 15.49 393.58 2319.0 8768.13 1.26 45.5 371.84 2388.19 8119.77 8.6291 0.03 371 2319 100.0 28.6 17.0655
144 7 0.0015 0.0 100.0 518.67 642.35 1589.11 1401.92 14.62 21.61 553.08 2388.13 9036.84 1.3 47.64 521.4 2388.11 8121.69 8.4685 0.03 393 2388 100.0 38.81 23.2203
144 8 25.0031 0.62 60.0 462.54 536.98 1265.45 1052.67 7.05 9.03 175.97 1915.12 8004.95 0.94 36.68 164.73 2028.0 7868.09 10.9256 0.02 307 1915 84.93 14.34 8.5057
144 9 20.0067 0.7001 100.0 491.19 607.73 1485.1 1250.47 9.35 13.66 333.96 2323.93 8718.12 1.08 44.49 314.93 2388.11 8050.15 9.2089 0.02 365 2324 100.0 24.33 14.7212
144 10 0.0016 0.001 100.0 518.67 642.99 1592.69 1406.26 14.62 21.61 553.77 2388.11 9042.07 1.3 47.55 521.02 2388.17 8123.06 8.4364 0.03 393 2388 100.0 38.83 23.2303
144 11 20.0046 0.7013 100.0 491.19 607.48 1482.72 1256.67 9.35 13.66 334.61 2323.93 8710.41 1.08 44.67 315.46 2388.07 8050.33 9.2216 0.02 365 2324 100.0 24.48 14.5952
144 12 20.0048 0.7 100.0 491.19 607.55 1490.6 1252.41 9.35 13.66 334.67 2323.94 8710.61 1.08 44.4 314.54 2388.06 8057.74 9.238 0.03 365 2324 100.0 24.52 14.6331
144 13 42.0009 0.84 100.0 445.0 549.61 1355.85 1128.58 3.91 5.71 138.6 2211.62 8305.42 1.02 42.09 130.34 2387.65 8066.68 9.3794 0.02 331 2212 100.0 10.42 6.3159
144 14 10.0017 0.25 100.0 489.05 605.49 1505.87 1317.23 10.52 15.49 394.12 2318.94 8759.54 1.26 45.28 370.7 2388.18 8118.21 8.645 0.03 370 2319 100.0 28.59 17.083
144 15 41.9984 0.84 100.0 445.0 549.61 1351.89 1119.84 3.91 5.72 138.13 2211.6 8311.89 1.02 42.24 130.16 2387.72 8068.53 9.3691 0.02 330 2212 100.0 10.48 6.3947
144 16 25.0018 0.6212 60.0 462.54 536.79 1265.59 1046.81 7.05 9.03 175.37 1915.12 8004.0 0.94 36.67 164.75 2027.99 7861.72 10.9212 0.02 308 1915 84.93 14.27 8.471
144 17 0.002 0.0 100.0 518.67 642.65 1590.14 1407.48 14.62 21.61 553.36 2388.21 9042.11 1.3 47.7 521.64 2388.13 8122.44 8.4056 0.03 393 2388 100.0 39.01 23.3343
144 18 35.0056 0.84 100.0 449.44 555.77 1368.84 1128.16 5.48 8.0 194.11 2222.67 8331.24 1.02 41.97 183.03 2387.8 8052.26 9.3068 0.02 335 2223 100.0 14.81 8.8513
144 19 35.0077 0.8408 100.0 449.44 555.54 1371.83 1127.09 5.48 8.0 194.27 2222.77 8343.54 1.02 41.97 182.59 2387.79 8059.18 9.3333 0.02 333 2223 100.0 14.72 8.8673
144 20 10.0018 0.2502 100.0 489.05 604.52 1504.44 1317.12 10.52 15.5 393.7 2318.98 8759.46 1.26 45.62 371.64 2388.13 8118.45 8.6569 0.03 370 2319 100.0 28.54 17.1584
144 21 42.0072 0.8416 100.0 445.0 549.65 1357.3 1129.24 3.91 5.71 138.98 2211.66 8305.14 1.02 42.09 131.05 2387.65 8066.88 9.3576 0.02 331 2212 100.0 10.6 6.361
144 22 34.9997 0.8414 100.0 449.44 556.04 1370.33 1124.76 5.48 8.0 194.52 2222.69 8341.41 1.02 42.17 182.95 2387.78 8053.65 9.3467 0.02 333 2223 100.0 14.86 8.8244
144 23 41.9997 0.8418 100.0 445.0 550.09 1350.21 1129.12 3.91 5.71 138.05 2211.59 8308.83 1.02 42.15 130.2 2387.66 8068.94 9.3949 0.02 331 2212 100.0 10.72 6.4212
144 24 10.0029 0.2514 100.0 489.05 604.9 1500.88 1311.46 10.52 15.49 394.81 2318.99 8774.74 1.26 45.54 371.33 2388.19 8115.58 8.6563 0.03 370 2319 100.0 28.5 17.1731
144 25 42.0023 0.84 100.0 445.0 549.36 1357.22 1128.37 3.91 5.71 138.13 2211.6 8307.44 1.02 42.21 130.23 2387.65 8072.86 9.382 0.02 331 2212 100.0 10.49 6.2226
144 26 0.0025 0.0011 100.0 518.67 642.7 1583.98 1406.88 14.62 21.61 553.22 2388.13 9042.12 1.3 47.51 521.34 2388.16 8122.47 8.4208 0.03 394 2388 100.0 38.95 23.2359
144 27 35.006 0.84 100.0 449.44 555.18 1366.82 1129.66 5.48 8.0 194.05 2222.69 8330.98 1.02 41.98 182.95 2387.8 8056.75 9.3327 0.02 334 2223 100.0 14.98 8.8536
144 28 20.006 0.7008 100.0 491.19 607.39 1489.38 1245.3 9.35 13.66 333.8 2323.88 8714.95 1.08 44.51 315.13 2388.05 8051.01 9.2062 0.02 365 2324 100.0 24.33 14.6312
144 29 35.0066 0.84 100.0 449.44 554.93 1370.34 1139.22 5.48 8.0 194.04 2222.72 8336.34 1.02 41.89 183.24 2387.77 8050.75 9.3545 0.02 333 2223 100.0 14.82 8.8891
144 30 42.0062 0.8411 100.0 445.0 550.0 1354.65 1131.76 3.91 5.71 139.13 2211.57 8308.83 1.02 42.21 130.55 2387.64 8064.5 9.3748 0.02 332 2212 100.0 10.71 6.2907
144 31 42.0021 0.84 100.0 445.0 549.26 1351.63 1134.08 3.91 5.71 138.47 2211.64 8308.49 1.02 42.26 130.63 2387.62 8071.37 9.3707 0.02 332 2212 100.0 10.69 6.4023
144 32 42.0056 0.84 100.0 445.0 549.62 1348.71 1132.49 3.91 5.71 137.77 2211.53 8306.38 1.02 42.15 130.8 2387.61 8067.76 9.4072 0.02 332 2212 100.0 10.48 6.4919
144 33 42.0058 0.84 100.0 445.0 549.64 1352.54 1133.14 3.91 5.71 139.24 2211.67 8311.52 1.02 41.96 130.65 2387.7 8064.31 9.3992 0.02 330 2212 100.0 10.6 6.3575
144 34 42.0017 0.8402 100.0 445.0 549.89 1357.51 1126.47 3.91 5.71 138.16 2211.62 8315.9 1.02 42.14 130.53 2387.64 8077.5 9.3868 0.02 332 2212 100.0 10.52 6.3683
144 35 10.003 0.2516 100.0 489.05 604.63 1501.41 1306.0 10.52 15.5 394.56 2318.93 8767.43 1.26 45.6 371.62 2388.19 8117.16 8.6721 0.03 370 2319 100.0 28.68 17.143
144 36 41.9993 0.8419 100.0 445.0 550.26 1356.11 1123.54 3.91 5.71 138.94 2211.64 8307.81 1.02 42.05 130.11 2387.7 8072.97 9.3666 0.02 332 2212 100.0 10.52 6.3269
144 37 20.0065 0.7015 100.0 491.19 607.29 1483.67 1259.46 9.35 13.66 333.77 2324.02 8710.63 1.07 44.47 314.83 2388.04 8047.29 9.2349 0.02 365 2324 100.0 24.35 14.6185
144 38 42.0027 0.841 100.0 445.0 549.49 1346.99 1121.5 3.91 5.71 138.3 2211.62 8301.98 1.02 42.08 130.35 2387.69 8068.9 9.4202 0.02 329 2212 100.0 10.42 6.2965
144 39 34.9991 0.8411 100.0 449.44 555.58 1368.11 1132.76 5.48 8.0 193.43 2222.7 8336.44 1.02 42.23 182.49 2387.76 8050.24 9.3199 0.02 333 2223 100.0 14.84 8.915
144 40 35.0079 0.84 100.0 449.44 555.77 1373.47 1130.13 5.48 8.0 193.61 2222.74 8341.49 1.02 41.88 183.25 2387.74 8050.93 9.328 0.02 334 2223 100.0 14.92 8.8216
144 41 35.0075 0.84 100.0 449.44 556.08 1370.23 1127.05 5.48 8.0 193.8 2222.71 8341.67 1.02 41.9 182.4 2387.82 8055.67 9.3348 0.02 336 2223 100.0 15.09 8.8915
144 42 35.0045 0.84 100.0 449.44 555.77 1366.88 1129.63 5.48 8.0 193.76 2222.74 8342.05 1.02 41.93 182.75 2387.76 8060.84 9.3214 0.02 334 2223 100.0 14.81 8.8756
144 43 35.0049 0.84 100.0 449.44 555.52 1363.7 1133.07 5.48 8.0 193.87 2222.73 8344.57 1.02 41.94 182.85 2387.75 8054.36 9.298 0.02 335 2223 100.0 14.93 8.9197
144 44 20.0071 0.7015 100.0 491.19 607.15 1483.5 1257.09 9.35 13.65 334.2 2323.92 8713.59 1.08 44.56 314.94 2388.09 8043.34 9.2093 0.02 366 2324 100.0 24.55 14.6456
144 45 42.004 0.84 100.0 445.0 549.82 1359.03 1126.69 3.91 5.71 138.55 2211.62 8312.17 1.02 42.23 130.29 2387.71 8073.13 9.3679 0.02 332 2212 100.0 10.45 6.2453
144 46 25.0008 0.621 60.0 462.54 536.47 1265.3 1055.85 7.05 9.03 175.38 1915.15 8001.95 0.94 36.7 164.88 2028.08 7866.07 10.9099 0.02 308 1915 84.93 14.35 8.6202
144 47 20.0004 0.7 100.0 491.19 607.43 1481.49 1254.35 9.35 13.66 334.44 2323.92 8713.56 1.08 44.61 314.99 2388.06 8046.05 9.2688 0.02 365 2324 100.0 24.46 14.7228
144 48 10.0063 0.2501 100.0 489.05 604.95 1499.65 1312.19 10.52 15.5 394.27 2319.01 8769.17 1.26 45.46 371.41 2388.21 8117.24 8.6716 0.03 369 2319 100.0 28.52 17.1376
144 49 0.0004 0.0016 100.0 518.67 642.8 1586.74 1411.17 14.62 21.61 553.14 2388.22 9034.33 1.3 47.57 521.09 2388.13 8116.3 8.3997 0.03 392 2388 100.0 38.72 23.3402
144 50 42.0046 0.84 100.0 445.0 549.66 1355.27 1124.82 3.91 5.71 138.58 2211.58 8310.83 1.02 42.27 130.83 2387.65 8068.25 9.3549 0.02 331 2212 100.0 10.61 6.4653
144 51 0.0005 0.0 100.0 518.67 642.74 1594.88 1406.38 14.62 21.61 553.23 2388.11 9046.79 1.3 47.47 521.37 2388.14 8120.54 8.4176 0.03 392 2388 100.0 38.82 23.3036
144 52 9.9981 0.2509 100.0 489.05 604.9 1506.94 1316.6 10.52 15.5 394.89 2318.97 8765.64 1.26 45.48 370.9 2388.21 8117.13 8.6742 0.03 370 2319 100.0 28.48 17.0172
144 53 42.0029 0.84 100.0 445.0 550.09 1351.33 1134.69 3.91 5.72 138.53 2211.66 8312.58 1.02 42.08 131.12 2387.69 8068.71 9.3811 0.02 331 2212 100.0 10.62 6.3187
144 54 20.0073 0.7016 100.0 491.19 607.01 1488.09 1252.58 9.35 13.66 334.23 2323.92 8711.82 1.08 44.65 314.61 2388.06 8048.19 9.2295 0.02 365 2324 100.0 24.41 14.6667
144 55 42.0047 0.84 100.0 445.0 549.55 1352.26 1125.78 3.91 5.72 138.53 2211.67 8305.3 1.02 42.01 130.48 2387.72 8073.42 9.3662 0.02 330 2212 100.0 10.64 6.4078
144 56 42.006 0.84 100.0 445.0 549.88 1351.43 1120.52 3.91 5.72 138.91 2211.57 8309.13 1.02 42.14 130.17 2387.63 8065.15 9.409 0.02 330 2212 100.0 10.66 6.2921
144 57 42.0048 0.84 100.0 445.0 549.85 1353.68 1127.92 3.91 5.71 137.7 2211.61 8304.45 1.02 42.07 130.54 2387.73 8074.48 9.3619 0.02 331 2212 100.0 10.5 6.337
144 58 10.0076 0.2516 100.0 489.05 604.75 1499.09 1313.45 10.52 15.49 394.46 2319.02 8768.93 1.26 45.65 371.14 2388.19 8113.36 8.6685 0.03 370 2319 100.0 28.48 17.0973
144 59 41.9993 0.84 100.0 445.0 549.75 1357.55 1131.33 3.91 5.72 138.31 2211.64 8315.06 1.02 42.1 130.55 2387.69 8067.88 9.3877 0.02 331 2212 100.0 10.56 6.3743
144 60 0.0027 0.0 100.0 518.67 642.47 1594.5 1415.17 14.62 21.61 552.81 2388.18 9050.19 1.3 47.7 521.32 2388.13 8120.94 8.447 0.03 394 2388 100.0 38.79 23.3363
144 61 0.0021 0.0006 100.0 518.67 642.5 1591.33 1416.4 14.62 21.61 552.72 2388.18 9035.52 1.3 47.52 521.25 2388.14 8121.77 8.4725 0.03 394 2388 100.0 38.83 23.2611
144 62 42.002 0.8414 100.0 445.0 549.82 1362.76 1124.23 3.91 5.72 138.89 2211.59 8308.53 1.02 42.04 130.07 2387.6 8068.55 9.3702 0.02 332 2212 100.0 10.59 6.3177
144 63 25.0005 0.62 60.0 462.54 536.74 1266.11 1048.36 7.05 9.02 175.97 1915.1 8004.63 0.94 36.69 164.47 2028.03 7867.55 10.9425 0.02 307 1915 84.93 14.28 8.5119
144 64 25.003 0.6206 60.0 462.54 536.88 1262.78 1052.35 7.05 9.03 175.1 1915.12 8003.06 0.94 36.9 164.91 2028.0 7864.35 10.9443 0.02 309 1915 84.93 14.26 8.5095
144 65 25.0036 0.62 60.0 462.54 536.83 1269.28 1043.72 7.05 9.02 176.14 1915.2 7997.74 0.94 36.63 164.76 2028.0 7864.47 10.8847 0.02 307 1915 84.93 14.08 8.5176
144 66 35.0064 0.84 100.0 449.44 556.25 1364.19 1127.51 5.48 8.0 194.57 2222.75 8340.84 1.02 41.97 182.36 2387.8 8058.85 9.3373 0.02 335 2223 100.0 14.84 8.8536
144 67 35.0034 0.84 100.0 449.44 555.65 1363.27 1130.57 5.48 8.0 194.69 2222.73 8337.69 1.02 42.19 183.66 2387.8 8059.41 9.3273 0.02 335 2223 100.0 14.9 8.7257
144 68 10.0078 0.2513 100.0 489.05 604.64 1500.36 1316.88 10.52 15.49 394.33 2318.99 8758.56 1.26 45.68 371.45 2388.23 8114.63 8.6326 0.03 369 2319 100.0 28.63 17.0925
144 69 24.9988 0.6203 60.0 462.54 536.39 1255.1 1050.05 7.05 9.03 175.87 1915.12 8000.35 0.94 36.86 164.15 2028.03 7867.93 10.9166 0.02 307 1915 84.93 14.41 8.5798
144 70 41.9991 0.8408 100.0 445.0 549.97 1358.08 1132.5 3.91 5.72 137.74 2211.67 8316.02 1.02 42.22 130.27 2387.67 8070.92 9.3648 0.02 330 2212 100.0 10.58 6.2955
144 71 41.9996 0.8402 100.0 445.0 549.6 1347.23 1128.92 3.91 5.72 138.15 2211.6 8307.38 1.02 42.21 130.24 2387.65 8072.95 9.3748 0.02 332 2212 100.0 10.58 6.3703
144 72 42.0005 0.84 100.0 445.0 549.5 1355.15 1129.63 3.91 5.71 138.29 2211.63 8302.76 1.02 42.3 130.96 2387.68 8074.79 9.4073 0.02 330 2212 100.0 10.61 6.3974
144 73 24.9998 0.6216 60.0 462.54 536.45 1262.1 1051.54 7.05 9.03 175.07 1915.13 7997.02 0.94 36.84 164.61 2028.1 7863.11 10.9237 0.02 308 1915 84.93 14.25 8.4916
144 74 20.0028 0.7003 100.0 491.19 607.04 1487.86 1260.27 9.35 13.66 335.02 2323.95 8712.98 1.08 44.3 314.44 2388.09 8051.03 9.2419 0.02 365 2324 100.0 24.72 14.7206
144 75 25.002 0.62 60.0 462.54 536.72 1261.17 1050.14 7.05 9.02 175.22 1915.1 8004.74 0.94 36.9 164.8 2028.05 7866.82 10.9098 0.02 308 1915 84.93 14.29 8.569
144 76 20.0062 0.7014 100.0 491.19 607.44 1486.13 1252.43 9.35 13.66 334.39 2323.96 8708.92 1.08 44.48 315.12 2388.06 8050.46 9.2601 0.02 366 2324 100.0 24.19 14.6707
144 77 35.0021 0.84 100.0 449.44 555.61 1373.76 1126.75 5.48 8.0 194.6 2222.68 8338.08 1.02 42.05 183.04 2387.82 8057.3 9.3442 0.02 335 2223 100.0 15.03 8.9789
144 78 9.9999 0.25 100.0 489.05 605.45 1501.33 1317.8 10.52 15.49 394.0 2319.05 8762.88 1.26 45.64 371.39 2388.17 8112.6 8.6595 0.03 369 2319 100.0 28.51 17.163
144 79 35.002 0.84 100.0 449.44 556.3 1366.65 1129.76 5.48 8.0 194.11 2222.75 8339.8 1.02 42.08 182.92 2387.78 8054.32 9.3315 0.02 335 2223 100.0 14.73 8.7855
144 80 35.0055 0.84 100.0 449.44 555.6 1362.84 1128.69 5.48 8.0 193.98 2222.76 8347.36 1.02 42.16 183.43 2387.8 8052.78 9.3514 0.02 333 2223 100.0 14.74 8.7917
144 81 9.9982 0.2502 100.0 489.05 605.14 1497.75 1315.76 10.52 15.5 394.47 2318.98 8768.05 1.26 45.59 370.85 2388.23 8119.81 8.6624 0.03 369 2319 100.0 28.53 17.1043
144 82 10.0056 0.2504 100.0 489.05 605.15 1508.73 1318.94 10.52 15.49 394.48 2319.04 8767.56 1.26 45.62 371.26 2388.22 8110.38 8.6496 0.03 368 2319 100.0 28.64 17.0305
144 83 9.9986 0.25 100.0 489.05 604.73 1505.24 1311.33 10.52 15.5 394.02 2318.98 8760.58 1.26 45.5 370.99 2388.24 8116.21 8.654 0.03 369 2319 100.0 28.52 17.125
144 84 42.0024 0.8416 100.0 445.0 549.52 1347.39 1129.53 3.91 5.72 139.13 2211.6 8302.98 1.02 42.23 130.61 2387.66 8072.63 9.4184 0.02 330 2212 100.0 10.43 6.381
144 85 9.9995 0.2501 100.0 489.05 604.65 1511.47 1312.38 10.52 15.5 393.78 2318.99 8773.32 1.26 45.49 371.37 2388.17 8104.76 8.6644 0.03 369 2319 100.0 28.6 17.1211
144 86 25.0031 0.6202 60.0 462.54 537.26 1266.01 1053.32 7.05 9.03 175.6 1915.17 8004.74 0.94 36.93 164.93 2028.07 7867.38 10.9083 0.02 308 1915 84.93 14.27 8.5374
144 87 25.0077 0.6215 60.0 462.54 537.0 1259.44 1047.29 7.05 9.02 175.79 1915.13 7996.16 0.94 36.72 164.43 2028.03 7865.52 10.9196 0.02 308 1915 84.93 14.31 8.6083
144 88 25.0071 0.6201 60.0 462.54 536.71 1267.74 1053.29 7.05 9.03 175.52 1915.2 7999.9 0.94 36.8 164.82 2028.1 7861.75 10.9347 0.02 306 1915 84.93 14.2 8.5803
144 89 42.0058 0.8403 100.0 445.0 549.78 1347.66 1137.57 3.91 5.72 138.41 2211.63 8316.9 1.02 42.23 130.55 2387.7 8074.43 9.3929 0.02 331 2212 100.0 10.83 6.2931
144 90 42.0034 0.84 100.0 445.0 550.06 1349.66 1126.37 3.91 5.72 138.35 2211.58 8315.25 1.02 42.33 131.03 2387.66 8074.46 9.3822 0.02 332 2212 100.0 10.49 6.3622
144 91 35.0056 0.84 100.0 449.44 555.43 1366.42 1137.4 5.48 8.0 194.02 2222.76 8335.72 1.02 42.06 182.78 2387.84 8057.13 9.3457 0.02 334 2223 100.0 14.92 8.8953
144 92 0.0026 0.0 100.0 518.67 643.15 1583.1 1413.71 14.62 21.61 553.34 2388.15 9054.74 1.3 47.56 521.04 2388.17 8126.4 8.4448 0.03 393 2388 100.0 38.8 23.2222
144 93 20.0026 0.701 100.0 491.19 608.11 1495.01 1260.42 9.35 13.66 334.28 2323.91 8716.77 1.08 44.44 314.72 2388.11 8049.03 9.2808 0.02 366 2324 100.0 24.42 14.7574
144 94 0.0014 0.0016 100.0 518.67 642.8 1592.56 1414.52 14.62 21.61 552.68 2388.14 9050.55 1.3 47.6 521.47 2388.2 8125.75 8.4796 0.03 393 2388 100.0 38.63 23.3655
144 95 10.003 0.2509 100.0 489.05 604.99 1503.6 1314.48 10.52 15.5 394.28 2319.01 8767.33 1.26 45.68 371.2 2388.24 8118.98 8.6237 0.03 371 2319 100.0 28.38 17.1432
144 96 10.0034 0.25 100.0 489.05 605.21 1496.14 1309.98 10.52 15.49 395.08 2319.0 8776.97 1.26 45.75 370.98 2388.29 8115.72 8.7174 0.03 370 2319 100.0 28.39 16.9733
144 97 42.0015 0.84 100.0 445.0 549.42 1357.27 1127.57 3.91 5.72 138.52 2211.62 8312.31 1.02 42.07 131.0 2387.69 8069.61 9.3505 0.02 331 2212 100.0 10.54 6.3808
144 98 10.0037 0.25 100.0 489.05 604.58 1495.67 1319.01 10.52 15.49 394.48 2318.98 8769.38 1.26 45.35 371.04 2388.24 8118.94 8.6991 0.03 369 2319 100.0 28.56 17.0893
144 99 42.0071 0.8407 100.0 445.0 549.33 1354.96 1130.0 3.91 5.71 138.32 2211.69 8312.02 1.02 42.14 130.29 2387.72 8070.9 9.3819 0.02 330 2212 100.0 10.53 6.3385
144 100 19.9986 0.7006 100.0 491.19 607.2 1485.88 1256.27 9.35 13.66 334.39 2323.98 8714.05 1.08 44.52 314.55 2388.07 8048.4 9.2362 0.03 367 2324 100.0 24.34 14.7016
144 101 42.001 0.84 100.0 445.0 549.8 1361.89 1124.16 3.91 5.71 137.71 2211.66 8310.58 1.02 42.31 130.16 2387.75 8077.27 9.4213 0.02 332 2212 100.0 10.54 6.3733
144 102 42.0029 0.84 100.0 445.0 549.53 1350.85 1123.73 3.91 5.71 138.19 2211.59 8310.75 1.02 42.29 130.71 2387.69 8068.17 9.3993 0.02 330 2212 100.0 10.52 6.2945
144 103 20.0013 0.7007 100.0 491.19 607.21 1485.95 1255.87 9.35 13.65 333.93 2323.95 8709.17 1.08 44.51 314.59 2388.08 8055.07 9.2224 0.02 366 2324 100.0 24.33 14.6312
144 104 42.0069 0.84 100.0 445.0 549.66 1358.62 1132.17 3.91 5.71 138.0 2211.62 8306.38 1.02 42.23 130.29 2387.66 8072.45 9.3978 0.02 332 2212 100.0 10.6 6.3802
144 105 25.0008 0.6211 60.0 462.54 537.03 1268.36 1055.32 7.05 9.03 174.89 1915.14 8002.28 0.94 36.84 164.68 2028.02 7866.01 10.9255 0.02 307 1915 84.93 14.17 8.6542
144 106 25.0 0.6219 60.0 462.54 536.63 1262.75 1048.45 7.05 9.03 175.69 1915.17 8003.76 0.94 37.01 164.42 2028.05 7868.46 10.9273 0.02 309 1915 84.93 14.26 8.5252
144 107 0.0024 0.0013 100.0 518.67 642.8 1590.36 1418.78 14.62 21.61 552.76 2388.18 9046.68 1.3 47.7 521.27 2388.15 8121.86 8.4601 0.03 394 2388 100.0 38.84 23.1645
144 108 0.0027 0.0 100.0 518.67 642.73 1591.27 1412.53 14.62 21.61 553.61 2388.14 9046.98 1.3 47.74 521.62 2388.14 8121.93 8.4747 0.03 394 2388 100.0 38.54 23.4044
144 109 0.0008 0.0008 100.0 518.67 642.84 1582.87 1416.13 14.62 21.61 552.74 2388.12 9039.61 1.3 47.56 521.19 2388.15 8128.8 8.4723 0.03 393 2388 100.0 38.83 23.2561
144 110 35.0059 0.8417 100.0 449.44 556.07 1363.41 1135.79 5.48 8.0 194.4 2222.75 8339.77 1.02 42.07 183.29 2387.81 8052.51 9.3079 0.02 335 2223 100.0 14.79 8.8534
144 111 35.0 0.8408 100.0 449.44 556.37 1358.47 1131.16 5.48 8.0 194.11 2222.73 8344.91 1.02 41.99 182.74 2387.87 8058.05 9.3758 0.02 334 2223 100.0 14.85 8.9132
144 112 35.0021 0.84 100.0 449.44 556.31 1366.38 1133.01 5.48 8.0 194.32 2222.79 8345.41 1.02 41.96 183.22 2387.82 8060.75 9.3455 0.02 335 2223 100.0 14.82 8.7608
144 113 35.0056 0.8405 100.0 449.44 555.82 1360.46 1136.57 5.48 8.0 194.32 2222.71 8340.61 1.02 41.96 183.12 2387.76 8057.23 9.3558 0.02 336 2223 100.0 14.85 8.8496
144 114 0.0014 0.0 100.0 518.67 643.33 1597.23 1416.88 14.62 21.61 553.05 2388.2 9043.99 1.3 47.71 521.34 2388.15 8120.77 8.4327 0.03 395 2388 100.0 38.83 23.2548
144 115 0.0001 0.0 100.0 518.67 642.59 1599.35 1408.87 14.62 21.61 552.84 2388.14 9046.54 1.3 47.59 521.35 2388.09 8124.49 8.4185 0.03 395 2388 100.0 38.66 23.1286
144 116 25.0073 0.62 60.0 462.54 536.78 1266.73 1058.02 7.05 9.03 176.04 1915.17 8000.11 0.94 36.82 164.48 2028.04 7862.32 10.9421 0.02 307 1915 84.93 14.2 8.5448
144 117 20.0034 0.7 100.0 491.19 607.77 1486.95 1252.01 9.35 13.66 334.46 2324.0 8716.62 1.08 44.6 315.13 2388.11 8049.6 9.262 0.03 366 2324 100.0 24.38 14.6346
144 118 42.0034 0.84 100.0 445.0 549.77 1355.86 1131.22 3.91 5.71 138.1 2211.72 8308.85 1.02 42.28 130.36 2387.69 8075.77 9.4067 0.02 331 2212 100.0 10.63 6.3688
144 119 35.0028 0.84 100.0 449.44 556.03 1366.76 1141.36 5.48 8.0 194.58 2222.79 8336.13 1.02 42.05 183.0 2387.9 8056.16 9.3872 0.02 334 2223 100.0 14.89 8.8454
144 120 35.0011 0.841 100.0 449.44 556.35 1366.24 1138.78 5.48 8.0 194.26 2222.78 8337.05 1.02 42.18 182.85 2387.81 8057.84 9.3446 0.02 334 2223 100.0 14.92 8.9011
144 121 20.0018 0.7 100.0 491.19 607.44 1485.52 1258.57 9.35 13.66 334.38 2323.99 8722.76 1.07 44.47 314.36 2388.08 8045.27 9.2573 0.03 367 2324 100.0 24.45 14.6861
144 122 25.0014 0.62 60.0 462.54 536.8 1262.95 1057.31 7.05 9.03 175.48 1915.18 8002.84 0.94 36.88 164.64 2028.09 7867.68 10.9473 0.02 309 1915 84.93 14.13 8.6348
144 123 35.0036 0.84 100.0 449.44 555.96 1364.33 1133.89 5.48 8.0 194.91 2222.74 8337.77 1.02 42.22 183.27 2387.76 8059.65 9.3625 0.02 334 2223 100.0 14.88 8.849
144 124 10.0027 0.251 100.0 489.05 605.48 1502.02 1317.39 10.52 15.49 394.33 2319.01 8771.76 1.26 45.58 371.14 2388.27 8115.8 8.644 0.03 371 2319 100.0 28.39 17.0989
144 125 25.0071 0.6209 60.0 462.54 536.96 1259.5 1050.35 7.05 9.03 175.81 1915.09 8003.37 0.94 37.11 164.3 2028.02 7868.73 10.9264 0.02 308 1915 84.93 14.21 8.5681
144 126 25.0072 0.6214 60.0 462.54 536.78 1264.24 1050.45 7.05 9.03 175.28 1915.19 8006.57 0.94 36.97 164.8 2028.09 7871.87 10.9214 0.02 308 1915 84.93 14.34 8.6025
144 127 35.005 0.84 100.0 449.44 556.06 1372.02 1135.24 5.48 8.0 194.5 2222.76 8344.87 1.02 42.3 182.52 2387.84 8055.06 9.3518 0.02 334 2223 100.0 14.86 8.8512
144 128 24.9986 0.62 60.0 462.54 536.93 1262.06 1055.57 7.05 9.03 175.88 1915.18 8009.3 0.94 36.98 164.66 2028.06 7862.84 10.9262 0.02 308 1915 84.93 14.26 8.5824
144 129 41.9997 0.84 100.0 445.0 549.78 1359.52 1130.67 3.91 5.72 138.7 2211.61 8315.28 1.02 42.14 130.14 2387.72 8074.81 9.4296 0.02 330 2212 100.0 10.53 6.3107
144 130 0.0011 0.0017 100.0 518.67 642.97 1591.26 1417.56 14.62 21.61 552.82 2388.17 9048.55 1.3 47.69 520.87 2388.11 8125.13 8.4682 0.03 395 2388 100.0 38.67 23.09
144 131 42.0037 0.84 100.0 445.0 549.58 1351.45 1131.77 3.91 5.71 138.93 2211.71 8307.9 1.02 42.25 130.84 2387.68 8075.68 9.3908 0.02 333 2212 100.0 10.72 6.3285
144 132 34.9993 0.8414 100.0 449.44 556.11 1367.74 1137.74 5.48 8.0 193.96 2222.81 8339.4 1.02 41.9 182.71 2387.86 8054.5 9.3396 0.02 335 2223 100.0 14.63 8.9487
144 133 0.0022 0.0 100.0 518.67 642.84 1586.91 1410.22 14.62 21.61 553.19 2388.18 9049.55 1.3 47.64 520.88 2388.18 8127.52 8.4692 0.03 394 2388 100.0 38.63 23.1828
144 134 10.0057 0.25 100.0 489.05 605.03 1508.1 1313.6 10.52 15.5 393.68 2319.08 8771.38 1.26 45.73 371.42 2388.22 8112.54 8.6786 0.03 370 2319 100.0 28.36 17.1774
144 135 42.0071 0.84 100.0 445.0 549.35 1360.08 1134.25 3.91 5.72 138.07 2211.63 8318.93 1.02 42.48 130.67 2387.71 8073.78 9.3883 0.02 331 2212 100.0 10.61 6.2717
144 136 41.9997 0.84 100.0 445.0 550.07 1356.9 1138.21 3.91 5.71 138.49 2211.6 8317.22 1.02 42.2 130.34 2387.7 8073.17 9.3919 0.02 330 2212 100.0 10.64 6.2415
144 137 0.0024 0.0 100.0 518.67 643.21 1589.47 1414.66 14.62 21.61 553.15 2388.19 9045.17 1.3 47.73 520.5 2388.25 8129.34 8.4309 0.03 394 2388 100.0 38.65 23.3304
144 138 10.0017 0.25 100.0 489.05 605.11 1504.09 1308.49 10.52 15.5 394.44 2319.02 8766.9 1.26 45.64 370.55 2388.23 8119.45 8.6868 0.03 370 2319 100.0 28.48 17.1204
144 139 35.0068 0.84 100.0 449.44 555.93 1366.69 1140.15 5.48 8.0 194.12 2222.75 8339.03 1.02 42.03 182.77 2387.89 8055.66 9.3681 0.02 335 2223 100.0 14.97 8.8189
144 140 10.0068 0.25 100.0 489.05 605.13 1501.56 1314.42 10.52 15.5 393.65 2319.06 8766.38 1.26 45.67 371.01 2388.28 8115.93 8.6658 0.03 370 2319 100.0 28.48 17.0722
144 141 0.0017 0.0 100.0 518.67 643.14 1595.81 1414.82 14.62 21.61 553.2 2388.21 9042.86 1.3 47.64 520.1 2388.17 8126.93 8.4628 0.03 395 2388 100.0 38.86 23.317
144 142 25.0033 0.622 60.0 462.54 536.42 1268.72 1050.65 7.05 9.03 175.36 1915.14 8007.41 0.94 36.95 164.41 2028.08 7866.39 10.9498 0.02 308 1915 84.93 14.39 8.5257
144 143 35.0034 0.84 100.0 449.44 555.77 1369.63 1135.71 5.48 8.0 194.49 2222.85 8338.96 1.02 42.18 182.88 2387.85 8055.73 9.3618 0.02 334 2223 100.0 14.69 8.9362
144 144 25.0071 0.62 60.0 462.54 537.24 1258.27 1056.19 7.05 9.03 175.83 1915.21 8008.29 0.94 36.88 164.69 2028.06 7873.04 10.9538 0.02 308 1915 84.93 14.15 8.5679
144 145 10.0013 0.2504 100.0 489.05 605.49 1498.75 1316.73 10.52 15.5 393.92 2319.04 8772.01 1.26 45.7 371.07 2388.24 8116.95 8.7077 0.03 371 2319 100.0 28.43 17.1465
144 146 42.0035 0.8408 100.0 445.0 550.1 1358.42 1135.17 3.91 5.71 138.05 2211.62 8318.64 1.02 42.31 130.74 2387.74 8071.74 9.4007 0.02 331 2212 100.0 10.65 6.2972
144 147 10.0058 0.25 100.0 489.05 605.22 1509.13 1323.39 10.52 15.49 394.18 2319.09 8776.19 1.26 45.66 371.19 2388.28 8121.45 8.6823 0.03 371 2319 100.0 28.36 17.1597
144 148 25.0045 0.6211 60.0 462.54 537.47 1261.27 1051.59 7.05 9.03 175.27 1915.21 8010.71 0.94 36.92 163.9 2028.08 7864.73 10.9167 0.02 307 1915 84.93 14.21 8.5097
144 149 20.0067 0.7 100.0 491.19 607.45 1484.78 1256.63 9.35 13.66 333.64 2324.07 8719.56 1.08 44.69 315.19 2388.14 8056.38 9.2819 0.03 365 2324 100.0 24.47 14.7258
144 150 10.0024 0.25 100.0 489.05 605.51 1502.13 1319.69 10.52 15.5 393.51 2319.07 8776.06 1.26 45.55 371.06 2388.28 8120.94 8.6795 0.03 373 2319 100.0 28.37 16.9974
144 151 25.0049 0.6203 60.0 462.54 536.95 1262.52 1055.2 7.05 9.03 174.82 1915.2 8003.84 0.94 36.88 164.29 2028.07 7868.46 10.9506 0.02 308 1915 84.93 14.25 8.541
144 152 10.0056 0.25 100.0 489.05 605.11 1501.65 1314.68 10.52 15.5 394.46 2319.02 8777.55 1.26 45.84 370.98 2388.22 8120.1 8.6829 0.03 370 2319 100.0 28.36 17.0583
144 153 20.0023 0.7 100.0 491.19 607.5 1490.24 1262.78 9.35 13.66 334.07 2324.04 8714.0 1.08 44.51 314.43 2388.17 8053.86 9.2366 0.03 367 2324 100.0 24.34 14.6715
144 154 42.0061 0.8407 100.0 445.0 549.72 1356.75 1138.39 3.91 5.71 138.56 2211.71 8310.19 1.02 42.38 130.65 2387.7 8076.57 9.3986 0.02 332 2212 100.0 10.69 6.309
144 155 0.0027 0.001 100.0 518.67 643.43 1595.98 1413.26 14.62 21.61 552.76 2388.17 9055.73 1.3 47.77 520.79 2388.15 8125.66 8.4614 0.03 394 2388 100.0 38.74 23.2341
144 156 0.0008 0.0 100.0 518.67 642.87 1600.26 1412.58 14.62 21.61 552.29 2388.26 9052.73 1.3 47.74 520.74 2388.15 8129.14 8.4384 0.03 393 2388 100.0 38.74 23.2325
144 157 10.0008 0.2514 100.0 489.05 605.2 1508.06 1318.04 10.52 15.5 393.92 2318.97 8770.94 1.26 45.8 370.78 2388.2 8123.99 8.7095 0.03 370 2319 100.0 28.49 17.0576
144 158 0.0027 0.0 100.0 518.67 643.01 1594.03 1419.63 14.62 21.61 552.71 2388.26 9046.35 1.3 47.89 520.09 2388.18 8125.23 8.4556 0.03 394 2388 100.0 38.73 23.1778
144 159 0.0022 0.0 100.0 518.67 643.43 1596.58 1417.22 14.62 21.61 552.88 2388.17 9051.43 1.3 47.9 520.39 2388.19 8124.21 8.4807 0.03 394 2388 100.0 38.71 23.2512
144 160 20.0073 0.7001 100.0 491.19 608.34 1489.84 1261.15 9.35 13.66 333.91 2324.06 8719.5 1.08 44.8 314.48 2388.15 8053.92 9.2685 0.03 366 2324 100.0 24.28 14.6414
144 161 10.0028 0.25 100.0 489.05 605.13 1508.21 1321.11 10.52 15.5 393.59 2319.02 8776.48 1.26 45.67 371.22 2388.24 8123.33 8.6781 0.03 370 2319 100.0 28.35 17.1161
144 162 42.0038 0.84 100.0 445.0 550.15 1357.87 1127.59 3.91 5.72 138.75 2211.74 8316.91 1.02 42.42 130.42 2387.74 8079.33 9.4109 0.02 331 2212 100.0 10.45 6.3191
144 163 20.0046 0.7016 100.0 491.19 607.18 1488.96 1254.5 9.35 13.66 334.12 2324.07 8725.27 1.08 44.67 314.21 2388.15 8055.48 9.2701 0.02 366 2324 100.0 24.39 14.7064
144 164 42.0047 0.8404 100.0 445.0 550.36 1355.89 1134.61 3.91 5.71 137.89 2211.75 8325.98 1.02 42.39 130.19 2387.75 8076.44 9.4046 0.02 333 2212 100.0 10.49 6.2012
144 165 35.0056 0.8416 100.0 449.44 556.86 1368.35 1131.53 5.48 8.0 193.95 2222.86 8345.11 1.02 42.08 182.74 2387.96 8058.18 9.3483 0.02 334 2223 100.0 14.76 8.8718
144 166 25.0006 0.6211 60.0 462.54 537.17 1266.48 1060.48 7.05 9.03 175.3 1915.25 8016.99 0.94 37.13 164.57 2028.09 7870.36 10.9552 0.02 308 1915 84.93 14.33 8.4822
144 167 10.0058 0.25 100.0 489.05 605.74 1506.56 1317.79 10.52 15.5 393.65 2319.08 8778.2 1.26 45.66 371.11 2388.23 8121.32 8.6756 0.03 372 2319 100.0 28.51 17.0638
144 168 0.0023 0.0019 100.0 518.67 642.82 1590.21 1419.04 14.62 21.61 553.36 2388.19 9049.43 1.3 47.76 520.37 2388.2 8127.37 8.4238 0.03 394 2388 100.0 38.75 23.3004
144 169 10.001 0.25 100.0 489.05 605.3 1501.73 1319.49 10.52 15.5 393.78 2319.1 8776.5 1.26 45.9 371.08 2388.23 8122.03 8.6891 0.03 372 2319 100.0 28.42 17.0538
144 170 9.9983 0.25 100.0 489.05 604.99 1505.8 1317.1 10.52 15.5 393.52 2319.06 8778.0 1.26 45.89 370.53 2388.22 8123.44 8.6943 0.03 373 2319 100.0 28.36 17.0611
144 171 19.9986 0.7 100.0 491.19 607.78 1498.3 1272.01 9.35 13.66 334.25 2324.0 8723.13 1.08 44.78 314.74 2388.2 8055.08 9.266 0.02 366 2324 100.0 24.25 14.6275
144 172 41.9996 0.8413 100.0 445.0 549.93 1360.32 1139.73 3.91 5.72 138.31 2211.71 8318.68 1.02 42.46 130.05 2387.76 8079.85 9.412 0.02 332 2212 100.0 10.28 6.336
144 173 35.0038 0.84 100.0 449.44 555.98 1363.23 1134.17 5.48 8.0 193.78 2222.84 8344.44 1.02 42.4 182.22 2387.87 8060.68 9.389 0.02 337 2223 100.0 14.69 8.7691
144 174 34.9992 0.8416 100.0 449.44 556.34 1367.85 1137.63 5.48 8.0 193.79 2222.8 8347.28 1.02 42.14 181.93 2387.89 8061.01 9.3822 0.02 336 2223 100.0 14.67 8.8315
144 175 35.0056 0.8412 100.0 449.44 555.95 1363.68 1137.93 5.48 8.0 194.02 2222.86 8349.11 1.02 42.34 182.49 2387.94 8064.49 9.3422 0.02 336 2223 100.0 14.77 8.8248
144 176 20.0022 0.7015 100.0 491.19 607.73 1498.71 1254.92 9.35 13.66 334.02 2324.04 8725.24 1.07 44.46 314.5 2388.18 8058.97 9.2876 0.03 367 2324 100.0 24.56 14.6911
144 177 42.0047 0.841 100.0 445.0 549.17 1362.97 1133.55 3.91 5.71 138.58 2211.65 8313.42 1.02 42.39 130.01 2387.72 8077.62 9.4298 0.02 331 2212 100.0 10.44 6.2798
144 178 35.0035 0.84 100.0 449.44 556.05 1373.96 1135.48 5.48 8.0 193.76 2222.82 8342.31 1.02 42.51 182.47 2387.93 8059.86 9.381 0.02 336 2223 100.0 14.7 8.9045
144 179 42.0076 0.84 100.0 445.0 550.3 1361.62 1135.01 3.91 5.72 138.8 2211.71 8317.76 1.02 42.33 130.34 2387.79 8079.47 9.4377 0.02 333 2212 100.0 10.45 6.3259
144 180 25.0026 0.62 60.0 462.54 536.62 1268.9 1057.35 7.05 9.03 175.75 1915.22 8013.91 0.94 37.14 164.16 2028.1 7872.52 10.9678 0.02 307 1915 84.93 14.34 8.4893
144 181 0.0026 0.0019 100.0 518.67 642.87 1592.75 1407.46 14.62 21.61 552.13 2388.23 9056.38 1.3 47.92 520.44 2388.22 8137.74 8.4922 0.03 396 2388 100.0 38.62 23.2356
144 182 9.9989 0.25 100.0 489.05 605.55 1515.62 1322.04 10.52 15.5 393.28 2319.07 8775.29 1.26 45.86 370.66 2388.28 8130.52 8.7076 0.03 373 2319 100.0 28.26 17.0627
144 183 25.0064 0.6202 60.0 462.54 537.34 1268.34 1053.1 7.05 9.03 175.15 1915.22 8016.21 0.94 36.95 163.98 2028.22 7872.44 10.9504 0.02 310 1915 84.93 14.11 8.4585
144 184 42.0078 0.8402 100.0 445.0 549.89 1359.07 1140.57 3.91 5.72 137.72 2211.72 8326.72 1.02 42.62 130.47 2387.77 8074.6 9.4056 0.02 333 2212 100.0 10.57 6.2676
144 185 41.9992 0.84 100.0 445.0 550.22 1360.67 1136.22 3.91 5.71 138.81 2211.76 8318.0 1.02 42.37 130.43 2387.78 8080.65 9.3929 0.02 333 2212 100.0 10.6 6.3466
144 186 42.0007 0.84 100.0 445.0 550.1 1357.19 1143.7 3.91 5.71 138.47 2211.69 8324.43 1.02 42.44 129.95 2387.76 8080.22 9.4311 0.02 332 2212 100.0 10.48 6.3042
144 187 20.0041 0.7 100.0 491.19 607.77 1486.6 1266.26 9.35 13.66 333.08 2324.06 8727.23 1.08 44.75 314.6 2388.18 8057.47 9.2685 0.03 364 2324 100.0 24.34 14.5555
144 188 19.9983 0.7 100.0 491.19 608.04 1487.15 1264.7 9.35 13.66 333.97 2324.1 8723.24 1.07 44.65 314.74 2388.15 8063.3 9.2853 0.03 368 2324 100.0 24.41 14.621
144 189 42.0059 0.8403 100.0 445.0 550.01 1365.07 1128.91 3.91 5.72 138.24 2211.72 8318.35 1.02 42.42 130.82 2387.79 8083.43 9.4663 0.02 334 2212 100.0 10.45 6.2658
144 190 0.0021 0.001 100.0 518.67 643.45 1594.69 1423.99 14.62 21.61 552.19 2388.23 9062.06 1.3 47.99 520.3 2388.17 8135.84 8.5113 0.03 394 2388 100.0 38.49 23.1521
144 191 0.0026 0.0 100.0 518.67 643.07 1590.13 1419.73 14.62 21.61 552.29 2388.21 9055.46 1.3 47.97 520.58 2388.21 8132.61 8.4686 0.03 395 2388 100.0 38.73 23.2041
144 192 20.0037 0.7008 100.0 491.19 607.78 1489.24 1266.18 9.35 13.66 333.9 2324.05 8720.77 1.07 44.79 314.03 2388.2 8060.16 9.3297 0.03 367 2324 100.0 24.45 14.5952
144 193 19.9982 0.7 100.0 491.19 608.3 1489.19 1264.53 9.35 13.66 333.62 2324.06 8723.04 1.08 44.82 314.16 2388.22 8059.22 9.2808 0.03 368 2324 100.0 24.33 14.541
144 194 0.0028 0.0 100.0 518.67 642.92 1597.36 1419.38 14.62 21.61 551.93 2388.17 9056.05 1.3 47.78 520.28 2388.21 8128.09 8.5306 0.03 395 2388 100.0 38.57 23.1031
144 195 25.0005 0.6201 60.0 462.54 537.66 1269.46 1054.34 7.05 9.03 175.33 1915.22 8014.89 0.94 37.24 163.96 2028.13 7872.17 11.0012 0.02 309 1915 84.93 14.28 8.5546
144 196 20.0051 0.7 100.0 491.19 607.62 1488.16 1263.73 9.35 13.66 334.28 2324.06 8727.18 1.07 44.71 314.11 2388.22 8062.68 9.2948 0.03 367 2324 100.0 24.51 14.5882
144 197 25.0032 0.62 60.0 462.54 537.01 1270.67 1057.1 7.05 9.03 174.94 1915.26 8018.35 0.94 37.11 164.26 2028.13 7870.18 11.0053 0.02 309 1915 84.93 13.96 8.614
144 198 34.9985 0.84 100.0 449.44 556.47 1373.27 1143.43 5.48 8.0 193.15 2222.98 8356.39 1.02 42.26 182.78 2388.03 8064.73 9.4056 0.02 336 2223 100.0 14.75 8.836
144 199 0.0011 0.0 100.0 518.67 643.52 1602.46 1427.94 14.62 21.61 551.95 2388.24 9056.07 1.3 48.09 519.61 2388.2 8131.29 8.53 0.03 395 2388 100.0 38.52 23.1309
144 200 9.9998 0.25 100.0 489.05 605.83 1511.34 1329.58 10.52 15.5 393.15 2319.14 8786.14 1.26 45.89 370.51 2388.27 8121.8 8.6904 0.03 371 2319 100.0 28.39 16.8858
144 201 42.0017 0.8407 100.0 445.0 550.67 1359.65 1144.09 3.91 5.72 138.35 2211.76 8322.14 1.02 42.65 130.15 2387.81 8084.1 9.4275 0.02 333 2212 100.0 10.52 6.344
144 202 41.9984 0.8402 100.0 445.0 550.5 1359.62 1144.99 3.91 5.72 138.37 2211.73 8320.73 1.02 42.56 130.44 2387.86 8081.35 9.4491 0.02 333 2212 100.0 10.35 6.2956
144 203 42.0061 0.8408 100.0 445.0 550.49 1363.3 1137.01 3.91 5.72 139.16 2211.76 8321.73 1.02 42.55 129.85 2387.84 8080.0 9.4206 0.02 334 2212 100.0 10.41 6.3249
144 204 35.0071 0.8401 100.0 449.44 556.29 1377.33 1138.24 5.48 8.0 193.86 2222.96 8352.37 1.02 42.26 183.03 2388.08 8066.25 9.4276 0.02 335 2223 100.0 15.04 8.8334
144 205 42.0079 0.84 100.0 445.0 550.15 1364.46 1136.22 3.91 5.72 138.7 2211.79 8329.61 1.02 42.61 130.17 2387.81 8083.21 9.4765 0.02 334 2212 100.0 10.6 6.2634
144 206 24.9988 0.6207 60.0 462.54 537.07 1266.75 1067.37 7.05 9.03 174.56 1915.28 8013.09 0.94 37.22 164.67 2028.21 7877.42 11.0006 0.02 309 1915 84.93 14.07 8.4225
144 207 42.0068 0.84 100.0 445.0 550.61 1361.53 1134.41 3.91 5.72 138.01 2211.82 8324.57 1.02 42.57 130.7 2387.86 8086.49 9.4342 0.02 333 2212 100.0 10.44 6.1899
144 208 20.0027 0.7008 100.0 491.19 608.22 1494.57 1260.86 9.35 13.66 333.7 2324.21 8728.48 1.08 44.92 314.26 2388.24 8061.37 9.338 0.03 368 2324 100.0 24.33 14.59
144 209 25.0072 0.62 60.0 462.54 537.06 1275.8 1056.92 7.05 9.03 175.22 1915.36 8021.46 0.94 37.27 164.32 2028.25 7877.79 10.9961 0.02 310 1915 84.93 14.18 8.4706
144 210 42.0078 0.84 100.0 445.0 550.45 1355.37 1136.54 3.91 5.72 138.32 2211.8 8329.96 1.02 42.49 130.42 2387.85 8088.67 9.4686 0.02 332 2212 100.0 10.51 6.405
144 211 0.0025 0.0 100.0 518.67 643.59 1602.93 1425.31 14.62 21.61 551.35 2388.18 9059.18 1.3 47.98 520.11 2388.16 8137.8 8.4849 0.03 395 2388 100.0 38.55 23.0381
144 212 42.0079 0.84 100.0 445.0 550.51 1369.01 1141.54 3.91 5.72 138.89 2211.8 8332.89 1.02 42.75 129.84 2387.8 8085.92 9.4589 0.02 334 2212 100.0 10.46 6.277
144 213 42.0079 0.84 100.0 445.0 550.47 1359.92 1132.88 3.91 5.72 138.14 2211.84 8328.45 1.02 42.5 130.4 2387.9 8093.41 9.4485 0.02 332 2212 100.0 10.56 6.3178
144 214 42.0059 0.841 100.0 445.0 550.71 1363.08 1142.79 3.91 5.72 137.91 2211.81 8319.67 1.02 42.58 130.56 2387.83 8090.06 9.4652 0.02 333 2212 100.0 10.6 6.2982
144 215 35.0014 0.8415 100.0 449.44 557.0 1378.05 1147.84 5.48 8.0 193.61 2223.03 8356.15 1.02 42.48 182.14 2388.21 8064.81 9.3646 0.02 335 2223 100.0 14.74 8.7676
144 216 35.0028 0.84 100.0 449.44 556.58 1378.79 1147.58 5.48 8.0 192.98 2223.03 8355.0 1.02 42.4 181.91 2388.13 8067.44 9.404 0.02 336 2223 100.0 14.52 8.7637
144 217 41.9993 0.8409 100.0 445.0 550.49 1359.54 1146.5 3.91 5.71 138.49 2211.89 8330.58 1.02 42.68 130.06 2387.9 8088.02 9.461 0.02 335 2212 100.0 10.61 6.3661
144 218 0.0015 0.0016 100.0 518.67 643.44 1596.41 1433.78 14.62 21.61 551.78 2388.24 9063.6 1.3 48.11 520.09 2388.25 8137.71 8.5025 0.03 398 2388 100.0 38.59 23.0665
144 219 10.0038 0.251 100.0 489.05 605.93 1509.25 1329.6 10.52 15.5 393.07 2319.17 8796.48 1.26 46.12 370.25 2388.41 8134.79 8.7281 0.03 372 2319 100.0 28.31 17.0017
144 220 42.0078 0.8419 100.0 445.0 550.45 1364.62 1139.07 3.91 5.71 137.86 2211.86 8335.1 1.02 42.64 130.45 2387.93 8090.66 9.4582 0.02 332 2212 100.0 10.59 6.3312
144 221 20.0009 0.7008 100.0 491.19 608.51 1496.13 1270.05 9.35 13.66 333.8 2324.18 8728.29 1.07 45.03 313.38 2388.33 8068.65 9.3178 0.03 368 2324 100.0 24.28 14.5504
144 222 25.0043 0.62 60.0 462.54 537.04 1263.11 1069.93 7.05 9.03 175.09 1915.4 8019.76 0.94 37.22 163.57 2028.3 7876.08 10.9978 0.02 310 1915 84.93 14.22 8.4808
144 223 0.0015 0.0002 100.0 518.67 643.2 1600.75 1432.73 14.62 21.61 551.57 2388.23 9060.98 1.3 48.25 518.96 2388.24 8140.68 8.5316 0.03 395 2388 100.0 38.47 23.1204
144 224 42.0017 0.84 100.0 445.0 550.51 1353.89 1145.53 3.91 5.72 138.69 2211.86 8336.76 1.02 42.52 130.72 2387.97 8086.66 9.4668 0.02 334 2212 100.0 10.52 6.2244
