45 1 10.0029 0.252 100.0 489.05 605.08 1500.71 1309.5 10.52 15.49 393.9 2318.93 8774.14 1.26 45.53 371.51 2388.16 8118.03 8.6431 0.03 370 2319 100.0 28.61 17.1737
45 2 35.0066 0.8419 100.0 449.44 555.56 1369.02 1124.86 5.48 8.0 194.08 2222.76 8341.89 1.02 41.84 183.0 2387.81 8052.24 9.3318 0.02 333 2223 100.0 14.82 8.9375
45 3 10.0048 0.25 100.0 489.05 605.38 1503.28 1311.7 10.52 15.5 394.05 2318.95 8767.72 1.26 45.4 371.58 2388.17 8125.15 8.6559 0.03 369 2319 100.0 28.68 17.0122
45 4 10.005 0.25 100.0 489.05 605.22 1505.39 1310.99 10.52 15.49 394.55 2318.93 8775.84 1.26 45.45 371.09 2388.1 8121.55 8.6484 0.03 369 2319 100.0 28.37 17.1913
45 5 20.0068 0.7 100.0 491.19 607.49 1479.77 1259.74 9.35 13.66 334.64 2323.93 8717.19 1.07 44.36 315.17 2388.06 8050.62 9.2277 0.02 365 2324 100.0 24.6 14.7534
45 6 0.0006 0.0012 100.0 518.67 643.04 1586.52 1406.9 14.62 21.61 553.8 2388.12 9037.27 1.3 47.48 521.54 2388.16 8130.59 8.4543 0.03 394 2388 100.0 38.93 23.169
45 7 42.0038 0.84 100.0 445.0 550.05 1346.61 1123.71 3.91 5.71 139.0 2211.68 8313.65 1.02 42.08 130.67 2387.71 8073.08 9.4177 0.02 331 2212 100.0 10.67 6.3348
45 8 25.003 0.62 60.0 462.54 537.12 1265.53 1054.54 7.05 9.03 175.47 1915.18 8000.76 0.94 36.51 164.62 2028.01 7866.73 10.9083 0.02 308 1915 84.93 14.37 8.5309
45 9 42.0042 0.84 100.0 445.0 549.66 1348.87 1127.67 3.91 5.71 139.0 2211.67 8310.57 1.02 41.89 130.41 2387.73 8073.03 9.3804 0.02 330 2212 100.0 10.74 6.3746
45 10 25.0032 0.622 60.0 462.54 537.11 1258.51 1048.79 7.05 9.03 175.66 1915.21 8003.97 0.94 36.62 164.33 2028.06 7868.93 10.9099 0.02 307 1915 84.93 14.31 8.6679
45 11 41.9997 0.8419 100.0 445.0 550.21 1356.13 1131.44 3.91 5.71 139.62 2211.68 8317.55 1.02 42.0 130.54 2387.74 8076.4 9.3898 0.02 331 2212 100.0 10.57 6.2807
45 12 0.0003 0.0 100.0 518.67 642.55 1584.53 1415.59 14.62 21.61 553.09 2388.13 9044.55 1.3 47.45 521.46 2388.09 8129.89 8.4231 0.03 393 2388 100.0 38.76 23.399
45 13 42.0012 0.8403 100.0 445.0 549.57 1351.83 1131.32 3.91 5.72 138.81 2211.7 8307.71 1.02 42.02 130.41 2387.76 8075.63 9.3693 0.02 329 2212 100.0 10.7 6.326
45 14 19.9981 0.7 100.0 491.19 607.77 1485.35 1254.66 9.35 13.65 334.44 2323.92 8718.1 1.08 44.25 314.85 2388.07 8052.88 9.2109 0.02 365 2324 100.0 24.5 14.7065
45 15 42.006 0.84 100.0 445.0 549.84 1358.77 1124.77 3.91 5.71 138.23 2211.65 8310.16 1.02 42.1 130.81 2387.73 8067.46 9.3872 0.02 331 2212 100.0 10.68 6.4622
45 16 42.0003 0.8404 100.0 445.0 549.78 1346.86 1124.57 3.91 5.71 139.07 2211.72 8314.95 1.02 42.0 130.6 2387.73 8069.13 9.3432 0.02 331 2212 100.0 10.51 6.3287
45 17 20.0005 0.7 100.0 491.19 607.67 1491.26 1250.66 9.35 13.66 335.12 2323.95 8716.15 1.08 44.48 314.93 2388.05 8051.05 9.1862 0.02 364 2324 100.0 24.37 14.6268
45 18 9.9992 0.25 100.0 489.05 605.23 1498.51 1311.32 10.52 15.49 393.77 2318.9 8769.0 1.26 45.55 371.41 2388.11 8117.37 8.6674 0.03 368 2319 100.0 28.55 17.0903
45 19 20.0 0.7 100.0 491.19 607.35 1483.12 1242.41 9.35 13.65 335.13 2323.92 8718.85 1.08 44.46 314.72 2388.09 8054.34 9.2123 0.02 365 2324 100.0 24.5 14.6273
45 20 9.9986 0.25 100.0 489.05 605.01 1500.38 1308.56 10.52 15.49 394.46 2318.92 8770.21 1.26 45.67 371.06 2388.15 8123.74 8.6295 0.03 368 2319 100.0 28.51 17.0947
45 21 10.0021 0.25 100.0 489.05 604.81 1502.86 1312.32 10.52 15.49 394.28 2318.93 8769.13 1.26 45.47 371.47 2388.16 8120.71 8.635 0.03 369 2319 100.0 28.33 17.0994
45 22 42.0074 0.842 100.0 445.0 549.11 1352.85 1122.28 3.91 5.71 138.96 2211.67 8311.64 1.02 42.11 130.33 2387.71 8074.33 9.4067 0.02 329 2212 100.0 10.62 6.4661
45 23 0.0005 0.0005 100.0 518.67 643.2 1595.42 1406.2 14.62 21.61 554.34 2388.09 9045.46 1.3 47.47 521.3 2388.1 8121.28 8.4457 0.03 392 2388 100.0 38.75 23.2975
45 24 42.0002 0.84 100.0 445.0 549.33 1345.39 1125.52 3.91 5.72 138.26 2211.79 8310.69 1.02 42.0 130.21 2387.8 8076.5 9.3474 0.02 331 2212 100.0 10.55 6.3688
45 25 41.9986 0.84 100.0 445.0 549.74 1350.82 1124.97 3.91 5.71 139.14 2211.67 8308.42 1.02 42.1 130.77 2387.76 8070.74 9.3701 0.02 331 2212 100.0 10.41 6.3564
45 26 25.0009 0.62 60.0 462.54 536.82 1255.22 1037.48 7.05 9.03 175.51 1915.18 8010.89 0.94 36.58 164.55 2028.02 7864.51 10.8621 0.02 308 1915 84.93 14.21 8.5813
45 27 41.999 0.8402 100.0 445.0 549.43 1357.02 1123.63 3.91 5.72 138.8 2211.68 8319.63 1.02 42.12 130.38 2387.69 8071.3 9.3872 0.02 331 2212 100.0 10.58 6.3365
45 28 35.006 0.8408 100.0 449.44 556.09 1367.65 1128.99 5.48 8.0 193.79 2222.79 8339.73 1.02 41.92 183.82 2387.88 8063.81 9.3234 0.02 335 2223 100.0 14.87 8.88
45 29 35.0068 0.84 100.0 449.44 555.58 1366.03 1126.05 5.48 8.0 194.86 2222.75 8339.69 1.02 41.89 183.02 2387.77 8057.5 9.304 0.02 334 2223 100.0 14.89 8.9031
45 30 35.0 0.8405 100.0 449.44 555.81 1367.89 1129.27 5.48 8.0 194.38 2222.77 8342.29 1.02 41.87 183.53 2387.85 8058.36 9.3057 0.02 334 2223 100.0 15.02 8.9331
45 31 20.0022 0.7005 100.0 491.19 607.39 1491.82 1256.28 9.35 13.65 335.17 2323.91 8724.14 1.08 44.36 314.72 2388.09 8055.34 9.2356 0.02 366 2324 100.0 24.43 14.6646
45 32 35.0061 0.8402 100.0 449.44 555.33 1360.42 1129.97 5.48 8.0 194.54 2222.8 8339.59 1.02 41.92 182.9 2387.84 8059.04 9.3014 0.02 334 2223 100.0 14.97 8.8793
45 33 25.005 0.62 60.0 462.54 537.0 1261.49 1049.65 7.05 9.03 174.88 1915.15 8004.99 0.94 36.71 164.5 2028.08 7863.09 10.9054 0.02 307 1915 84.93 14.17 8.5803
45 34 10.0004 0.2502 100.0 489.05 605.57 1501.85 1307.51 10.52 15.49 394.39 2318.97 8771.3 1.26 45.34 371.53 2388.14 8113.15 8.6347 0.03 370 2319 100.0 28.54 17.122
45 35 25.0061 0.6208 60.0 462.54 536.77 1269.65 1053.04 7.05 9.03 175.33 1915.15 8002.13 0.94 36.73 164.85 2028.07 7869.71 10.8728 0.02 306 1915 84.93 14.15 8.5796
45 36 42.0033 0.84 100.0 445.0 549.41 1354.47 1117.3 3.91 5.71 138.3 2211.66 8310.57 1.02 42.17 131.0 2387.71 8074.39 9.3664 0.02 330 2212 100.0 10.64 6.3075
45 37 25.0035 0.62 60.0 462.54 536.62 1261.17 1044.39 7.05 9.03 175.36 1915.2 8004.25 0.94 36.7 165.36 2028.1 7869.09 10.907 0.02 307 1915 84.93 14.4 8.5315
45 38 24.9998 0.62 60.0 462.54 536.33 1262.73 1047.3 7.05 9.02 175.74 1915.16 7994.66 0.94 37.04 164.98 2028.05 7867.19 10.9181 0.02 307 1915 84.93 14.14 8.602
45 39 10.0059 0.2514 100.0 489.05 604.51 1500.97 1306.08 10.52 15.49 394.1 2318.9 8766.81 1.26 45.53 371.37 2388.15 8122.11 8.6086 0.03 370 2319 100.0 28.62 17.0741
45 40 0.0012 0.0 100.0 518.67 642.46 1591.18 1412.13 14.62 21.61 552.94 2388.17 9042.7 1.3 47.6 521.18 2388.13 8122.65 8.4518 0.03 393 2388 100.0 38.91 23.3198
45 41 42.0 0.84 100.0 445.0 549.98 1349.64 1119.87 3.91 5.72 138.23 2211.7 8313.89 1.02 42.05 130.59 2387.77 8078.8 9.367 0.02 330 2212 100.0 10.63 6.4742
45 42 20.0006 0.7 100.0 491.19 607.81 1483.58 1254.58 9.35 13.66 334.4 2323.92 8716.0 1.08 44.49 314.48 2388.1 8050.47 9.2092 0.02 365 2324 100.0 24.52 14.7198
45 43 42.0068 0.84 100.0 445.0 549.5 1353.99 1125.56 3.91 5.72 138.61 2211.72 8312.69 1.02 42.1 130.57 2387.78 8075.23 9.3536 0.02 332 2212 100.0 10.47 6.2823
45 44 0.0009 0.0016 100.0 518.67 642.7 1590.54 1415.63 14.62 21.61 552.54 2388.07 9036.7 1.3 47.48 522.02 2388.07 8125.39 8.4254 0.03 394 2388 100.0 38.85 23.3124
45 45 10.0045 0.252 100.0 489.05 604.63 1502.38 1307.25 10.52 15.49 394.83 2318.97 8766.71 1.26 45.57 370.89 2388.15 8120.37 8.6486 0.03 370 2319 100.0 28.45 17.0388
45 46 0.0012 0.0009 100.0 518.67 642.75 1584.08 1408.44 14.62 21.61 553.15 2388.12 9043.6 1.3 47.54 521.35 2388.15 8128.09 8.4536 0.03 394 2388 100.0 38.89 23.3322
45 47 42.0013 0.84 100.0 445.0 549.86 1352.74 1123.07 3.91 5.72 139.33 2211.71 8314.57 1.02 41.98 130.5 2387.72 8073.82 9.3695 0.02 329 2212 100.0 10.56 6.2773
45 48 10.0059 0.2516 100.0 489.05 604.81 1494.92 1305.66 10.52 15.49 394.04 2318.92 8769.85 1.26 45.61 371.7 2388.13 8123.69 8.6708 0.03 370 2319 100.0 28.42 17.1737
45 49 0.0005 0.0016 100.0 518.67 642.41 1587.59 1408.25 14.62 21.61 553.56 2388.11 9049.47 1.3 47.55 521.27 2388.13 8126.44 8.4792 0.03 392 2388 100.0 38.85 23.3135
45 50 20.0021 0.7017 100.0 491.19 607.4 1490.81 1257.26 9.35 13.65 334.76 2323.93 8713.67 1.07 44.38 314.92 2388.06 8052.27 9.2386 0.02 367 2324 100.0 24.47 14.6407
45 51 10.0052 0.2508 100.0 489.05 604.6 1500.46 1310.25 10.52 15.49 394.9 2318.93 8775.98 1.26 45.36 371.6 2388.14 8119.99 8.6638 0.03 371 2319 100.0 28.6 17.1222
45 52 42.0012 0.84 100.0 445.0 549.01 1353.96 1125.81 3.91 5.71 138.03 2211.75 8309.36 1.02 42.01 130.72 2387.78 8073.93 9.3856 0.02 328 2212 100.0 10.53 6.3941
45 53 10.0073 0.2505 100.0 489.05 605.05 1500.06 1312.3 10.52 15.5 394.88 2318.93 8769.05 1.26 45.49 370.94 2388.15 8122.89 8.6584 0.03 368 2319 100.0 28.6 17.0981
45 54 35.0042 0.8411 100.0 449.44 555.74 1365.86 1134.44 5.48 8.0 193.94 2222.84 8341.4 1.02 41.94 183.68 2387.94 8058.4 9.3035 0.02 335 2223 100.0 14.95 8.9322
45 55 20.0017 0.7 100.0 491.19 607.26 1480.74 1259.59 9.35 13.66 335.02 2323.93 8722.7 1.07 44.45 314.8 2388.06 8051.76 9.2304 0.02 366 2324 100.0 24.53 14.5863
45 56 20.0041 0.7 100.0 491.19 607.54 1486.57 1255.2 9.35 13.65 334.49 2323.96 8714.23 1.08 44.34 315.4 2388.04 8054.49 9.2004 0.02 364 2324 100.0 24.39 14.5561
45 57 10.0055 0.25 100.0 489.05 604.69 1502.58 1307.21 10.52 15.49 394.16 2318.96 8777.04 1.26 45.67 371.11 2388.1 8122.93 8.6442 0.03 369 2319 100.0 28.51 17.1476
45 58 25.0067 0.62 60.0 462.54 536.53 1260.64 1053.75 7.05 9.03 175.18 1915.19 8007.49 0.94 36.79 164.58 2028.1 7867.15 10.9028 0.02 307 1915 84.93 14.18 8.6045
45 59 41.9997 0.84 100.0 445.0 549.59 1353.04 1117.76 3.91 5.71 138.87 2211.71 8314.45 1.02 41.95 130.52 2387.75 8075.48 9.3908 0.02 329 2212 100.0 10.49 6.4846
45 60 25.0068 0.622 60.0 462.54 536.07 1264.13 1050.32 7.05 9.02 175.0 1915.2 8004.26 0.94 36.71 164.91 2028.08 7868.69 10.9022 0.02 305 1915 84.93 14.27 8.5449
45 61 42.006 0.8401 100.0 445.0 549.59 1358.01 1121.32 3.91 5.71 138.17 2211.71 8315.14 1.02 41.98 131.3 2387.77 8076.9 9.3948 0.02 332 2212 100.0 10.6 6.2585
45 62 10.007 0.25 100.0 489.05 605.2 1499.51 1309.33 10.52 15.5 394.48 2318.97 8765.28 1.26 45.37 372.1 2388.18 8122.94 8.635 0.03 371 2319 100.0 28.58 17.1027
45 63 25.0012 0.6215 60.0 462.54 536.86 1261.91 1055.1 7.05 9.03 174.86 1915.23 8002.44 0.94 36.77 164.71 2028.1 7870.2 10.8977 0.02 307 1915 84.93 14.23 8.6304
45 64 42.0026 0.841 100.0 445.0 549.72 1348.19 1133.64 3.91 5.71 138.87 2211.73 8307.55 1.02 42.29 130.17 2387.83 8075.01 9.3744 0.02 331 2212 100.0 10.6 6.2255
45 65 42.0077 0.84 100.0 445.0 549.31 1361.56 1126.45 3.91 5.71 139.09 2211.71 8311.82 1.02 42.11 130.5 2387.76 8074.41 9.3788 0.02 330 2212 100.0 10.68 6.3221
45 66 24.9987 0.62 60.0 462.54 536.62 1267.47 1049.57 7.05 9.03 175.25 1915.21 8008.48 0.94 36.76 164.88 2028.06 7869.58 10.9293 0.02 307 1915 84.93 14.24 8.5922
45 67 42.0044 0.84 100.0 445.0 549.44 1352.92 1129.77 3.91 5.71 138.83 2211.7 8313.37 1.02 42.28 130.72 2387.81 8073.94 9.3915 0.02 330 2212 100.0 10.56 6.4402
45 68 42.002 0.8406 100.0 445.0 549.34 1351.84 1141.97 3.91 5.72 138.72 2211.71 8310.82 1.02 42.15 130.58 2387.8 8072.3 9.3775 0.02 332 2212 100.0 10.84 6.451
45 69 0.0016 0.0 100.0 518.67 642.83 1591.4 1411.09 14.62 21.61 553.61 2388.12 9049.09 1.3 47.47 521.22 2388.14 8127.69 8.4375 0.03 394 2388 100.0 38.85 23.2587
45 70 35.0024 0.8418 100.0 449.44 555.73 1373.84 1126.34 5.48 8.0 194.69 2222.77 8344.61 1.02 42.04 183.33 2387.84 8059.2 9.3608 0.02 333 2223 100.0 14.73 8.9182
45 71 0.0022 0.0 100.0 518.67 642.49 1586.36 1411.67 14.62 21.61 553.08 2388.11 9045.75 1.3 47.55 521.49 2388.13 8132.72 8.4843 0.03 392 2388 100.0 38.65 23.2574
45 72 35.0064 0.84 100.0 449.44 556.18 1364.3 1131.56 5.48 8.0 194.24 2222.82 8341.79 1.02 41.96 183.11 2387.87 8061.65 9.3237 0.02 334 2223 100.0 14.86 8.9567
45 73 35.001 0.8402 100.0 449.44 555.91 1364.48 1130.43 5.48 8.0 194.31 2222.83 8345.83 1.02 42.06 183.11 2387.92 8062.82 9.3301 0.02 334 2223 100.0 14.83 8.8876
45 74 42.0054 0.8402 100.0 445.0 549.11 1353.82 1127.59 3.91 5.72 138.52 2211.71 8316.6 1.02 42.04 130.51 2387.81 8076.72 9.4097 0.02 332 2212 100.0 10.59 6.3701
45 75 20.0032 0.7018 100.0 491.19 607.07 1483.03 1253.28 9.35 13.66 334.36 2323.86 8722.92 1.08 44.52 314.41 2388.07 8052.81 9.2321 0.02 365 2324 100.0 24.52 14.7028
45 76 25.0017 0.6202 60.0 462.54 537.27 1260.66 1047.12 7.05 9.03 176.07 1915.24 8006.28 0.94 36.8 164.65 2028.17 7867.8 10.8864 0.02 308 1915 84.93 14.29 8.6478
45 77 9.9992 0.2518 100.0 489.05 604.86 1506.63 1308.8 10.52 15.49 394.39 2318.94 8762.54 1.26 45.45 371.33 2388.17 8122.14 8.6546 0.03 369 2319 100.0 28.53 17.2146
45 78 25.0053 0.62 60.0 462.54 536.92 1264.15 1055.42 7.05 9.02 175.55 1915.24 8001.78 0.94 36.7 164.37 2028.11 7867.55 10.9133 0.02 309 1915 84.93 14.25 8.6406
45 79 0.0004 0.0 100.0 518.67 642.18 1583.16 1410.17 14.62 21.61 553.86 2388.12 9046.79 1.3 47.51 521.61 2388.08 8131.64 8.4462 0.03 394 2388 100.0 38.6 23.3866
45 80 42.0061 0.8404 100.0 445.0 549.8 1355.55 1125.77 3.91 5.71 139.56 2211.76 8314.36 1.02 42.24 130.94 2387.85 8081.25 9.397 0.02 331 2212 100.0 10.58 6.3283
45 81 35.0001 0.8411 100.0 449.44 556.03 1362.37 1136.96 5.48 8.0 194.9 2222.75 8346.58 1.02 42.07 183.35 2387.9 8058.77 9.3638 0.02 334 2223 100.0 14.91 8.9063
45 82 42.007 0.84 100.0 445.0 549.28 1352.97 1121.98 3.91 5.72 138.28 2211.72 8315.79 1.02 42.11 130.71 2387.77 8076.1 9.3653 0.02 331 2212 100.0 10.67 6.3012
45 83 42.0016 0.8412 100.0 445.0 549.23 1356.85 1127.04 3.91 5.72 138.64 2211.73 8315.78 1.02 42.12 130.02 2387.83 8073.88 9.3699 0.02 332 2212 100.0 10.59 6.3747
45 84 24.9984 0.6205 60.0 462.54 536.73 1264.45 1052.49 7.05 9.03 175.04 1915.25 8000.47 0.94 36.67 164.0 2028.09 7872.68 10.8975 0.02 308 1915 84.93 14.33 8.5787
45 85 20.0079 0.7 100.0 491.19 607.94 1488.33 1257.29 9.35 13.66 334.71 2323.96 8719.92 1.08 44.46 315.17 2388.14 8056.13 9.2417 0.02 364 2324 100.0 24.45 14.5957
45 86 0.0008 0.0007 100.0 518.67 642.68 1592.11 1410.29 14.62 21.61 553.31 2388.11 9053.05 1.3 47.6 521.17 2388.12 8132.17 8.4688 0.03 393 2388 100.0 38.97 23.3306
45 87 42.0011 0.8413 100.0 445.0 549.47 1358.6 1128.8 3.91 5.71 138.52 2211.78 8319.61 1.02 42.24 129.99 2387.91 8077.93 9.3713 0.02 331 2212 100.0 10.69 6.3453
45 88 42.0067 0.8405 100.0 445.0 549.38 1354.55 1125.44 3.91 5.72 138.12 2211.81 8313.64 1.02 42.22 130.65 2387.91 8078.15 9.3945 0.02 332 2212 100.0 10.59 6.3513
45 89 41.9996 0.8412 100.0 445.0 549.66 1346.74 1134.81 3.91 5.72 138.44 2211.75 8319.4 1.02 42.32 130.12 2387.86 8085.6 9.3893 0.02 330 2212 100.0 10.61 6.363
45 90 0.0015 0.0007 100.0 518.67 642.87 1589.36 1411.06 14.62 21.61 553.66 2388.18 9050.5 1.3 47.65 521.13 2388.13 8129.38 8.4451 0.03 393 2388 100.0 38.75 23.1585
45 91 25.0035 0.62 60.0 462.54 537.14 1267.99 1055.61 7.05 9.02 175.59 1915.23 8005.98 0.94 36.94 164.72 2028.12 7868.46 10.925 0.02 307 1915 84.93 14.37 8.4803
45 92 42.0032 0.8408 100.0 445.0 549.29 1351.94 1127.53 3.91 5.71 138.84 2211.78 8316.79 1.02 42.31 130.77 2387.82 8075.02 9.3973 0.02 331 2212 100.0 10.59 6.4252
45 93 0.0007 0.0008 100.0 518.67 642.95 1590.42 1407.56 14.62 21.61 552.57 2388.12 9054.38 1.3 47.54 521.85 2388.19 8134.17 8.456 0.03 393 2388 100.0 38.75 23.1576
45 94 42.0023 0.84 100.0 445.0 549.88 1350.87 1127.46 3.91 5.71 138.82 2211.83 8318.91 1.02 42.09 130.62 2387.86 8081.71 9.3405 0.02 331 2212 100.0 10.69 6.2857
45 95 35.0017 0.8408 100.0 449.44 555.83 1371.53 1132.04 5.48 8.0 194.53 2222.93 8347.82 1.02 42.04 182.97 2388.01 8061.27 9.3528 0.02 334 2223 100.0 14.88 8.8832
45 96 34.9995 0.84 100.0 449.44 555.91 1361.68 1125.8 5.48 8.0 193.93 2222.93 8344.43 1.02 42.02 182.81 2387.99 8067.47 9.3611 0.02 334 2223 100.0 14.68 8.8712
45 97 24.9997 0.62 60.0 462.54 536.87 1264.35 1058.89 7.05 9.03 175.69 1915.24 8005.33 0.94 36.88 164.5 2028.11 7870.27 10.8822 0.02 308 1915 84.93 14.36 8.5183
45 98 0.0009 0.0016 100.0 518.67 643.42 1592.55 1413.45 14.62 21.61 552.94 2388.15 9057.45 1.3 47.56 521.34 2388.11 8130.36 8.4163 0.03 394 2388 100.0 38.77 23.2501
45 99 34.9986 0.84 100.0 449.44 555.63 1368.99 1127.73 5.48 8.0 194.45 2222.89 8353.33 1.02 42.01 182.65 2387.96 8068.89 9.3429 0.02 333 2223 100.0 14.7 8.7974
45 100 20.0023 0.7 100.0 491.19 607.53 1485.1 1248.22 9.35 13.65 335.04 2324.08 8719.95 1.08 44.69 315.13 2388.09 8057.98 9.2397 0.02 364 2324 100.0 24.3 14.7107
45 101 0.0019 0.0 100.0 518.67 642.28 1596.56 1408.16 14.62 21.61 552.72 2388.14 9044.0 1.3 47.41 520.65 2388.05 8134.58 8.4492 0.03 392 2388 100.0 38.99 23.1906
45 102 20.0004 0.7 100.0 491.19 607.76 1490.73 1251.15 9.35 13.66 334.27 2324.05 8721.01 1.08 44.58 314.89 2388.13 8057.72 9.2215 0.03 367 2324 100.0 24.27 14.6231
45 103 20.0063 0.7 100.0 491.19 608.12 1480.57 1260.31 9.35 13.66 334.02 2324.01 8725.28 1.08 44.47 315.16 2388.06 8053.38 9.2438 0.02 366 2324 100.0 24.51 14.6286
45 104 25.003 0.6209 60.0 462.54 537.22 1267.11 1055.06 7.05 9.03 175.24 1915.32 8003.47 0.94 36.84 164.44 2028.11 7871.68 10.9301 0.02 307 1915 84.93 14.04 8.5492
45 105 35.0011 0.8418 100.0 449.44 556.46 1368.84 1134.5 5.48 8.0 194.26 2222.92 8353.64 1.02 42.11 183.03 2388.01 8065.59 9.3687 0.02 333 2223 100.0 14.87 8.8596
45 106 0.0023 0.0003 100.0 518.67 642.5 1589.59 1412.42 14.62 21.61 553.08 2388.04 9057.29 1.3 47.46 520.91 2388.15 8131.2 8.4609 0.03 394 2388 100.0 38.82 23.2902
45 107 10.0023 0.25 100.0 489.05 604.99 1500.91 1312.79 10.52 15.5 394.22 2319.01 8782.59 1.26 45.71 372.01 2388.24 8128.75 8.658 0.03 370 2319 100.0 28.52 17.0107
45 108 10.0047 0.25 100.0 489.05 605.05 1505.34 1316.3 10.52 15.5 394.24 2319.02 8777.77 1.26 45.53 371.72 2388.17 8127.77 8.6686 0.03 370 2319 100.0 28.49 17.1226
45 109 19.9981 0.7 100.0 491.19 607.45 1485.29 1256.06 9.35 13.66 334.05 2324.0 8722.0 1.08 44.62 314.8 2388.13 8059.92 9.2555 0.03 366 2324 100.0 24.49 14.5534
45 110 0.0009 0.0002 100.0 518.67 643.18 1595.56 1415.72 14.62 21.61 552.1 2388.16 9056.67 1.3 47.67 520.83 2388.11 8134.98 8.4381 0.03 393 2388 100.0 38.53 23.2322
45 111 42.0007 0.84 100.0 445.0 550.48 1358.56 1127.54 3.91 5.72 138.47 2211.87 8322.34 1.02 42.17 131.05 2387.93 8081.13 9.3937 0.02 332 2212 100.0 10.77 6.3432
45 112 19.9993 0.7013 100.0 491.19 607.61 1489.47 1261.9 9.35 13.66 334.58 2324.03 8723.43 1.08 44.4 314.63 2388.16 8056.34 9.2413 0.02 366 2324 100.0 24.3 14.6258
45 113 0.0003 0.0 100.0 518.67 643.3 1590.87 1417.62 14.62 21.61 552.53 2388.21 9058.28 1.3 47.51 520.88 2388.15 8130.34 8.4673 0.03 394 2388 100.0 38.56 23.3263
45 114 34.9982 0.842 100.0 449.44 556.26 1369.73 1136.27 5.48 8.0 194.94 2222.97 8352.84 1.02 42.13 182.93 2387.99 8068.29 9.3631 0.02 335 2223 100.0 14.82 8.9807
45 115 20.0024 0.7 100.0 491.19 607.78 1489.64 1259.93 9.35 13.66 334.02 2324.01 8720.91 1.08 44.39 315.14 2388.12 8068.51 9.2593 0.02 366 2324 100.0 24.4 14.6971
45 116 35.008 0.84 100.0 449.44 555.57 1365.15 1133.38 5.48 8.0 194.55 2222.98 8361.06 1.02 41.95 182.42 2388.08 8071.12 9.3295 0.02 332 2223 100.0 14.79 8.925
45 117 25.0009 0.62 60.0 462.54 537.3 1266.37 1047.22 7.05 9.03 175.84 1915.37 8020.98 0.94 37.21 164.34 2028.25 7875.79 10.9292 0.02 308 1915 84.93 14.39 8.5483
45 118 24.9981 0.62 60.0 462.54 537.19 1268.41 1056.29 7.05 9.03 174.89 1915.39 8012.75 0.94 36.97 164.78 2028.29 7883.4 10.9861 0.02 307 1915 84.93 14.28 8.5256
45 119 42.0079 0.8418 100.0 445.0 550.08 1353.84 1129.88 3.91 5.71 138.58 2211.94 8325.27 1.02 42.26 130.54 2387.95 8084.35 9.378 0.02 332 2212 100.0 10.61 6.2768
45 120 35.0006 0.8403 100.0 449.44 555.92 1367.78 1145.05 5.48 8.0 194.43 2223.02 8351.88 1.02 42.18 182.37 2388.08 8067.47 9.3699 0.02 338 2223 100.0 14.9 8.8915
45 121 24.9991 0.621 60.0 462.54 537.0 1268.12 1051.02 7.05 9.03 174.96 1915.34 8015.86 0.94 37.0 164.42 2028.25 7871.48 10.9444 0.02 308 1915 84.93 14.23 8.4462
45 122 20.0059 0.7001 100.0 491.19 607.6 1482.07 1261.15 9.35 13.66 334.08 2324.03 8735.55 1.08 44.62 314.96 2388.18 8063.44 9.2631 0.02 367 2324 100.0 24.51 14.57
45 123 42.0054 0.8405 100.0 445.0 550.08 1350.12 1133.69 3.91 5.71 138.44 2211.92 8327.37 1.02 42.38 130.75 2387.95 8082.37 9.4186 0.02 331 2212 100.0 10.46 6.3527
45 124 0.0004 0.0004 100.0 518.67 642.77 1595.14 1413.13 14.62 21.61 553.14 2388.12 9058.5 1.3 47.64 520.87 2388.1 8141.36 8.4514 0.03 393 2388 100.0 38.78 23.2665
45 125 20.0018 0.7009 100.0 491.19 607.61 1490.99 1252.24 9.35 13.66 334.68 2324.02 8736.29 1.08 44.63 314.51 2388.26 8066.15 9.2831 0.02 366 2324 100.0 24.41 14.7885
45 126 0.0015 0.0013 100.0 518.67 642.95 1597.51 1417.07 14.62 21.61 552.95 2388.13 9062.9 1.3 47.76 521.02 2388.16 8138.06 8.4488 0.03 394 2388 100.0 38.8 23.2538
45 127 35.0078 0.84 100.0 449.44 555.95 1367.11 1131.03 5.48 8.0 194.6 2223.03 8355.55 1.02 42.12 182.81 2388.2 8071.5 9.3256 0.02 334 2223 100.0 14.9 8.8864
45 128 41.9997 0.8408 100.0 445.0 550.09 1353.64 1128.59 3.91 5.72 138.21 2211.9 8333.4 1.02 42.39 130.41 2388.05 8089.82 9.3926 0.02 332 2212 100.0 10.6 6.3867
45 129 25.0053 0.6204 60.0 462.54 537.13 1264.94 1056.56 7.05 9.03 174.83 1915.44 8023.89 0.94 36.86 164.72 2028.35 7879.63 10.9523 0.02 308 1915 84.93 14.29 8.4897
45 130 25.0039 0.6203 60.0 462.54 536.63 1263.86 1053.43 7.05 9.03 175.16 1915.45 8015.45 0.94 36.86 164.53 2028.38 7882.23 10.947 0.02 309 1915 84.93 14.25 8.4736
45 131 42.0041 0.84 100.0 445.0 549.82 1359.43 1123.85 3.91 5.72 138.09 2212.02 8331.2 1.02 42.44 130.69 2388.07 8087.8 9.3831 0.02 332 2212 100.0 10.45 6.3034
45 132 42.0028 0.8401 100.0 445.0 549.37 1356.5 1141.67 3.91 5.72 138.84 2211.98 8334.33 1.02 42.36 131.06 2388.1 8092.1 9.4091 0.02 331 2212 100.0 10.48 6.4202
45 133 42.0058 0.84 100.0 445.0 550.59 1361.27 1137.89 3.91 5.71 138.63 2212.03 8326.36 1.02 42.46 130.42 2388.12 8089.88 9.3905 0.02 333 2212 100.0 10.64 6.3745
45 134 20.0001 0.7 100.0 491.19 607.42 1486.84 1265.36 9.35 13.66 334.03 2324.1 8737.63 1.07 44.71 314.21 2388.22 8073.4 9.2295 0.02 365 2324 100.0 24.59 14.6802
45 135 35.0024 0.8416 100.0 449.44 556.47 1369.91 1136.69 5.48 8.0 194.02 2223.14 8358.42 1.02 42.17 182.6 2388.26 8082.19 9.3634 0.02 333 2223 100.0 14.74 8.9179
45 136 0.0011 0.0 100.0 518.67 642.85 1588.24 1419.23 14.62 21.61 552.65 2388.15 9072.9 1.3 47.68 520.4 2388.2 8151.01 8.4637 0.03 394 2388 100.0 38.75 23.2388
45 137 42.0015 0.84 100.0 445.0 549.78 1356.64 1134.22 3.91 5.72 138.64 2212.1 8338.82 1.02 42.3 130.22 2388.2 8102.64 9.3983 0.02 332 2212 100.0 10.56 6.3017
45 138 25.0018 0.622 60.0 462.54 537.25 1271.33 1057.29 7.05 9.03 175.11 1915.6 8026.52 0.94 36.83 164.17 2028.4 7881.09 10.9325 0.02 308 1915 84.93 14.25 8.5081
45 139 20.0067 0.7 100.0 491.19 607.5 1489.27 1259.16 9.35 13.66 334.44 2324.11 8733.98 1.07 44.83 314.9 2388.22 8071.71 9.2726 0.03 367 2324 100.0 24.4 14.7041
45 140 35.0015 0.8414 100.0 449.44 556.29 1374.75 1137.31 5.48 8.0 193.95 2223.21 8365.58 1.02 42.28 182.59 2388.3 8077.35 9.392 0.02 338 2223 100.0 14.68 8.8973
45 141 34.9993 0.8419 100.0 449.44 556.21 1372.61 1148.55 5.48 8.0 194.38 2223.23 8368.58 1.02 42.22 182.99 2388.35 8079.92 9.3544 0.02 334 2223 100.0 14.61 8.8542
45 142 25.0072 0.62 60.0 462.54 537.04 1258.88 1053.72 7.05 9.03 174.78 1915.55 8021.64 0.94 37.06 164.16 2028.47 7888.29 10.9285 0.02 309 1915 84.93 14.3 8.5067
45 143 25.0059 0.6215 60.0 462.54 536.76 1264.06 1058.34 7.05 9.03 176.02 1915.51 8025.31 0.94 37.23 164.99 2028.46 7889.0 10.9523 0.02 309 1915 84.93 14.16 8.4417
45 144 34.9988 0.84 100.0 449.44 556.37 1369.34 1138.68 5.48 8.0 194.62 2223.24 8365.8 1.02 42.34 182.79 2388.34 8077.55 9.388 0.02 336 2223 100.0 14.93 8.8496
45 145 10.0059 0.25 100.0 489.05 605.22 1507.92 1316.91 10.52 15.5 393.85 2319.01 8802.26 1.26 46.02 370.45 2388.22 8145.41 8.6976 0.03 371 2319 100.0 28.4 17.1093
45 146 20.0004 0.7 100.0 491.19 608.13 1487.14 1254.49 9.35 13.66 333.26 2324.12 8738.52 1.08 44.81 314.09 2388.29 8075.82 9.2605 0.03 367 2324 100.0 24.41 14.6195
45 147 42.0015 0.84 100.0 445.0 550.38 1361.59 1134.63 3.91 5.72 138.39 2212.19 8352.08 1.02 42.36 130.02 2388.32 8105.33 9.452 0.02 332 2212 100.0 10.47 6.1696
45 148 35.0016 0.842 100.0 449.44 556.21 1371.27 1141.08 5.48 8.01 194.11 2223.3 8368.5 1.02 42.09 182.9 2388.48 8089.63 9.3324 0.02 334 2223 100.0 14.83 8.852
45 149 20.0017 0.7 100.0 491.19 607.88 1486.1 1262.04 9.35 13.66 333.73 2324.21 8739.18 1.08 44.83 314.83 2388.29 8076.72 9.2869 0.02 366 2324 100.0 24.32 14.6624
45 150 19.999 0.7004 100.0 491.19 608.13 1491.71 1255.05 9.35 13.66 334.1 2324.22 8755.0 1.08 44.65 314.57 2388.31 8081.87 9.2876 0.03 367 2324 100.0 24.33 14.6221
45 151 42.0067 0.8415 100.0 445.0 549.89 1361.91 1134.69 3.91 5.72 138.39 2212.28 8358.01 1.02 42.53 130.83 2388.39 8101.77 9.4516 0.02 334 2212 100.0 10.45 6.3923
45 152 25.0047 0.62 60.0 462.54 536.82 1268.43 1054.8 7.05 9.03 175.31 1915.71 8031.38 0.94 37.17 164.17 2028.62 7892.34 10.9926 0.02 309 1915 84.93 14.26 8.5301
45 153 25.0004 0.62 60.0 462.54 537.09 1262.73 1058.36 7.05 9.03 175.36 1915.69 8033.08 0.94 36.99 164.27 2028.63 7895.39 10.9257 0.02 310 1915 84.93 14.19 8.5725
45 154 20.003 0.7 100.0 491.19 607.72 1491.12 1260.99 9.35 13.66 334.48 2324.24 8757.38 1.07 44.75 314.28 2388.39 8089.08 9.2805 0.03 368 2324 100.0 24.4 14.5902
45 155 42.0025 0.8412 100.0 445.0 550.1 1362.91 1136.35 3.91 5.72 137.75 2212.32 8351.15 1.02 42.33 130.52 2388.48 8108.67 9.419 0.02 332 2212 100.0 10.6 6.4205
45 156 0.0012 0.001 100.0 518.67 643.49 1598.74 1422.29 14.62 21.61 552.14 2388.22 9090.22 1.3 48.17 520.45 2388.11 8164.94 8.5004 0.03 396 2388 100.0 38.59 23.1096
45 157 20.0054 0.7 100.0 491.19 607.65 1489.38 1263.46 9.35 13.66 333.72 2324.27 8756.31 1.08 44.61 314.12 2388.43 8091.23 9.2533 0.03 367 2324 100.0 24.09 14.5046
45 158 9.9985 0.25 100.0 489.05 605.35 1505.02 1326.03 10.52 15.5 393.36 2319.06 8811.23 1.26 45.83 370.33 2388.26 8151.94 8.7489 0.03 371 2319 100.0 28.33 17.0911
45 159 35.0025 0.84 100.0 449.44 556.82 1371.66 1138.08 5.48 8.0 194.55 2223.44 8391.83 1.02 42.23 183.1 2388.61 8098.1 9.3763 0.02 337 2223 100.0 14.62 8.8487
45 160 42.0044 0.8405 100.0 445.0 550.18 1365.49 1134.93 3.91 5.72 138.57 2212.43 8364.98 1.03 42.61 130.12 2388.52 8113.26 9.4214 0.02 334 2212 100.0 10.51 6.4154
45 161 34.9996 0.84 100.0 449.44 556.75 1376.87 1145.8 5.48 8.0 194.43 2223.57 8387.56 1.02 42.29 183.01 2388.68 8098.63 9.3558 0.02 336 2223 100.0 14.8 8.7782
45 162 0.0016 0.0 100.0 518.67 642.95 1598.86 1426.17 14.62 21.61 552.4 2388.15 9101.09 1.3 48.01 520.19 2388.16 8171.44 8.4939 0.03 397 2388 100.0 38.48 23.1745
45 163 34.9985 0.8413 100.0 449.44 556.34 1373.1 1146.43 5.48 8.01 193.99 2223.63 8388.32 1.02 42.39 183.03 2388.75 8103.52 9.4034 0.02 337 2223 100.0 14.75 8.7718
45 164 42.0006 0.84 100.0 445.0 550.44 1358.82 1143.54 3.91 5.72 137.47 2212.57 8366.58 1.03 42.54 129.97 2388.6 8120.17 9.4363 0.02 333 2212 100.0 10.4 6.3314
45 165 25.007 0.62 60.0 462.54 537.17 1268.08 1059.2 7.05 9.03 175.5 1915.97 8051.87 0.94 37.24 164.86 2028.89 7902.95 10.9875 0.02 309 1915 84.93 14.31 8.5912
45 166 25.0064 0.6208 60.0 462.54 537.08 1267.8 1053.98 7.05 9.03 174.68 1915.99 8046.41 0.94 37.24 164.47 2028.9 7908.01 10.9927 0.02 310 1915 84.93 14.11 8.4561
45 167 10.0066 0.2513 100.0 489.05 605.76 1507.92 1320.82 10.52 15.5 393.51 2319.08 8822.87 1.26 46.22 370.48 2388.34 8168.16 8.7484 0.03 372 2319 100.0 28.46 16.9227
45 168 20.0035 0.7015 100.0 491.19 608.51 1497.92 1271.6 9.35 13.66 334.05 2324.34 8774.17 1.08 44.9 314.52 2388.56 8105.87 9.3162 0.03 367 2324 100.0 24.3 14.556
45 169 25.0072 0.62 60.0 462.54 537.32 1269.51 1052.63 7.05 9.03 174.75 1916.06 8053.7 0.94 37.1 164.18 2029.03 7913.31 10.9873 0.02 309 1915 84.93 14.12 8.5328
45 170 25.0041 0.6211 60.0 462.54 537.58 1265.81 1060.77 7.05 9.03 174.88 1916.11 8048.51 0.94 37.14 164.87 2029.06 7915.65 11.0055 0.02 309 1915 84.93 14.28 8.424
45 171 25.0002 0.6204 60.0 462.54 537.27 1269.4 1064.48 7.05 9.03 175.11 1916.13 8058.7 0.94 37.16 164.55 2029.09 7909.85 11.0049 0.02 309 1915 84.93 14.27 8.5574
45 172 42.0065 0.84 100.0 445.0 550.77 1361.07 1149.71 3.91 5.72 138.42 2212.73 8383.48 1.02 42.69 130.47 2388.8 8134.07 9.3911 0.02 334 2212 100.0 10.57 6.2513
45 173 10.005 0.25 100.0 489.05 605.57 1518.4 1328.99 10.52 15.5 393.49 2319.2 8838.0 1.26 46.04 370.73 2388.34 8183.72 8.7503 0.03 371 2319 100.0 28.12 16.906
45 174 0.0003 0.0 100.0 518.67 643.79 1604.76 1427.39 14.62 21.61 551.88 2388.21 9114.61 1.3 48.09 519.75 2388.2 8190.26 8.548 0.03 397 2388 100.0 38.53 23.0852
45 175 20.0005 0.7019 100.0 491.19 608.65 1495.1 1268.54 9.35 13.66 332.96 2324.51 8789.99 1.07 44.96 313.8 2388.73 8114.23 9.3137 0.03 368 2324 100.0 24.25 14.5614
45 176 0.0016 0.0 100.0 518.67 642.82 1602.55 1432.57 14.62 21.61 551.15 2388.17 9126.84 1.3 48.13 518.93 2388.21 8196.27 8.5316 0.03 396 2388 100.0 38.41 23.0741
45 177 42.0043 0.84 100.0 445.0 550.39 1372.78 1148.41 3.91 5.72 138.58 2212.92 8392.24 1.03 42.73 130.63 2389.0 8149.08 9.4525 0.02 334 2212 100.0 10.5 6.295
50 1 20.0056 0.7 100.0 491.19 606.98 1482.04 1241.33 9.35 13.65 335.35 2323.85 8716.67 1.08 44.02 315.61 2387.99 8057.77 9.199 0.02 365 2324 100.0 24.66 14.7896
50 2 35.0074 0.84 100.0 449.44 554.23 1359.7 1124.42 5.48 8.0 195.25 2222.89 8345.59 1.03 41.64 183.42 2388.01 8068.4 9.2543 0.02 332 2223 100.0 14.96 9.0234
50 3 35.0058 0.8408 100.0 449.44 554.98 1365.18 1122.45 5.48 8.0 194.65 2222.91 8348.78 1.02 41.5 183.49 2388.03 8064.11 9.2806 0.02 332 2223 100.0 14.87 8.9161
50 4 41.9995 0.8413 100.0 445.0 549.52 1339.92 1121.17 3.91 5.71 139.21 2211.93 8322.13 1.02 41.78 130.61 2388.05 8082.44 9.3539 0.02 330 2212 100.0 10.75 6.4001
50 5 10.0057 0.2503 100.0 489.05 604.72 1499.56 1296.4 10.52 15.49 395.18 2318.8 8781.12 1.26 45.2 372.1 2388.11 8129.65 8.6171 0.03 367 2319 100.0 28.6 17.1786
50 6 0.002 0.0 100.0 518.67 641.81 1575.86 1393.92 14.62 21.6 555.2 2388.02 9055.36 1.3 47.25 522.33 2387.98 8133.34 8.3925 0.03 391 2388 100.0 39.03 23.3521
50 7 35.0003 0.84 100.0 449.44 554.81 1354.62 1125.45 5.48 8.0 195.28 2222.86 8338.97 1.02 41.56 182.68 2387.98 8067.27 9.2961 0.02 333 2223 100.0 14.86 8.9848
50 8 42.0035 0.8413 100.0 445.0 549.12 1343.94 1115.5 3.91 5.71 138.65 2211.99 8312.58 1.02 41.62 130.38 2388.04 8086.34 9.3447 0.02 330 2212 100.0 10.75 6.2851
50 9 42.0059 0.8414 100.0 445.0 549.79 1346.37 1113.84 3.91 5.71 139.24 2211.91 8323.47 1.02 41.86 131.04 2387.95 8085.19 9.33 0.02 327 2212 100.0 10.62 6.4606
50 10 0.0014 0.0 100.0 518.67 642.07 1581.52 1397.94 14.62 21.6 554.14 2388.03 9052.38 1.3 47.12 522.66 2387.97 8133.46 8.3538 0.03 391 2388 100.0 39.13 23.5843
50 11 0.0006 0.0 100.0 518.67 641.86 1590.78 1391.71 14.62 21.6 554.03 2388.03 9051.77 1.3 47.03 521.83 2387.98 8132.58 8.4017 0.03 392 2388 100.0 39.2 23.5653
50 12 10.0003 0.25 100.0 489.05 604.25 1492.71 1299.17 10.52 15.49 394.77 2318.81 8774.13 1.26 45.0 371.54 2388.04 8127.7 8.6031 0.03 366 2319 100.0 28.7 17.3848
50 13 25.0076 0.6213 60.0 462.54 536.59 1257.2 1042.61 7.05 9.02 176.38 1915.32 7997.43 0.94 36.51 164.55 2028.23 7871.13 10.8301 0.02 305 1915 84.93 14.53 8.6424
50 14 20.0022 0.7016 100.0 491.19 606.92 1487.37 1245.8 9.35 13.65 335.88 2323.89 8715.85 1.08 44.13 315.04 2388.03 8060.38 9.1672 0.02 364 2324 100.0 24.7 14.7506
50 15 0.0008 0.0 100.0 518.67 642.05 1586.42 1391.25 14.62 21.6 554.94 2388.0 9054.3 1.3 47.11 523.06 2387.98 8141.89 8.3721 0.03 390 2388 100.0 38.98 23.5055
50 16 0.0022 0.0008 100.0 518.67 642.01 1583.83 1398.39 14.62 21.61 555.14 2388.04 9042.87 1.3 47.17 522.49 2388.03 8138.84 8.3498 0.03 391 2388 100.0 39.06 23.5427
50 17 20.0064 0.7 100.0 491.19 606.98 1476.77 1239.9 9.35 13.65 335.07 2323.93 8720.63 1.08 44.21 315.25 2387.97 8060.33 9.1811 0.02 364 2324 100.0 24.59 14.815
50 18 0.0008 0.0011 100.0 518.67 641.5 1585.38 1399.75 14.62 21.6 554.99 2388.05 9048.23 1.3 47.27 522.17 2388.03 8135.74 8.3845 0.03 392 2388 100.0 39.02 23.4902
50 19 9.9988 0.2518 100.0 489.05 604.27 1492.12 1294.83 10.52 15.49 395.33 2318.8 8778.37 1.26 45.2 372.4 2388.03 8128.87 8.5961 0.03 368 2319 100.0 28.73 17.218
50 20 0.0027 0.0 100.0 518.67 642.03 1583.22 1394.8 14.62 21.6 554.33 2387.99 9051.02 1.3 47.09 522.39 2388.03 8138.25 8.4582 0.03 392 2388 100.0 38.94 23.4219
50 21 0.0022 0.0008 100.0 518.67 641.78 1583.63 1393.7 14.62 21.6 554.54 2388.08 9056.69 1.3 47.23 522.7 2388.02 8141.01 8.4117 0.03 392 2388 100.0 39.08 23.4572
50 22 35.0063 0.8416 100.0 449.44 555.36 1359.24 1117.84 5.48 8.0 193.87 2222.91 8341.88 1.02 41.55 183.6 2388.0 8062.92 9.3049 0.02 331 2223 100.0 15.16 8.9761
50 23 42.0076 0.84 100.0 445.0 549.15 1346.48 1115.91 3.91 5.71 138.81 2211.95 8314.65 1.02 41.75 131.02 2388.05 8081.43 9.3269 0.02 330 2212 100.0 10.81 6.4335
50 24 10.002 0.25 100.0 489.05 604.49 1494.22 1301.23 10.52 15.49 394.38 2318.81 8777.91 1.26 45.14 371.95 2387.97 8122.68 8.6408 0.03 367 2319 100.0 28.79 17.1976
50 25 25.0033 0.62 60.0 462.54 536.83 1257.13 1041.67 7.05 9.02 175.96 1915.34 8012.75 0.94 36.51 164.72 2028.27 7875.38 10.8161 0.02 306 1915 84.93 14.35 8.643
50 26 0.0021 0.0019 100.0 518.67 641.69 1588.13 1396.04 14.62 21.6 554.88 2388.01 9047.79 1.3 46.98 522.45 2387.96 8138.53 8.3678 0.03 393 2388 100.0 38.89 23.4914
50 27 20.0012 0.7005 100.0 491.19 606.76 1469.96 1239.73 9.35 13.65 335.2 2323.89 8720.15 1.08 44.04 315.66 2387.97 8060.14 9.1874 0.02 364 2324 100.0 24.54 14.6158
50 28 10.0028 0.25 100.0 489.05 603.91 1490.33 1300.01 10.52 15.49 394.99 2318.74 8768.83 1.26 45.09 372.16 2387.97 8126.76 8.6205 0.03 367 2319 100.0 28.75 17.2585
50 29 0.0019 0.0017 100.0 518.67 641.69 1580.17 1397.54 14.62 21.61 555.67 2388.04 9050.31 1.3 47.09 523.36 2388.0 8138.59 8.3899 0.03 390 2388 100.0 39.02 23.5183
50 30 41.9989 0.8405 100.0 445.0 548.98 1348.32 1120.99 3.91 5.71 138.33 2211.96 8319.09 1.02 41.86 130.26 2388.01 8085.61 9.3053 0.02 330 2212 100.0 10.56 6.3395
50 31 42.0038 0.84 100.0 445.0 549.35 1354.32 1109.98 3.91 5.71 138.93 2211.93 8323.0 1.02 41.77 130.81 2387.99 8085.64 9.2988 0.02 329 2212 100.0 10.77 6.3976
50 32 35.0044 0.84 100.0 449.44 555.42 1360.16 1120.75 5.48 7.99 194.67 2222.86 8348.85 1.02 41.81 183.59 2388.0 8069.9 9.2726 0.02 332 2223 100.0 15.1 9.0313
50 33 35.0025 0.8405 100.0 449.44 555.4 1360.52 1121.23 5.48 8.0 195.11 2222.92 8344.38 1.02 41.47 183.43 2387.92 8072.23 9.2703 0.02 332 2223 100.0 14.88 8.9756
50 34 20.0017 0.7 100.0 491.19 606.9 1479.88 1241.86 9.35 13.65 335.57 2323.91 8725.07 1.08 44.23 315.71 2387.97 8061.59 9.1898 0.02 363 2324 100.0 24.73 14.7738
50 35 9.9984 0.25 100.0 489.05 604.61 1499.55 1295.32 10.52 15.49 395.74 2318.84 8781.63 1.26 45.15 372.3 2388.03 8130.41 8.6294 0.03 368 2319 100.0 28.51 17.1749
50 36 35.0 0.84 100.0 449.44 555.4 1350.9 1125.75 5.48 8.0 195.51 2222.92 8341.81 1.02 41.59 183.4 2387.99 8067.74 9.2762 0.02 334 2223 100.0 14.8 8.9713
50 37 41.9995 0.84 100.0 445.0 548.44 1345.89 1108.31 3.91 5.71 138.83 2211.89 8309.75 1.02 41.73 130.4 2388.02 8085.54 9.2846 0.02 329 2212 100.0 10.68 6.3115
50 38 42.0065 0.8413 100.0 445.0 549.5 1346.88 1119.73 3.91 5.71 138.53 2212.0 8312.78 1.02 41.83 131.05 2387.98 8086.35 9.3395 0.02 330 2212 100.0 10.52 6.3955
50 39 42.0079 0.8404 100.0 445.0 549.31 1343.24 1114.55 3.91 5.71 138.11 2211.97 8320.14 1.02 41.75 130.63 2387.99 8078.89 9.339 0.02 330 2212 100.0 10.62 6.3181
50 40 10.0024 0.25 100.0 489.05 604.3 1500.86 1292.61 10.52 15.49 395.13 2318.82 8776.64 1.26 44.97 371.57 2388.01 8126.78 8.5985 0.03 367 2319 100.0 28.73 17.2976
50 41 10.0059 0.25 100.0 489.05 603.71 1489.98 1301.22 10.52 15.48 395.01 2318.77 8777.26 1.26 44.97 372.37 2387.97 8129.76 8.5881 0.03 368 2319 100.0 28.82 17.2411
50 42 24.9982 0.62 60.0 462.54 536.83 1258.38 1034.3 7.05 9.02 175.16 1915.35 8012.38 0.94 36.52 164.8 2028.2 7870.29 10.8201 0.02 307 1915 84.93 14.4 8.619
50 43 0.0008 0.0 100.0 518.67 642.16 1581.76 1398.0 14.62 21.61 555.86 2388.01 9050.69 1.3 47.14 522.96 2387.99 8136.31 8.3486 0.03 391 2388 100.0 39.19 23.4505
50 44 35.0027 0.8415 100.0 449.44 555.49 1356.37 1116.55 5.48 8.0 194.8 2222.94 8345.73 1.02 41.85 183.56 2387.99 8070.16 9.2355 0.02 334 2223 100.0 15.15 8.9747
50 45 10.0026 0.2503 100.0 489.05 604.39 1492.26 1293.37 10.52 15.49 395.82 2318.81 8784.8 1.26 45.13 372.44 2388.02 8133.11 8.6042 0.03 369 2319 100.0 28.54 17.1929
50 46 25.0073 0.62 60.0 462.54 536.5 1256.59 1043.78 7.05 9.02 175.74 1915.34 8003.15 0.94 36.41 164.89 2028.22 7872.3 10.8108 0.02 305 1915 84.93 14.37 8.6967
50 47 35.0072 0.8402 100.0 449.44 554.69 1353.11 1118.64 5.48 8.0 195.07 2222.95 8347.69 1.02 41.6 183.36 2387.98 8066.23 9.2605 0.02 334 2223 100.0 14.92 9.0171
50 48 10.0019 0.2508 100.0 489.05 604.34 1490.91 1302.11 10.52 15.49 395.81 2318.79 8774.57 1.26 45.16 372.57 2388.03 8128.14 8.6286 0.03 370 2319 100.0 28.76 17.1844
50 49 41.9982 0.84 100.0 445.0 549.05 1349.91 1115.35 3.91 5.71 138.53 2211.94 8318.44 1.02 41.91 130.99 2388.04 8079.38 9.3189 0.02 332 2212 100.0 10.49 6.3432
50 50 42.0022 0.841 100.0 445.0 549.16 1347.9 1109.49 3.91 5.71 138.92 2211.89 8318.44 1.02 41.74 130.87 2388.03 8090.53 9.3132 0.02 329 2212 100.0 10.5 6.3959
50 51 42.003 0.8415 100.0 445.0 549.2 1349.69 1113.57 3.91 5.71 138.94 2211.93 8318.36 1.02 41.77 130.67 2388.04 8085.08 9.309 0.02 327 2212 100.0 10.6 6.3235
50 52 20.0042 0.7018 100.0 491.19 607.12 1481.35 1240.88 9.35 13.65 334.93 2323.86 8720.46 1.08 44.1 315.53 2387.98 8061.87 9.2101 0.02 364 2324 100.0 24.8 14.7564
50 53 25.0045 0.6204 60.0 462.54 536.45 1256.15 1031.37 7.05 9.02 175.42 1915.31 8007.63 0.94 36.55 165.33 2028.17 7871.33 10.8278 0.02 305 1915 84.93 14.11 8.6182
50 54 0.0023 0.0 100.0 518.67 642.34 1587.28 1397.46 14.62 21.6 554.84 2388.06 9060.35 1.3 47.19 523.4 2388.07 8130.74 8.3734 0.03 390 2388 100.0 39.31 23.3861
50 55 9.9987 0.2507 100.0 489.05 604.11 1495.19 1299.64 10.52 15.49 395.62 2318.82 8776.68 1.26 45.2 372.7 2388.01 8128.28 8.5707 0.03 366 2319 100.0 28.64 17.1797
50 56 42.0064 0.84 100.0 445.0 549.1 1344.51 1112.41 3.91 5.71 138.77 2211.97 8312.52 1.02 41.74 130.27 2388.02 8082.96 9.3367 0.02 330 2212 100.0 10.59 6.4687
50 57 42.0013 0.8416 100.0 445.0 548.61 1352.73 1125.39 3.91 5.71 139.0 2211.95 8315.06 1.02 41.69 131.23 2388.06 8081.9 9.3597 0.02 330 2212 100.0 10.44 6.4938
50 58 25.0039 0.6219 60.0 462.54 536.46 1256.5 1038.64 7.05 9.02 175.18 1915.29 8022.14 0.94 36.38 165.49 2028.27 7869.91 10.8169 0.02 305 1915 84.93 14.49 8.602
50 59 35.0048 0.8409 100.0 449.44 555.03 1363.63 1119.54 5.48 7.99 194.65 2222.93 8350.02 1.03 41.7 183.6 2388.05 8069.28 9.2623 0.02 332 2223 100.0 14.88 8.7965
50 60 35.0066 0.8401 100.0 449.44 555.64 1355.84 1123.1 5.48 7.99 195.61 2222.96 8339.13 1.02 41.41 183.84 2388.06 8068.17 9.2645 0.02 334 2223 100.0 14.93 8.9034
50 61 42.0026 0.84 100.0 445.0 549.91 1352.28 1128.7 3.91 5.71 139.22 2211.96 8319.73 1.03 41.72 131.13 2388.06 8090.1 9.3249 0.02 329 2212 100.0 10.61 6.4298
50 62 10.0002 0.25 100.0 489.05 604.26 1493.0 1287.04 10.52 15.49 395.82 2318.91 8778.79 1.26 45.16 372.99 2388.06 8135.18 8.5763 0.03 368 2319 100.0 28.79 17.1984
50 63 20.0046 0.7 100.0 491.19 606.92 1475.07 1245.49 9.35 13.65 335.3 2323.95 8721.43 1.08 44.22 315.72 2388.0 8063.17 9.174 0.02 362 2324 100.0 24.64 14.8229
50 64 42.0055 0.8413 100.0 445.0 548.85 1354.69 1117.04 3.91 5.71 138.78 2211.97 8324.36 1.02 41.76 130.89 2388.03 8084.55 9.3388 0.02 330 2212 100.0 10.71 6.4769
50 65 0.0012 0.0005 100.0 518.67 641.65 1583.78 1387.79 14.62 21.6 555.22 2388.02 9053.73 1.3 47.14 522.94 2387.98 8134.89 8.3907 0.03 391 2388 100.0 39.0 23.4084
50 66 0.0022 0.0 100.0 518.67 641.77 1581.64 1397.52 14.62 21.6 556.11 2388.03 9058.25 1.3 47.12 523.48 2388.04 8136.73 8.3863 0.03 390 2388 100.0 39.04 23.4325
50 67 0.0003 0.0012 100.0 518.67 642.57 1585.77 1400.28 14.62 21.6 555.04 2387.99 9055.04 1.3 47.15 523.18 2388.0 8132.07 8.3856 0.03 391 2388 100.0 39.0 23.4611
50 68 34.9987 0.84 100.0 449.44 555.56 1367.86 1123.18 5.48 8.0 195.12 2222.98 8346.96 1.03 41.62 183.26 2388.05 8069.97 9.258 0.02 335 2223 100.0 14.95 8.9882
50 69 25.0016 0.62 60.0 462.54 536.84 1250.82 1046.4 7.05 9.02 176.12 1915.35 8007.01 0.94 36.51 164.82 2028.25 7866.82 10.8513 0.02 307 1915 84.93 14.37 8.6231
50 70 20.0035 0.7 100.0 491.19 607.3 1483.32 1235.71 9.35 13.65 335.92 2323.94 8717.32 1.08 44.02 315.93 2388.01 8066.33 9.1456 0.02 363 2324 100.0 24.63 14.7286
50 71 20.0077 0.7 100.0 491.19 607.56 1473.33 1247.21 9.35 13.65 335.57 2323.93 8720.16 1.08 44.07 314.91 2388.05 8061.8 9.1968 0.02 364 2324 100.0 24.64 14.826
50 72 34.9986 0.84 100.0 449.44 555.14 1359.93 1122.9 5.48 7.99 194.36 2222.93 8343.62 1.02 41.78 182.99 2388.0 8073.06 9.229 0.02 333 2223 100.0 14.78 8.9757
50 73 42.0064 0.8412 100.0 445.0 549.2 1348.84 1109.88 3.91 5.71 138.78 2211.97 8319.3 1.02 41.7 130.64 2388.04 8083.04 9.3397 0.02 329 2212 100.0 10.89 6.4904
50 74 35.0 0.84 100.0 449.44 555.42 1359.31 1126.38 5.48 8.0 195.18 2222.99 8353.95 1.03 41.62 183.9 2388.03 8068.02 9.2581 0.02 332 2223 100.0 14.88 9.0875
50 75 0.0001 0.0 100.0 518.67 642.13 1582.31 1394.62 14.62 21.6 555.77 2388.05 9052.62 1.3 47.04 523.46 2388.01 8135.74 8.3995 0.03 392 2388 100.0 38.99 23.4711
50 76 24.9983 0.6216 60.0 462.54 536.44 1253.19 1040.0 7.05 9.02 175.81 1915.33 8011.17 0.94 36.56 164.87 2028.24 7875.58 10.8081 0.02 305 1915 84.93 14.33 8.5284
50 77 35.0006 0.84 100.0 449.44 555.08 1359.45 1123.43 5.48 8.0 194.91 2222.95 8347.68 1.03 41.64 184.12 2388.03 8076.12 9.2852 0.02 333 2223 100.0 14.79 9.0075
50 78 20.0071 0.7008 100.0 491.19 607.48 1474.13 1244.8 9.35 13.65 335.92 2323.92 8723.77 1.08 44.18 315.7 2388.06 8066.29 9.1576 0.02 363 2324 100.0 24.52 14.9236
50 79 25.0029 0.62 60.0 462.54 536.5 1260.19 1043.4 7.05 9.02 175.78 1915.35 8007.58 0.94 36.43 165.35 2028.25 7875.6 10.8638 0.02 306 1915 84.93 14.35 8.5423
50 80 19.9986 0.7 100.0 491.19 607.06 1475.69 1250.27 9.35 13.64 335.85 2323.93 8723.1 1.08 44.06 316.03 2388.02 8063.63 9.1302 0.02 364 2324 100.0 24.55 14.7153
50 81 0.0014 0.0017 100.0 518.67 642.33 1583.27 1392.87 14.62 21.6 555.04 2388.02 9062.0 1.3 47.18 523.22 2388.05 8138.9 8.3837 0.03 390 2388 100.0 39.19 23.4378
50 82 35.0019 0.84 100.0 449.44 555.45 1358.93 1131.83 5.48 8.0 194.79 2222.98 8350.22 1.03 41.75 184.2 2388.13 8069.21 9.2569 0.02 334 2223 100.0 14.91 8.9909
50 83 20.0002 0.7005 100.0 491.19 606.86 1474.93 1242.26 9.35 13.65 337.05 2323.94 8723.63 1.08 44.11 316.65 2388.1 8062.29 9.1369 0.02 363 2324 100.0 24.56 14.7715
50 84 41.9991 0.84 100.0 445.0 549.58 1352.33 1118.35 3.91 5.71 139.54 2212.01 8325.47 1.03 41.79 131.32 2388.05 8085.15 9.3205 0.02 328 2212 100.0 10.45 6.4881
50 85 0.0009 0.0 100.0 518.67 642.47 1591.79 1400.09 14.62 21.6 556.63 2388.0 9059.61 1.3 47.19 524.11 2388.05 8144.34 8.3896 0.03 390 2388 100.0 39.32 23.5395
50 86 0.0015 0.0 100.0 518.67 641.93 1587.09 1401.46 14.62 21.6 555.69 2387.99 9053.98 1.3 47.07 523.49 2388.04 8139.24 8.3586 0.03 391 2388 100.0 39.23 23.3952
50 87 35.0007 0.84 100.0 449.44 555.73 1362.33 1119.68 5.48 7.99 194.7 2222.92 8346.85 1.03 41.73 183.1 2388.08 8072.39 9.2748 0.02 332 2223 100.0 14.89 8.9614
50 88 20.0062 0.7 100.0 491.19 607.15 1477.46 1241.55 9.35 13.65 336.76 2323.98 8725.28 1.08 44.25 316.53 2388.08 8061.84 9.1809 0.02 364 2324 100.0 24.5 14.7769
50 89 25.0002 0.62 60.0 462.54 536.29 1256.13 1041.02 7.05 9.02 175.99 1915.4 8004.8 0.94 36.39 165.11 2028.29 7874.03 10.8494 0.02 306 1915 84.93 14.32 8.5908
50 90 25.0063 0.62 60.0 462.54 536.13 1259.55 1032.58 7.05 9.02 175.86 1915.35 8012.66 0.94 36.44 164.76 2028.23 7868.75 10.8194 0.02 306 1915 84.93 14.45 8.5402
50 91 0.0007 0.0 100.0 518.67 642.34 1582.43 1388.55 14.62 21.6 555.59 2387.96 9055.46 1.3 47.16 523.52 2388.02 8145.04 8.3666 0.03 392 2388 100.0 38.98 23.3057
50 92 0.0009 0.0005 100.0 518.67 641.89 1582.93 1403.95 14.62 21.6 555.71 2388.04 9055.76 1.3 47.13 523.94 2388.02 8139.09 8.3505 0.03 391 2388 100.0 39.06 23.546
50 93 42.0003 0.84 100.0 445.0 549.33 1345.68 1121.58 3.91 5.71 139.76 2211.97 8329.93 1.03 41.84 131.24 2388.06 8089.65 9.2829 0.02 330 2212 100.0 10.65 6.4003
50 94 42.0004 0.8408 100.0 445.0 548.58 1346.63 1121.24 3.91 5.71 139.34 2211.98 8320.34 1.02 41.7 131.49 2388.13 8085.93 9.2791 0.02 330 2212 100.0 10.77 6.4115
50 95 25.002 0.62 60.0 462.54 536.84 1259.17 1036.43 7.05 9.02 175.62 1915.35 8013.88 0.94 36.49 164.67 2028.25 7877.67 10.7943 0.02 305 1915 84.93 14.45 8.6465
50 96 35.0079 0.8405 100.0 449.44 555.74 1362.5 1126.85 5.48 8.0 195.84 2223.03 8356.28 1.03 41.85 184.1 2388.05 8071.78 9.2383 0.02 332 2223 100.0 14.98 8.8787
50 97 42.0046 0.84 100.0 445.0 549.35 1347.49 1119.83 3.91 5.71 139.27 2211.96 8328.0 1.03 41.73 131.17 2388.09 8088.55 9.2754 0.02 329 2212 100.0 10.8 6.3567
50 98 42.0054 0.84 100.0 445.0 548.53 1351.35 1115.72 3.91 5.71 140.05 2211.99 8329.4 1.03 41.94 130.81 2388.09 8085.92 9.2798 0.02 329 2212 100.0 10.58 6.4523
50 99 25.0061 0.621 60.0 462.54 536.98 1261.07 1045.76 7.05 9.02 175.95 1915.41 8008.99 0.94 36.52 164.86 2028.27 7875.2 10.8257 0.02 306 1915 84.93 14.48 8.5843
50 100 35.0078 0.84 100.0 449.44 555.46 1363.78 1126.65 5.48 8.0 196.32 2223.04 8359.96 1.03 41.72 183.94 2388.1 8073.25 9.231 0.02 333 2223 100.0 14.99 8.9388
50 101 10.0001 0.25 100.0 489.05 604.75 1501.0 1303.07 10.52 15.49 396.96 2318.9 8790.05 1.26 45.18 374.13 2388.13 8138.84 8.6118 0.03 368 2319 100.0 28.96 17.2148
50 102 35.0066 0.84 100.0 449.44 555.34 1363.85 1123.05 5.48 8.0 195.43 2223.02 8353.4 1.03 41.38 184.46 2388.14 8075.06 9.2046 0.02 334 2223 100.0 14.94 8.8968
50 103 42.0039 0.84 100.0 445.0 549.58 1351.71 1119.03 3.91 5.71 139.24 2211.95 8328.06 1.03 41.97 131.09 2388.11 8091.62 9.2819 0.02 329 2212 100.0 10.75 6.3977
50 104 20.0025 0.7 100.0 491.19 606.22 1479.64 1247.53 9.35 13.65 335.97 2323.95 8729.2 1.08 44.2 316.46 2388.11 8069.5 9.123 0.02 364 2324 100.0 24.72 14.7124
50 105 19.9993 0.7008 100.0 491.19 607.54 1478.63 1240.22 9.35 13.65 336.67 2323.97 8720.43 1.08 44.21 316.68 2388.12 8063.78 9.118 0.02 365 2324 100.0 24.52 14.8658
50 106 42.0013 0.84 100.0 445.0 549.2 1344.97 1121.51 3.91 5.71 139.79 2211.98 8322.24 1.03 41.69 131.37 2388.06 8091.71 9.2826 0.02 331 2212 100.0 10.61 6.4213
50 107 35.0056 0.84 100.0 449.44 555.13 1361.78 1124.01 5.48 7.99 195.63 2222.99 8357.93 1.03 41.9 184.4 2388.17 8071.25 9.2484 0.02 334 2223 100.0 14.9 8.9733
50 108 42.0013 0.84 100.0 445.0 549.48 1347.05 1118.14 3.91 5.71 139.02 2212.04 8325.04 1.03 41.94 131.09 2388.06 8093.41 9.2862 0.02 330 2212 100.0 10.75 6.3433
50 109 42.0009 0.84 100.0 445.0 549.15 1356.47 1124.23 3.91 5.71 139.12 2212.01 8320.71 1.03 41.93 130.48 2388.1 8094.62 9.2881 0.02 329 2212 100.0 10.64 6.4607
50 110 10.0001 0.2513 100.0 489.05 604.47 1493.31 1300.42 10.52 15.48 396.62 2318.98 8784.78 1.26 45.24 373.96 2388.1 8142.35 8.5734 0.03 369 2319 100.0 28.83 17.3039
50 111 35.0064 0.84 100.0 449.44 555.54 1363.65 1128.5 5.48 8.0 195.03 2223.09 8357.6 1.03 41.74 183.97 2388.14 8074.37 9.2551 0.02 333 2223 100.0 14.93 9.0571
50 112 42.0049 0.84 100.0 445.0 549.59 1346.15 1116.12 3.91 5.71 139.65 2212.01 8327.25 1.03 42.0 132.27 2388.07 8091.44 9.2735 0.02 330 2212 100.0 10.57 6.4234
50 113 41.999 0.8403 100.0 445.0 549.14 1348.3 1124.47 3.91 5.71 139.32 2212.01 8326.42 1.03 41.99 131.29 2388.14 8088.5 9.2633 0.02 330 2212 100.0 10.56 6.4227
50 114 25.006 0.62 60.0 462.54 536.57 1256.84 1047.52 7.05 9.02 176.9 1915.41 8016.16 0.94 36.55 165.53 2028.33 7876.44 10.8198 0.02 306 1915 84.93 14.25 8.6828
50 115 35.004 0.8405 100.0 449.44 555.68 1363.42 1128.22 5.48 8.0 195.57 2223.09 8360.59 1.03 41.6 184.42 2388.17 8077.95 9.2468 0.02 335 2223 100.0 14.79 9.0689
50 116 41.9994 0.8409 100.0 445.0 548.71 1348.21 1122.46 3.91 5.71 139.73 2212.05 8322.97 1.03 41.95 131.47 2388.09 8092.86 9.2915 0.02 330 2212 100.0 10.67 6.3767
50 117 20.0046 0.7 100.0 491.19 606.82 1480.45 1247.73 9.35 13.64 336.01 2324.01 8735.04 1.08 44.27 316.83 2388.16 8070.15 9.168 0.02 365 2324 100.0 24.51 14.7854
50 118 42.0065 0.84 100.0 445.0 549.03 1347.57 1116.1 3.91 5.71 139.16 2212.06 8333.06 1.03 41.83 131.4 2388.17 8093.13 9.2596 0.02 330 2212 100.0 10.7 6.3675
50 119 20.0022 0.7012 100.0 491.19 606.81 1478.77 1241.62 9.35 13.64 336.84 2324.01 8731.64 1.08 44.11 316.8 2388.15 8068.67 9.1227 0.02 366 2324 100.0 24.79 14.8667
50 120 42.0008 0.8416 100.0 445.0 548.84 1344.79 1118.24 3.91 5.71 140.33 2212.04 8326.0 1.03 42.01 132.03 2388.17 8091.3 9.3036 0.02 330 2212 100.0 10.85 6.4545
50 121 20.0051 0.7 100.0 491.19 607.05 1479.34 1241.64 9.35 13.64 336.48 2324.08 8729.48 1.08 44.34 317.58 2388.2 8070.4 9.1644 0.02 364 2324 100.0 24.59 14.7823
50 122 42.0007 0.84 100.0 445.0 549.94 1351.4 1120.27 3.91 5.71 139.95 2212.1 8335.05 1.03 42.06 131.52 2388.13 8097.83 9.2774 0.02 330 2212 100.0 10.59 6.4203
50 123 25.001 0.6218 60.0 462.54 536.96 1257.45 1035.86 7.05 9.02 177.04 1915.42 8016.96 0.94 36.74 165.48 2028.34 7881.15 10.7666 0.02 308 1915 84.93 14.43 8.7648
50 124 20.0077 0.7015 100.0 491.19 607.32 1478.84 1256.28 9.35 13.65 338.0 2324.18 8735.59 1.08 44.42 317.9 2388.29 8074.05 9.126 0.02 365 2324 100.0 24.69 14.8082
50 125 35.0064 0.84 100.0 449.44 555.07 1361.31 1127.58 5.48 7.99 196.0 2223.08 8364.07 1.03 41.85 184.85 2388.22 8075.61 9.1955 0.02 333 2223 100.0 15.01 9.0259
50 126 35.0059 0.8407 100.0 449.44 555.11 1365.51 1128.66 5.48 7.99 195.88 2223.07 8356.71 1.03 41.65 184.28 2388.15 8079.14 9.2268 0.02 333 2223 100.0 14.97 8.9646
50 127 42.0035 0.84 100.0 445.0 549.21 1343.04 1120.91 3.91 5.71 139.71 2212.09 8339.78 1.03 41.95 132.54 2388.16 8096.53 9.2499 0.02 331 2212 100.0 10.71 6.3581
50 128 42.0017 0.8416 100.0 445.0 549.38 1350.73 1121.56 3.91 5.71 140.39 2212.05 8329.36 1.03 41.93 131.8 2388.17 8095.75 9.2619 0.02 329 2212 100.0 10.66 6.4292
50 129 25.0019 0.6212 60.0 462.54 536.6 1263.83 1043.84 7.05 9.02 177.12 1915.46 8011.03 0.94 36.58 166.31 2028.32 7885.71 10.7663 0.02 306 1915 84.93 14.29 8.6275
50 130 42.0003 0.8407 100.0 445.0 549.15 1358.3 1128.33 3.91 5.71 139.74 2212.15 8333.32 1.03 42.11 131.94 2388.18 8103.35 9.2115 0.02 330 2212 100.0 10.68 6.4631
50 131 20.0018 0.7 100.0 491.19 607.0 1480.43 1242.39 9.35 13.65 338.06 2324.16 8735.95 1.08 44.35 318.14 2388.25 8070.96 9.1191 0.02 365 2324 100.0 24.7 14.8162
50 132 10.0051 0.25 100.0 489.05 604.72 1497.8 1299.39 10.52 15.48 398.49 2319.02 8789.84 1.26 45.46 375.09 2388.29 8145.44 8.5587 0.03 368 2319 100.0 28.9 17.3838
50 133 20.0052 0.7008 100.0 491.19 607.16 1487.62 1243.7 9.35 13.65 338.41 2324.17 8737.07 1.08 44.44 318.28 2388.29 8079.42 9.1044 0.02 365 2324 100.0 24.56 14.871
50 134 42.0036 0.84 100.0 445.0 549.11 1357.21 1125.83 3.91 5.71 140.18 2212.08 8337.1 1.03 42.02 131.96 2388.22 8105.44 9.2457 0.02 331 2212 100.0 10.74 6.4531
50 135 35.0026 0.84 100.0 449.44 555.45 1366.79 1123.96 5.48 8.0 197.01 2223.2 8370.86 1.03 41.81 185.01 2388.33 8082.24 9.2272 0.02 335 2223 100.0 14.97 9.0385
50 136 41.9989 0.8405 100.0 445.0 549.08 1352.38 1125.52 3.91 5.71 140.75 2212.12 8346.1 1.03 42.04 131.87 2388.19 8107.1 9.2361 0.02 333 2212 100.0 10.57 6.3991
50 137 10.0016 0.25 100.0 489.05 604.59 1499.23 1310.72 10.52 15.49 399.51 2319.08 8798.73 1.26 45.47 375.6 2388.3 8144.54 8.5386 0.03 370 2319 100.0 28.98 17.3541
50 138 24.9995 0.6215 60.0 462.54 536.81 1254.86 1048.54 7.05 9.02 176.98 1915.55 8024.68 0.94 36.75 166.89 2028.46 7889.27 10.7622 0.02 306 1915 84.93 14.4 8.6353
50 139 20.0026 0.7 100.0 491.19 607.5 1490.27 1257.01 9.35 13.65 339.0 2324.18 8745.14 1.08 44.51 318.86 2388.32 8076.55 9.0944 0.02 366 2324 100.0 24.67 14.9144
50 140 20.0068 0.7012 100.0 491.19 607.34 1483.09 1253.67 9.35 13.65 339.56 2324.25 8743.83 1.08 44.54 318.68 2388.4 8080.38 9.0563 0.02 366 2324 100.0 24.8 14.9573
50 141 42.0026 0.8404 100.0 445.0 549.33 1345.01 1132.03 3.91 5.71 140.13 2212.13 8343.24 1.03 42.21 132.05 2388.22 8110.1 9.235 0.02 332 2212 100.0 10.79 6.4058
50 142 42.0055 0.8416 100.0 445.0 549.7 1358.79 1122.57 3.91 5.71 140.46 2212.08 8347.96 1.03 42.2 132.97 2388.26 8106.39 9.2138 0.02 332 2212 100.0 10.82 6.4292
50 143 20.0073 0.7 100.0 491.19 607.32 1479.01 1255.98 9.35 13.65 339.06 2324.28 8755.57 1.09 44.45 319.72 2388.49 8085.4 9.0972 0.02 366 2324 100.0 24.69 14.9235
50 144 0.0006 0.0014 100.0 518.67 642.38 1597.46 1411.65 14.62 21.6 561.57 2388.25 9091.45 1.31 47.62 528.71 2388.24 8157.74 8.3256 0.03 394 2388 100.0 39.33 23.6222
50 145 0.0015 0.0012 100.0 518.67 642.64 1598.92 1401.81 14.62 21.61 561.78 2388.2 9078.44 1.31 47.71 529.05 2388.24 8159.13 8.3028 0.03 394 2388 100.0 39.37 23.6286
50 146 41.9993 0.8403 100.0 445.0 549.63 1355.95 1130.49 3.91 5.71 141.09 2212.18 8344.95 1.04 42.07 132.54 2388.31 8118.27 9.1975 0.02 332 2212 100.0 10.72 6.3074
50 147 10.0047 0.25 100.0 489.05 604.56 1501.07 1310.72 10.52 15.49 400.85 2319.23 8806.8 1.27 45.57 377.07 2388.42 8162.35 8.5409 0.03 371 2319 100.0 28.93 17.3492
50 148 25.0049 0.62 60.0 462.54 536.92 1262.02 1055.79 7.05 9.02 177.94 1915.64 8028.84 0.94 36.82 166.53 2028.55 7890.89 10.7118 0.02 308 1915 84.93 14.51 8.7121
50 149 25.0062 0.62 60.0 462.54 536.64 1265.95 1047.55 7.05 9.02 178.18 1915.63 8027.98 0.94 36.84 167.03 2028.58 7888.35 10.7497 0.02 310 1915 84.93 14.5 8.6282
50 150 20.0068 0.7018 100.0 491.19 607.93 1491.0 1253.69 9.35 13.65 341.05 2324.38 8754.26 1.09 44.54 321.21 2388.51 8087.48 9.0687 0.02 367 2324 100.0 24.8 14.9264
50 151 19.9989 0.701 100.0 491.19 607.47 1495.11 1254.82 9.35 13.65 340.75 2324.44 8758.92 1.09 44.53 320.39 2388.56 8091.09 9.0496 0.02 366 2324 100.0 24.94 14.9449
50 152 42.0065 0.84 100.0 445.0 549.87 1362.37 1135.75 3.91 5.71 141.31 2212.22 8353.1 1.04 42.42 133.37 2388.34 8118.0 9.1719 0.02 332 2212 100.0 10.72 6.5624
50 153 10.0018 0.25 100.0 489.05 605.04 1507.84 1312.81 10.52 15.49 400.73 2319.23 8810.15 1.27 45.41 377.66 2388.46 8159.3 8.5258 0.03 369 2319 100.0 29.17 17.2917
50 154 0.0028 0.0001 100.0 518.67 642.67 1589.01 1412.37 14.62 21.61 563.37 2388.29 9096.99 1.31 47.53 530.98 2388.37 8174.35 8.2648 0.03 394 2388 100.0 39.24 23.7087
50 155 42.0073 0.84 100.0 445.0 549.62 1359.49 1132.34 3.91 5.71 141.9 2212.27 8358.01 1.04 42.43 133.57 2388.41 8122.78 9.1816 0.02 332 2212 100.0 10.82 6.5563
50 156 0.0009 0.0 100.0 518.67 642.7 1596.32 1426.89 14.62 21.61 564.03 2388.29 9095.59 1.31 47.83 531.42 2388.37 8173.63 8.2657 0.03 395 2388 100.0 39.69 23.6784
50 157 42.0036 0.8407 100.0 445.0 549.68 1361.32 1136.64 3.91 5.71 141.37 2212.29 8360.91 1.04 42.24 133.23 2388.4 8119.9 9.1757 0.02 334 2212 100.0 10.76 6.4268
50 158 20.0071 0.7012 100.0 491.19 607.63 1500.41 1255.09 9.35 13.65 341.43 2324.53 8761.78 1.09 44.78 322.42 2388.67 8098.63 9.0301 0.03 367 2324 100.0 25.1 14.9863
50 159 9.9986 0.2509 100.0 489.05 604.92 1508.4 1316.68 10.52 15.49 401.87 2319.42 8813.81 1.27 45.76 378.63 2388.64 8170.55 8.5264 0.03 372 2319 100.0 29.05 17.366
50 160 25.0 0.62 60.0 462.54 536.81 1262.6 1057.2 7.05 9.02 178.05 1915.7 8037.08 0.94 36.88 167.62 2028.63 7902.43 10.6994 0.02 306 1915 84.93 14.53 8.6725
50 161 25.0031 0.62 60.0 462.54 537.39 1268.82 1055.33 7.05 9.02 178.85 1915.73 8039.8 0.94 36.98 167.31 2028.64 7893.89 10.6796 0.02 308 1915 84.93 14.49 8.7413
50 162 42.0006 0.84 100.0 445.0 550.25 1365.61 1133.46 3.91 5.71 142.07 2212.33 8374.02 1.04 42.45 133.93 2388.44 8129.63 9.1657 0.02 333 2212 100.0 10.76 6.4771
50 163 10.0016 0.2506 100.0 489.05 605.36 1510.61 1318.88 10.52 15.49 403.17 2319.54 8824.0 1.27 45.8 380.56 2388.72 8165.78 8.4748 0.03 373 2319 100.0 29.17 17.4072
50 164 0.0009 0.0011 100.0 518.67 643.56 1605.24 1419.62 14.62 21.61 567.2 2388.46 9108.09 1.31 47.89 534.45 2388.48 8183.36 8.2544 0.03 395 2388 100.0 39.76 23.7164
50 165 35.0009 0.84 100.0 449.44 555.94 1374.42 1147.43 5.48 8.0 200.11 2223.62 8409.27 1.05 42.46 188.43 2388.79 8117.89 9.038 0.02 336 2223 100.0 15.15 9.0732
50 166 35.0072 0.8402 100.0 449.44 556.23 1373.82 1144.77 5.48 8.0 201.43 2223.7 8408.43 1.05 42.42 188.61 2388.82 8118.69 9.1205 0.02 337 2223 100.0 15.22 9.2263
50 167 42.0064 0.84 100.0 445.0 549.73 1361.95 1144.18 3.91 5.71 143.1 2212.35 8383.34 1.05 42.47 134.82 2388.47 8137.98 9.1009 0.02 333 2212 100.0 10.86 6.471
50 168 35.0014 0.84 100.0 449.44 555.96 1376.53 1139.2 5.48 8.0 200.58 2223.7 8410.88 1.05 42.52 189.02 2388.84 8119.58 9.072 0.02 337 2223 100.0 15.32 9.0288
50 169 19.9991 0.7 100.0 491.19 607.97 1496.19 1265.42 9.35 13.65 343.31 2324.75 8786.43 1.1 44.75 323.67 2388.93 8115.3 9.0035 0.03 369 2324 100.0 24.84 15.0505
50 170 20.0008 0.7 100.0 491.19 608.12 1493.34 1273.26 9.35 13.66 344.84 2324.93 8790.7 1.1 44.93 324.7 2389.1 8116.49 8.9811 0.03 368 2324 100.0 24.95 15.1075
50 171 19.9988 0.7016 100.0 491.19 607.86 1493.6 1264.91 9.35 13.65 345.01 2324.96 8782.27 1.1 45.1 325.34 2389.08 8121.91 8.9693 0.03 368 2324 100.0 25.05 14.9718
50 172 42.0032 0.84 100.0 445.0 549.77 1367.88 1138.83 3.91 5.71 143.97 2212.42 8393.32 1.06 42.79 134.93 2388.55 8155.56 9.0496 0.02 336 2212 100.0 10.83 6.4733
