13 1 -0.001 -0.0002 100.0 518.67 641.94 1594.32 1405.5 14.62 21.61 554.14 2388.07 9051.55 1.3 47.46 520.87 2388.11 8131.99 8.4393 0.03 392 2388 100.0 38.76 23.3793
13 2 0.0039 -0.0 100.0 518.67 642.61 1592.31 1406.78 14.62 21.61 553.08 2388.11 9053.39 1.3 47.5 521.45 2388.08 8135.24 8.4325 0.03 393 2388 100.0 38.97 23.2731
13 3 -0.0034 -0.0001 100.0 518.67 642.23 1589.66 1410.36 14.62 21.61 553.29 2388.1 9061.71 1.3 47.43 521.66 2388.1 8137.34 8.4642 0.03 393 2388 100.0 38.67 23.2775
13 4 -0.0013 0.0002 100.0 518.67 642.67 1593.12 1408.66 14.62 21.61 553.71 2388.12 9047.99 1.3 47.65 521.44 2388.16 8133.29 8.4115 0.03 391 2388 100.0 38.8 23.3566
13 5 -0.0018 0.0004 100.0 518.67 642.77 1589.93 1408.31 14.62 21.61 553.21 2388.08 9057.89 1.3 47.56 521.32 2388.14 8133.3 8.3731 0.03 393 2388 100.0 39.08 23.4748
13 6 0.001 -0.0002 100.0 518.67 642.83 1589.25 1406.72 14.62 21.61 553.29 2388.15 9053.61 1.3 47.58 521.7 2388.1 8134.54 8.4222 0.03 392 2388 100.0 38.88 23.2899
13 7 -0.0011 0.0003 100.0 518.67 642.69 1591.14 1402.15 14.62 21.61 553.16 2388.09 9057.27 1.3 47.42 521.31 2388.06 8140.95 8.43 0.03 392 2388 100.0 38.92 23.285
13 8 -0.0031 0.0005 100.0 518.67 642.41 1590.39 1399.39 14.62 21.61 552.75 2388.12 9053.8 1.3 47.58 521.46 2388.12 8132.12 8.4281 0.03 393 2388 100.0 38.94 23.4308
13 9 0.0028 0.0004 100.0 518.67 642.76 1589.31 1416.61 14.62 21.61 553.56 2388.1 9053.53 1.3 47.54 521.28 2388.1 8136.5 8.4141 0.03 393 2388 100.0 38.61 23.2479
13 10 -0.0027 -0.0004 100.0 518.67 642.31 1594.02 1410.1 14.62 21.61 552.65 2388.08 9055.86 1.3 47.45 521.86 2388.14 8131.43 8.4321 0.03 391 2388 100.0 38.75 23.272
13 11 -0.0014 0.0003 100.0 518.67 642.81 1590.74 1403.72 14.62 21.61 553.43 2388.08 9057.06 1.3 47.57 522.2 2388.1 8132.71 8.4001 0.03 394 2388 100.0 38.86 23.3338
13 12 -0.0027 -0.0001 100.0 518.67 641.91 1585.92 1407.15 14.62 21.61 553.28 2388.07 9057.66 1.3 47.55 521.58 2388.09 8140.59 8.4438 0.03 394 2388 100.0 38.77 23.3329
13 13 -0.001 -0.0 100.0 518.67 643.25 1599.99 1409.62 14.62 21.61 553.27 2388.13 9055.24 1.3 47.43 521.66 2388.1 8135.84 8.4336 0.03 394 2388 100.0 38.83 23.2979
13 14 -0.0002 0.0004 100.0 518.67 642.22 1591.18 1409.34 14.62 21.61 553.57 2388.08 9059.89 1.3 47.5 520.85 2388.07 8139.03 8.4295 0.03 392 2388 100.0 38.9 23.2906
13 15 0.0004 -0.0003 100.0 518.67 642.79 1594.09 1406.2 14.62 21.61 552.9 2388.12 9055.37 1.3 47.68 522.15 2388.06 8131.19 8.3932 0.03 391 2388 100.0 38.91 23.3631
13 16 0.0028 -0.0004 100.0 518.67 642.59 1595.91 1409.0 14.62 21.61 553.08 2388.07 9052.1 1.3 47.42 521.74 2388.05 8136.84 8.4156 0.03 394 2388 100.0 38.97 23.3014
13 17 0.0029 -0.0001 100.0 518.67 643.01 1593.27 1404.03 14.62 21.61 553.22 2388.09 9050.42 1.3 47.37 521.73 2388.1 8135.74 8.4232 0.03 393 2388 100.0 38.86 23.3667
13 18 -0.0016 0.0005 100.0 518.67 642.08 1589.14 1405.87 14.62 21.61 553.54 2388.1 9054.2 1.3 47.4 521.54 2388.14 8129.93 8.4075 0.03 392 2388 100.0 38.77 23.3347
13 19 -0.0024 -0.0002 100.0 518.67 642.47 1584.56 1408.11 14.62 21.61 553.13 2388.09 9061.64 1.3 47.48 521.39 2388.06 8131.57 8.4485 0.03 394 2388 100.0 38.82 23.3526
13 20 -0.0007 0.0001 100.0 518.67 642.77 1595.46 1407.4 14.62 21.61 553.28 2388.06 9054.38 1.3 47.51 522.05 2388.11 8133.96 8.4264 0.03 392 2388 100.0 38.57 23.2427
13 21 0.0007 0.0003 100.0 518.67 642.25 1581.62 1407.08 14.62 21.61 553.16 2388.06 9054.83 1.3 47.62 521.26 2388.08 8131.2 8.4389 0.03 393 2388 100.0 38.83 23.4299
13 22 -0.0015 0.0001 100.0 518.67 643.02 1586.2 1407.41 14.62 21.61 553.48 2388.1 9056.62 1.3 47.46 521.56 2388.08 8138.31 8.428 0.03 392 2388 100.0 38.84 23.2634
13 23 -0.0014 -0.0004 100.0 518.67 642.6 1586.29 1405.63 14.62 21.61 553.12 2388.12 9056.01 1.3 47.57 522.07 2388.14 8131.79 8.4311 0.03 392 2388 100.0 38.98 23.3116
13 24 -0.0002 0.0005 100.0 518.67 642.95 1587.31 1406.29 14.62 21.61 553.75 2388.14 9051.44 1.3 47.64 521.89 2388.05 8134.74 8.4215 0.03 393 2388 100.0 38.85 23.2426
13 25 0.0025 0.0003 100.0 518.67 642.1 1594.3 1407.62 14.62 21.61 553.55 2388.1 9062.26 1.3 47.51 522.5 2388.14 8131.96 8.4366 0.03 393 2388 100.0 38.86 23.3473
13 26 -0.001 0.0003 100.0 518.67 642.19 1586.42 1402.94 14.62 21.61 553.7 2388.1 9063.15 1.3 47.58 521.49 2388.11 8133.23 8.4346 0.03 391 2388 100.0 38.83 23.3003
13 27 0.0006 -0.0001 100.0 518.67 643.01 1590.15 1407.03 14.62 21.61 553.15 2388.07 9056.15 1.3 47.47 521.32 2388.08 8140.32 8.4475 0.03 393 2388 100.0 38.71 23.4061
13 28 0.0012 -0.0003 100.0 518.67 642.56 1590.55 1406.48 14.62 21.61 553.34 2388.07 9059.63 1.3 47.6 521.73 2388.07 8139.62 8.4191 0.03 393 2388 100.0 38.84 23.2284
13 29 -0.0003 0.0002 100.0 518.67 642.89 1588.97 1408.82 14.62 21.61 553.25 2388.09 9047.99 1.3 47.48 521.67 2388.08 8135.18 8.4534 0.03 394 2388 100.0 38.85 23.2946
13 30 -0.0032 0.0001 100.0 518.67 642.7 1588.36 1409.6 14.62 21.61 554.31 2388.16 9057.73 1.3 47.36 521.31 2388.11 8138.11 8.4743 0.03 393 2388 100.0 38.87 23.3169
13 31 -0.0015 0.0002 100.0 518.67 642.3 1590.98 1404.89 14.62 21.61 553.89 2388.05 9058.44 1.3 47.44 521.85 2388.11 8137.52 8.4644 0.03 393 2388 100.0 38.82 23.2797
13 32 -0.001 0.0002 100.0 518.67 642.75 1589.12 1405.37 14.62 21.61 553.72 2388.09 9053.01 1.3 47.44 521.54 2388.08 8136.49 8.4316 0.03 393 2388 100.0 38.93 23.2791
13 33 -0.0 0.0002 100.0 518.67 642.48 1588.69 1406.37 14.62 21.61 552.64 2388.1 9057.65 1.3 47.49 521.57 2388.11 8139.33 8.4294 0.03 394 2388 100.0 38.82 23.349
13 34 -0.0007 0.0003 100.0 518.67 642.35 1590.06 1409.85 14.62 21.61 553.9 2388.09 9061.24 1.3 47.5 521.78 2388.1 8132.94 8.4597 0.03 393 2388 100.0 38.92 23.3717
13 35 -0.0013 -0.0004 100.0 518.67 642.61 1589.91 1401.64 14.62 21.61 553.08 2388.09 9051.13 1.3 47.38 521.19 2388.08 8135.18 8.4422 0.03 393 2388 100.0 38.84 23.3348
13 36 -0.0034 -0.0 100.0 518.67 642.58 1586.23 1403.92 14.62 21.61 553.5 2388.1 9047.89 1.3 47.58 521.44 2388.15 8131.74 8.4509 0.03 393 2388 100.0 38.92 23.383
13 37 -0.0041 0.0002 100.0 518.67 642.68 1582.58 1412.44 14.62 21.61 553.58 2388.06 9050.5 1.3 47.48 521.86 2388.07 8132.14 8.4326 0.03 392 2388 100.0 38.74 23.1862
13 38 0.0001 0.0004 100.0 518.67 642.69 1593.33 1406.92 14.62 21.61 553.62 2388.13 9049.92 1.3 47.7 521.55 2388.09 8135.67 8.4576 0.03 393 2388 100.0 39.07 23.2141
13 39 -0.0005 -0.0003 100.0 518.67 642.63 1581.24 1403.8 14.62 21.61 553.23 2388.03 9053.6 1.3 47.5 521.63 2388.05 8140.86 8.4236 0.03 392 2388 100.0 38.94 23.343
13 40 0.0013 0.0004 100.0 518.67 641.99 1585.55 1411.86 14.62 21.61 553.69 2388.13 9062.62 1.3 47.41 521.68 2388.12 8134.21 8.4448 0.03 393 2388 100.0 38.55 23.3491
13 41 -0.0007 0.0002 100.0 518.67 642.23 1588.43 1403.07 14.62 21.61 553.26 2388.1 9057.22 1.3 47.58 521.82 2388.1 8137.55 8.4804 0.03 393 2388 100.0 38.92 23.3163
13 42 0.0023 -0.0004 100.0 518.67 642.86 1588.03 1407.81 14.62 21.61 553.52 2388.11 9061.57 1.3 47.52 521.91 2388.09 8135.86 8.4216 0.03 393 2388 100.0 38.8 23.2903
13 43 -0.0017 -0.0 100.0 518.67 642.66 1590.78 1407.9 14.62 21.61 553.64 2388.1 9056.2 1.3 47.39 521.26 2388.1 8137.72 8.4378 0.03 394 2388 100.0 38.81 23.3655
13 44 0.0024 0.0001 100.0 518.67 642.45 1590.56 1412.61 14.62 21.61 553.88 2388.07 9055.21 1.3 47.59 521.3 2388.04 8136.66 8.4059 0.03 394 2388 100.0 38.94 23.3218
13 45 0.0016 0.0001 100.0 518.67 642.77 1588.23 1410.44 14.62 21.61 553.99 2388.1 9057.0 1.3 47.51 521.42 2388.12 8136.03 8.4185 0.03 391 2388 100.0 38.7 23.3342
13 46 0.0041 -0.0004 100.0 518.67 642.86 1584.07 1409.85 14.62 21.61 553.12 2388.09 9045.6 1.3 47.58 521.3 2388.07 8136.97 8.418 0.03 393 2388 100.0 38.9 23.305
13 47 -0.0019 0.0004 100.0 518.67 642.14 1594.3 1402.37 14.62 21.61 553.34 2388.07 9057.28 1.3 47.35 521.81 2388.11 8139.45 8.4108 0.03 394 2388 100.0 38.74 23.3972
13 48 -0.0026 -0.0 100.0 518.67 642.85 1594.55 1406.57 14.62 21.61 553.8 2388.09 9063.15 1.3 47.57 521.28 2388.13 8131.54 8.4592 0.03 393 2388 100.0 38.96 23.3012
13 49 -0.0027 -0.0004 100.0 518.67 642.91 1584.16 1409.84 14.62 21.61 553.06 2388.1 9062.76 1.3 47.65 521.3 2388.14 8139.96 8.4155 0.03 395 2388 100.0 38.65 23.2812
13 50 -0.0013 0.0 100.0 518.67 642.89 1592.76 1409.34 14.62 21.61 553.74 2388.11 9053.83 1.3 47.61 521.04 2388.09 8134.3 8.436 0.03 394 2388 100.0 38.67 23.2642
13 51 0.0011 -0.0003 100.0 518.67 641.96 1590.8 1405.96 14.62 21.61 553.51 2388.09 9052.06 1.3 47.6 521.78 2388.11 8129.46 8.413 0.03 393 2388 100.0 38.95 23.2755
13 52 0.0064 -0.0004 100.0 518.67 642.56 1594.44 1411.13 14.62 21.61 553.26 2388.1 9055.29 1.3 47.52 521.75 2388.12 8140.99 8.4222 0.03 393 2388 100.0 38.86 23.267
13 53 -0.0011 0.0004 100.0 518.67 642.62 1587.86 1405.82 14.62 21.61 553.02 2388.09 9059.33 1.3 47.4 522.18 2388.08 8138.09 8.4513 0.03 392 2388 100.0 39.02 23.3445
13 54 0.0023 -0.0001 100.0 518.67 642.37 1590.53 1410.93 14.62 21.61 553.4 2388.1 9060.14 1.3 47.45 520.99 2388.08 8140.0 8.404 0.03 392 2388 100.0 39.04 23.226
13 55 -0.0031 -0.0002 100.0 518.67 642.92 1594.46 1406.72 14.62 21.61 553.33 2388.05 9058.09 1.3 47.37 521.62 2388.08 8139.52 8.4436 0.03 392 2388 100.0 38.67 23.3543
13 56 0.0002 0.0005 100.0 518.67 642.21 1592.74 1404.01 14.62 21.61 553.15 2388.11 9062.98 1.3 47.5 521.87 2388.06 8141.38 8.4322 0.03 393 2388 100.0 38.94 23.3912
13 57 0.0008 0.0004 100.0 518.67 642.78 1594.82 1403.8 14.62 21.61 554.07 2388.04 9061.05 1.3 47.45 521.46 2388.12 8138.71 8.4077 0.03 394 2388 100.0 38.82 23.2318
13 58 0.0023 0.0004 100.0 518.67 642.37 1594.12 1413.32 14.62 21.61 553.05 2388.14 9049.98 1.3 47.45 521.47 2388.11 8135.93 8.4612 0.03 394 2388 100.0 38.87 23.3108
13 59 -0.0021 -0.0001 100.0 518.67 642.61 1584.02 1413.87 14.62 21.61 552.84 2388.1 9058.18 1.3 47.56 521.97 2388.14 8131.28 8.4369 0.03 394 2388 100.0 38.8 23.3658
13 60 0.0033 0.0004 100.0 518.67 642.51 1589.07 1404.27 14.62 21.61 553.74 2388.08 9063.64 1.3 47.42 521.64 2388.1 8144.2 8.4227 0.03 394 2388 100.0 38.69 23.3591
13 61 -0.0015 -0.0005 100.0 518.67 642.63 1585.86 1411.08 14.62 21.61 553.26 2388.12 9061.46 1.3 47.54 521.36 2388.14 8140.09 8.4149 0.03 393 2388 100.0 39.0 23.293
13 62 0.0034 -0.0003 100.0 518.67 642.23 1596.03 1406.18 14.62 21.61 553.4 2388.11 9057.73 1.3 47.61 521.47 2388.08 8137.1 8.4358 0.03 394 2388 100.0 38.9 23.2968
13 63 0.001 -0.0003 100.0 518.67 642.61 1582.69 1399.34 14.62 21.61 553.22 2388.09 9060.4 1.3 47.48 522.14 2388.06 8133.47 8.4244 0.03 392 2388 100.0 38.91 23.2965
13 64 0.0022 0.0002 100.0 518.67 642.8 1592.07 1402.07 14.62 21.61 553.46 2388.08 9053.94 1.3 47.53 521.86 2388.1 8136.91 8.4536 0.03 394 2388 100.0 38.78 23.2062
13 65 0.0019 0.0005 100.0 518.67 642.6 1594.17 1410.38 14.62 21.61 553.04 2388.12 9062.3 1.3 47.59 521.59 2388.12 8131.35 8.439 0.03 393 2388 100.0 38.99 23.1712
13 66 0.0034 -0.0002 100.0 518.67 642.68 1586.39 1403.29 14.62 21.61 553.59 2388.13 9057.5 1.3 47.58 521.86 2388.07 8142.94 8.4566 0.03 395 2388 100.0 38.83 23.2897
13 67 0.0008 -0.0004 100.0 518.67 642.85 1587.87 1411.71 14.62 21.61 553.67 2388.1 9052.26 1.3 47.62 521.59 2388.07 8138.04 8.477 0.03 390 2388 100.0 38.62 23.3134
13 68 0.0002 -0.0002 100.0 518.67 643.05 1593.84 1410.46 14.62 21.61 554.39 2388.1 9056.67 1.3 47.46 521.06 2388.09 8141.04 8.4091 0.03 393 2388 100.0 38.94 23.2666
13 69 0.0012 -0.0003 100.0 518.67 642.94 1590.66 1408.67 14.62 21.61 553.61 2388.09 9058.86 1.3 47.62 521.68 2388.09 8135.55 8.4165 0.03 393 2388 100.0 38.73 23.229
13 70 -0.0005 0.0002 100.0 518.67 642.22 1591.39 1406.78 14.62 21.61 553.3 2388.09 9056.85 1.3 47.62 521.14 2388.06 8136.82 8.4562 0.03 390 2388 100.0 38.78 23.2932
13 71 -0.0033 0.0002 100.0 518.67 642.73 1591.12 1414.31 14.62 21.61 554.25 2388.13 9062.22 1.3 47.51 521.21 2388.08 8140.42 8.4381 0.03 392 2388 100.0 38.76 23.2452
13 72 0.0041 -0.0004 100.0 518.67 642.54 1591.82 1409.41 14.62 21.61 553.82 2388.11 9060.47 1.3 47.61 521.39 2388.17 8135.27 8.4537 0.03 394 2388 100.0 38.93 23.3227
13 73 0.0002 0.0004 100.0 518.67 642.93 1589.96 1411.79 14.62 21.61 553.77 2388.09 9058.23 1.3 47.49 521.38 2388.05 8132.57 8.4445 0.03 395 2388 100.0 38.72 23.2954
13 74 -0.0 -0.0002 100.0 518.67 642.87 1586.46 1415.71 14.62 21.61 553.38 2388.06 9056.09 1.3 47.37 521.54 2388.12 8141.35 8.4046 0.03 392 2388 100.0 38.89 23.2266
13 75 0.0012 0.0002 100.0 518.67 642.72 1584.67 1410.41 14.62 21.61 553.18 2388.14 9064.07 1.3 47.58 521.23 2388.1 8139.15 8.4548 0.03 393 2388 100.0 38.82 23.2683
13 76 0.0013 -0.0003 100.0 518.67 642.76 1588.78 1409.33 14.62 21.61 553.19 2388.12 9057.88 1.3 47.65 521.72 2388.11 8139.66 8.477 0.03 394 2388 100.0 38.76 23.3218
13 77 0.0022 -0.0005 100.0 518.67 642.98 1592.44 1407.09 14.62 21.61 553.44 2388.12 9059.92 1.3 47.44 520.77 2388.03 8138.42 8.4119 0.03 394 2388 100.0 39.0 23.2637
13 78 0.0007 -0.0003 100.0 518.67 643.34 1588.31 1407.96 14.62 21.61 553.59 2388.1 9056.17 1.3 47.49 520.7 2388.08 8131.86 8.4692 0.03 393 2388 100.0 38.87 23.2975
13 79 -0.0002 -0.0004 100.0 518.67 642.88 1589.69 1406.53 14.62 21.61 553.71 2388.14 9067.65 1.3 47.56 521.63 2388.09 8143.04 8.4337 0.03 392 2388 100.0 38.96 23.2119
13 80 -0.0012 -0.0002 100.0 518.67 642.75 1590.85 1412.63 14.62 21.61 553.27 2388.05 9066.09 1.3 47.59 521.37 2388.13 8138.58 8.4287 0.03 394 2388 100.0 38.98 23.299
13 81 -0.0033 -0.0002 100.0 518.67 642.13 1588.28 1412.8 14.62 21.61 553.35 2388.11 9055.69 1.3 47.79 521.23 2388.11 8144.43 8.4056 0.03 393 2388 100.0 38.82 23.2447
13 82 -0.0022 -0.0003 100.0 518.67 642.9 1593.79 1402.78 14.62 21.61 553.04 2388.09 9060.44 1.3 47.52 521.21 2388.05 8146.24 8.4112 0.03 392 2388 100.0 38.76 23.175
13 83 0.0009 0.0002 100.0 518.67 642.47 1587.71 1406.15 14.62 21.61 553.21 2388.1 9062.17 1.3 47.66 521.02 2388.09 8143.73 8.4517 0.03 392 2388 100.0 38.77 23.3331
13 84 0.0013 -0.0001 100.0 518.67 642.74 1586.75 1407.51 14.62 21.61 553.4 2388.07 9062.51 1.3 47.37 521.42 2388.07 8137.21 8.4447 0.03 393 2388 100.0 38.61 23.2227
13 85 -0.006 0.0004 100.0 518.67 642.53 1588.86 1408.95 14.62 21.61 553.55 2388.14 9061.25 1.3 47.55 521.04 2388.1 8144.3 8.4292 0.03 394 2388 100.0 38.78 23.3566
13 86 -0.0011 -0.0004 100.0 518.67 642.95 1597.2 1411.47 14.62 21.61 553.6 2388.08 9057.25 1.3 47.31 521.94 2388.09 8136.97 8.3863 0.03 394 2388 100.0 38.94 23.3206
13 87 0.0007 0.0003 100.0 518.67 642.93 1590.9 1412.87 14.62 21.61 552.76 2388.14 9066.14 1.3 47.63 520.66 2388.11 8139.76 8.4561 0.03 393 2388 100.0 38.71 23.3149
13 88 -0.001 -0.0003 100.0 518.67 643.2 1584.99 1410.14 14.62 21.61 554.31 2388.07 9066.42 1.3 47.53 521.32 2388.09 8143.06 8.4165 0.03 394 2388 100.0 38.77 23.2396
13 89 0.0011 -0.0003 100.0 518.67 642.78 1582.6 1406.3 14.62 21.61 553.15 2388.09 9064.28 1.3 47.31 520.97 2388.12 8140.1 8.4431 0.03 394 2388 100.0 38.77 23.306
13 90 0.0011 0.0005 100.0 518.67 643.21 1590.21 1404.97 14.62 21.61 552.96 2388.1 9064.05 1.3 47.58 520.82 2388.07 8141.49 8.4168 0.03 393 2388 100.0 38.66 23.3462
13 91 -0.0026 0.0004 100.0 518.67 642.84 1584.29 1408.55 14.62 21.61 553.49 2388.12 9068.06 1.3 47.51 521.26 2388.08 8145.81 8.4242 0.03 394 2388 100.0 38.82 23.2589
13 92 0.0003 -0.0004 100.0 518.67 643.05 1598.85 1414.03 14.62 21.61 552.79 2388.08 9066.91 1.3 47.37 521.73 2388.04 8144.24 8.4679 0.03 394 2388 100.0 39.0 23.2359
13 93 -0.0013 0.0 100.0 518.67 642.79 1590.43 1418.25 14.62 21.61 553.16 2388.13 9067.12 1.3 47.54 521.63 2388.14 8145.51 8.4684 0.03 393 2388 100.0 38.87 23.29
13 94 -0.0008 0.0001 100.0 518.67 642.95 1587.61 1410.23 14.62 21.61 553.68 2388.05 9068.69 1.3 47.55 521.23 2388.12 8146.86 8.4461 0.03 393 2388 100.0 38.75 23.3104
13 95 -0.0002 -0.0004 100.0 518.67 642.58 1593.74 1416.13 14.62 21.61 552.6 2388.13 9074.47 1.3 47.77 521.46 2388.09 8149.73 8.4234 0.03 393 2388 100.0 38.73 23.2496
13 96 -0.0024 0.0005 100.0 518.67 642.51 1590.91 1410.02 14.62 21.61 552.94 2388.05 9064.09 1.3 47.57 521.87 2388.05 8145.81 8.4371 0.03 393 2388 100.0 38.64 23.2385
13 97 -0.0016 -0.0001 100.0 518.67 642.98 1588.13 1412.34 14.62 21.61 552.71 2388.13 9063.33 1.3 47.61 521.28 2388.03 8143.21 8.4172 0.03 393 2388 100.0 38.8 23.3132
13 98 -0.0015 0.0001 100.0 518.67 642.89 1584.86 1412.78 14.62 21.61 553.42 2388.12 9073.67 1.3 47.68 521.57 2388.08 8145.08 8.4596 0.03 395 2388 100.0 38.72 23.2199
13 99 0.0009 -0.0002 100.0 518.67 642.56 1593.29 1408.46 14.62 21.61 554.1 2388.09 9071.3 1.3 47.27 520.81 2388.03 8147.78 8.4369 0.03 394 2388 100.0 38.96 23.2136
13 100 0.0037 -0.0003 100.0 518.67 642.78 1593.39 1412.04 14.62 21.61 553.44 2388.12 9068.22 1.3 47.78 521.44 2388.06 8147.14 8.4227 0.03 394 2388 100.0 38.9 23.3333
13 101 0.0001 0.0002 100.0 518.67 642.98 1597.42 1414.86 14.62 21.61 553.73 2388.11 9062.6 1.3 47.75 520.85 2388.12 8148.34 8.4758 0.03 394 2388 100.0 38.73 23.2955
13 102 0.0008 -0.0001 100.0 518.67 642.65 1591.57 1417.22 14.62 21.61 553.56 2388.05 9066.89 1.3 47.48 521.41 2388.13 8144.01 8.4534 0.03 394 2388 100.0 38.87 23.3309
13 103 0.0013 -0.0001 100.0 518.67 643.52 1592.63 1412.81 14.62 21.61 553.34 2388.15 9067.29 1.3 47.69 521.18 2388.11 8145.31 8.4221 0.03 394 2388 100.0 38.66 23.3003
13 104 -0.0019 -0.0002 100.0 518.67 642.36 1583.37 1407.82 14.62 21.61 552.65 2388.13 9074.41 1.3 47.7 521.26 2388.12 8147.53 8.4414 0.03 392 2388 100.0 38.8 23.1497
13 105 -0.0013 -0.0002 100.0 518.67 642.59 1595.5 1409.09 14.62 21.61 552.72 2388.1 9079.35 1.3 47.57 521.32 2388.1 8148.39 8.4595 0.03 394 2388 100.0 38.75 23.2431
13 106 0.0058 -0.0002 100.0 518.67 643.32 1593.4 1413.69 14.62 21.61 552.83 2388.11 9069.01 1.3 47.73 521.06 2388.1 8146.34 8.4458 0.03 394 2388 100.0 38.59 23.2403
13 107 -0.0011 0.0005 100.0 518.67 642.95 1587.55 1413.53 14.62 21.61 552.95 2388.15 9077.44 1.3 47.55 520.97 2388.11 8151.73 8.4574 0.03 393 2388 100.0 38.84 23.2927
13 108 0.0004 0.0001 100.0 518.67 643.21 1589.74 1415.34 14.62 21.61 553.34 2388.14 9068.53 1.3 47.71 520.62 2388.1 8148.29 8.4501 0.03 393 2388 100.0 38.79 23.2752
13 109 0.0021 -0.0002 100.0 518.67 642.57 1593.72 1408.09 14.62 21.61 552.84 2388.05 9074.03 1.3 47.68 520.4 2388.14 8149.59 8.4502 0.03 394 2388 100.0 38.55 23.2462
13 110 -0.0001 -0.0004 100.0 518.67 643.13 1594.1 1410.86 14.62 21.61 553.41 2388.11 9078.58 1.3 47.53 520.8 2388.12 8152.88 8.4475 0.03 394 2388 100.0 38.68 23.2126
13 111 -0.0013 0.0005 100.0 518.67 643.28 1590.26 1414.54 14.62 21.61 553.37 2388.08 9075.37 1.3 47.75 521.57 2388.16 8149.36 8.4847 0.03 394 2388 100.0 38.75 23.3012
13 112 -0.0011 -0.0003 100.0 518.67 642.9 1590.16 1412.15 14.62 21.61 552.3 2388.1 9074.06 1.3 47.78 521.29 2388.07 8151.25 8.4958 0.03 394 2388 100.0 38.71 23.2348
13 113 -0.0003 -0.0001 100.0 518.67 642.92 1593.22 1414.53 14.62 21.61 553.3 2388.16 9074.19 1.3 47.6 521.02 2388.1 8153.63 8.4353 0.03 395 2388 100.0 38.81 23.2802
13 114 0.0008 0.0 100.0 518.67 642.88 1582.94 1408.0 14.62 21.61 553.08 2388.1 9077.55 1.3 47.61 520.83 2388.12 8152.51 8.4751 0.03 394 2388 100.0 38.54 23.1653
13 115 0.0012 -0.0001 100.0 518.67 642.78 1598.39 1418.32 14.62 21.61 552.89 2388.11 9080.4 1.3 47.64 520.95 2388.12 8149.36 8.4596 0.03 393 2388 100.0 38.72 23.3051
13 116 0.0011 0.0004 100.0 518.67 643.39 1589.76 1414.51 14.62 21.61 552.85 2388.14 9068.97 1.3 47.65 521.22 2388.15 8153.74 8.4555 0.03 395 2388 100.0 38.7 23.2549
13 117 -0.0005 -0.0003 100.0 518.67 643.12 1589.98 1416.63 14.62 21.61 552.69 2388.13 9084.03 1.3 47.77 521.21 2388.08 8158.16 8.4526 0.03 396 2388 100.0 38.79 23.1676
13 118 -0.0022 0.0002 100.0 518.67 642.19 1592.49 1411.57 14.62 21.61 552.77 2388.13 9077.67 1.3 47.59 521.23 2388.09 8156.7 8.4566 0.03 394 2388 100.0 38.65 23.2317
13 119 -0.0012 0.0002 100.0 518.67 643.25 1592.73 1409.92 14.62 21.61 552.74 2388.12 9078.64 1.3 47.88 521.08 2388.12 8149.97 8.4402 0.03 393 2388 100.0 38.74 23.2929
13 120 0.0027 0.0 100.0 518.67 642.4 1590.66 1415.4 14.62 21.61 552.91 2388.09 9080.9 1.3 47.58 520.9 2388.11 8161.46 8.4332 0.03 394 2388 100.0 38.83 23.1578
13 121 -0.0047 -0.0002 100.0 518.67 643.06 1594.49 1420.97 14.62 21.61 552.88 2388.06 9082.8 1.3 47.57 521.14 2388.1 8155.25 8.4502 0.03 394 2388 100.0 38.69 23.2251
13 122 -0.0019 0.0002 100.0 518.67 643.01 1596.44 1411.48 14.62 21.61 553.19 2388.07 9074.17 1.3 47.76 521.21 2388.13 8159.29 8.433 0.03 395 2388 100.0 38.73 23.2467
13 123 -0.0016 0.0005 100.0 518.67 643.12 1595.22 1414.96 14.62 21.61 552.75 2388.11 9082.71 1.3 47.57 520.87 2388.12 8162.23 8.5017 0.03 392 2388 100.0 38.65 23.1694
13 124 0.0014 -0.0 100.0 518.67 642.76 1595.96 1418.67 14.62 21.61 551.91 2388.13 9081.99 1.3 47.85 521.44 2388.07 8163.54 8.4446 0.03 395 2388 100.0 38.68 23.2281
13 125 0.0022 0.0003 100.0 518.67 643.03 1585.89 1408.57 14.62 21.61 552.9 2388.14 9082.0 1.3 47.71 520.78 2388.14 8156.63 8.4838 0.03 395 2388 100.0 38.79 23.2732
13 126 -0.0025 -0.0 100.0 518.67 643.67 1592.31 1414.3 14.62 21.61 552.84 2388.15 9082.44 1.3 47.7 520.95 2388.15 8162.62 8.4628 0.03 395 2388 100.0 38.69 23.3933
13 127 -0.0007 0.0003 100.0 518.67 642.71 1601.18 1412.94 14.62 21.61 552.71 2388.12 9082.4 1.3 47.64 520.77 2388.09 8158.72 8.4777 0.03 394 2388 100.0 38.84 23.2438
13 128 0.001 -0.0004 100.0 518.67 643.27 1597.19 1418.92 14.62 21.61 552.56 2388.15 9081.87 1.3 47.77 520.88 2388.15 8161.47 8.448 0.03 395 2388 100.0 38.87 23.2494
13 129 0.0021 0.0004 100.0 518.67 642.59 1595.24 1413.21 14.62 21.61 552.66 2388.08 9085.59 1.3 47.82 520.71 2388.1 8158.22 8.4563 0.03 393 2388 100.0 38.7 23.2775
13 130 0.0016 -0.0001 100.0 518.67 643.05 1587.82 1414.59 14.62 21.61 552.81 2388.04 9091.8 1.3 47.76 520.33 2388.09 8163.47 8.4322 0.03 396 2388 100.0 38.78 23.1092
13 131 -0.0013 0.0 100.0 518.67 643.07 1597.57 1418.82 14.62 21.61 552.14 2388.08 9090.13 1.3 47.82 521.22 2388.11 8164.86 8.4116 0.03 395 2388 100.0 38.67 23.1022
13 132 0.0033 -0.0003 100.0 518.67 642.95 1592.71 1419.52 14.62 21.61 552.51 2388.05 9094.23 1.3 47.85 520.9 2388.09 8165.49 8.4794 0.03 395 2388 100.0 38.67 23.1766
13 133 -0.0027 -0.0001 100.0 518.67 643.17 1595.73 1421.87 14.62 21.61 552.6 2388.16 9086.35 1.3 47.84 520.7 2388.1 8166.49 8.4554 0.03 393 2388 100.0 38.73 23.2046
13 134 0.0008 0.0001 100.0 518.67 643.69 1595.99 1418.5 14.62 21.61 552.91 2388.19 9098.66 1.3 47.77 521.07 2388.1 8166.1 8.4572 0.03 394 2388 100.0 38.61 23.2138
13 135 0.0001 -0.0001 100.0 518.67 642.98 1590.64 1417.78 14.62 21.61 552.19 2388.13 9099.87 1.3 47.76 520.8 2388.13 8165.13 8.5038 0.03 393 2388 100.0 38.6 23.1608
13 136 0.0003 0.0003 100.0 518.67 643.24 1599.02 1417.34 14.62 21.61 552.61 2388.12 9096.29 1.3 47.78 520.82 2388.14 8171.5 8.4764 0.03 395 2388 100.0 38.49 23.1211
13 137 -0.0015 0.0001 100.0 518.67 643.11 1592.77 1422.49 14.62 21.61 552.84 2388.08 9101.92 1.3 47.71 521.21 2388.14 8170.64 8.4447 0.03 394 2388 100.0 38.64 23.2517
13 138 0.0012 -0.0004 100.0 518.67 642.93 1593.15 1420.71 14.62 21.61 552.82 2388.2 9099.01 1.3 47.79 520.95 2388.14 8173.3 8.4903 0.03 394 2388 100.0 38.59 23.2389
13 139 0.0027 -0.0004 100.0 518.67 643.14 1598.42 1420.01 14.62 21.61 552.51 2388.15 9104.41 1.3 47.84 520.6 2388.13 8169.16 8.4811 0.03 393 2388 100.0 38.64 23.284
13 140 0.0015 0.0002 100.0 518.67 643.28 1598.29 1426.52 14.62 21.61 552.84 2388.09 9101.7 1.3 47.86 520.1 2388.16 8171.99 8.4892 0.03 394 2388 100.0 38.85 23.1497
13 141 0.0038 -0.0001 100.0 518.67 643.07 1594.69 1413.6 14.62 21.61 551.73 2388.13 9100.81 1.3 47.76 520.51 2388.13 8173.51 8.5033 0.03 393 2388 100.0 38.63 23.0761
13 142 0.0004 -0.0002 100.0 518.67 643.32 1595.55 1424.19 14.62 21.61 552.29 2388.11 9107.28 1.3 47.78 520.54 2388.1 8179.36 8.4915 0.03 395 2388 100.0 38.64 23.1678
13 143 0.0024 0.0003 100.0 518.67 642.84 1598.36 1422.59 14.62 21.61 552.88 2388.14 9112.81 1.3 47.9 521.08 2388.11 8178.82 8.5333 0.03 397 2388 100.0 38.47 23.2542
13 144 0.0027 0.0 100.0 518.67 642.88 1595.65 1423.84 14.62 21.61 551.76 2388.17 9107.19 1.3 47.67 520.56 2388.11 8183.99 8.5018 0.03 395 2388 100.0 38.51 23.1509
13 145 0.0005 0.0002 100.0 518.67 643.0 1594.56 1419.82 14.62 21.61 553.03 2388.17 9110.0 1.3 47.74 520.96 2388.09 8183.12 8.509 0.03 397 2388 100.0 38.71 23.1809
13 146 -0.0024 -0.0 100.0 518.67 643.71 1603.7 1424.19 14.62 21.61 552.33 2388.13 9112.74 1.3 47.9 520.52 2388.09 8180.12 8.4818 0.03 395 2388 100.0 38.64 23.1287
13 147 -0.0 0.0003 100.0 518.67 643.23 1599.5 1417.04 14.62 21.61 551.78 2388.16 9122.41 1.3 48.03 520.84 2388.13 8183.6 8.5129 0.03 394 2388 100.0 38.65 23.2254
13 148 -0.0012 -0.0003 100.0 518.67 643.21 1596.17 1423.23 14.62 21.61 552.01 2388.19 9119.85 1.3 47.91 520.24 2388.11 8181.45 8.4997 0.03 395 2388 100.0 38.55 23.1753
13 149 0.0012 -0.0001 100.0 518.67 643.46 1602.85 1421.16 14.62 21.61 552.1 2388.16 9124.86 1.3 48.03 520.18 2388.14 8185.03 8.5221 0.03 394 2388 100.0 38.64 23.0922
13 150 -0.0038 -0.0003 100.0 518.67 643.39 1600.67 1421.84 14.62 21.61 551.97 2388.12 9123.27 1.3 48.01 520.89 2388.16 8189.18 8.4655 0.03 394 2388 100.0 38.8 23.2275
13 151 0.002 -0.0002 100.0 518.67 643.6 1609.06 1428.92 14.62 21.61 551.98 2388.15 9126.03 1.3 47.76 520.04 2388.12 8195.98 8.4907 0.03 395 2388 100.0 38.73 23.1447
13 152 0.0002 0.0004 100.0 518.67 643.54 1597.82 1421.46 14.62 21.61 551.85 2388.14 9121.6 1.3 47.92 521.02 2388.13 8192.52 8.4987 0.03 396 2388 100.0 38.57 23.13
13 153 -0.0008 -0.0001 100.0 518.67 643.73 1598.38 1421.08 14.62 21.61 552.27 2388.14 9129.24 1.3 47.78 519.94 2388.17 8193.7 8.5 0.03 397 2388 100.0 38.31 23.1185
13 154 -0.0003 -0.0003 100.0 518.67 643.23 1602.57 1418.94 14.62 21.61 551.8 2388.16 9124.75 1.3 47.8 520.35 2388.15 8199.6 8.5346 0.03 396 2388 100.0 38.56 23.1418
13 155 0.0046 0.0002 100.0 518.67 643.08 1600.58 1426.46 14.62 21.61 551.96 2388.11 9134.47 1.3 48.05 520.44 2388.12 8205.35 8.4948 0.03 396 2388 100.0 38.53 23.0528
13 156 -0.0016 -0.0004 100.0 518.67 643.71 1599.54 1419.52 14.62 21.61 552.08 2388.17 9133.8 1.3 47.87 520.4 2388.16 8205.99 8.4988 0.03 395 2388 100.0 38.48 23.0585
13 157 0.0004 0.0 100.0 518.67 643.43 1604.86 1432.39 14.62 21.61 552.42 2388.16 9136.94 1.3 48.12 520.61 2388.14 8207.5 8.4845 0.03 397 2388 100.0 38.45 23.0453
13 158 -0.0024 0.0001 100.0 518.67 643.17 1610.57 1427.79 14.62 21.61 552.3 2388.17 9131.0 1.3 48.07 520.74 2388.17 8208.97 8.5075 0.03 396 2388 100.0 38.58 23.1415
13 159 -0.0008 -0.0004 100.0 518.67 643.53 1612.88 1418.86 14.62 21.61 551.15 2388.15 9146.79 1.3 48.11 520.5 2388.2 8212.93 8.554 0.03 396 2388 100.0 38.28 23.1357
13 160 0.0011 0.0 100.0 518.67 643.77 1597.42 1429.73 14.62 21.61 551.2 2388.17 9140.98 1.3 48.04 519.8 2388.13 8210.94 8.5109 0.03 397 2388 100.0 38.49 23.209
13 161 -0.003 -0.0001 100.0 518.67 643.5 1602.21 1432.17 14.62 21.61 551.85 2388.11 9144.17 1.3 48.34 520.26 2388.19 8210.25 8.5269 0.03 396 2388 100.0 38.43 23.0185
13 162 -0.0011 0.0003 100.0 518.67 643.87 1605.83 1431.55 14.62 21.61 551.48 2388.16 9149.29 1.3 48.28 520.08 2388.15 8218.44 8.5015 0.03 397 2388 100.0 38.35 23.1104
13 163 -0.0002 -0.0004 100.0 518.67 644.26 1610.89 1430.32 14.62 21.61 550.99 2388.15 9153.32 1.3 48.22 519.76 2388.16 8211.76 8.5477 0.03 397 2388 100.0 38.53 23.1291
186 1 20.0058 0.7008 100.0 491.19 606.98 1478.82 1246.69 9.35 13.65 335.25 2323.95 8728.59 1.08 44.21 315.94 2388.09 8068.06 9.1628 0.02 365 2324 100.0 24.58 14.7213
186 2 42.0045 0.84 100.0 445.0 549.47 1345.07 1125.54 3.91 5.72 139.2 2212.09 8321.82 1.02 42.01 130.77 2388.13 8094.32 9.3612 0.02 328 2212 100.0 10.63 6.353
186 3 0.0026 0.0 100.0 518.67 642.24 1583.79 1399.58 14.62 21.61 554.21 2388.02 9060.04 1.3 47.26 522.48 2387.97 8142.86 8.4517 0.03 392 2388 100.0 38.95 23.3677
186 4 42.0018 0.8417 100.0 445.0 549.31 1349.08 1122.43 3.91 5.72 138.99 2212.15 8332.48 1.02 41.81 130.72 2388.19 8094.22 9.3275 0.02 330 2212 100.0 10.68 6.4018
186 5 20.0064 0.7008 100.0 491.19 607.47 1481.52 1237.46 9.35 13.65 335.62 2323.95 8738.47 1.08 44.12 315.16 2388.1 8070.59 9.1891 0.02 364 2324 100.0 24.6 14.7416
186 6 10.0059 0.2516 100.0 489.05 604.15 1494.86 1301.42 10.52 15.49 394.95 2318.89 8784.93 1.26 45.26 372.09 2388.07 8134.79 8.64 0.03 367 2319 100.0 28.63 17.1832
186 7 20.0061 0.7005 100.0 491.19 606.98 1477.8 1254.67 9.35 13.66 334.64 2323.93 8734.83 1.08 44.16 315.29 2388.09 8067.51 9.1895 0.02 364 2324 100.0 24.55 14.7375
186 8 0.0003 0.0019 100.0 518.67 642.35 1585.29 1399.8 14.62 21.61 554.51 2388.02 9065.18 1.3 47.38 522.2 2388.05 8142.43 8.3865 0.03 392 2388 100.0 38.99 23.4048
186 9 20.0015 0.7018 100.0 491.19 607.01 1483.29 1242.17 9.35 13.65 335.11 2323.97 8728.57 1.08 44.04 314.89 2388.13 8066.44 9.1885 0.02 365 2324 100.0 24.64 14.8458
186 10 20.0034 0.7011 100.0 491.19 606.92 1485.72 1248.43 9.35 13.65 335.47 2323.94 8734.91 1.08 44.09 315.91 2388.08 8074.09 9.221 0.02 364 2324 100.0 24.57 14.6732
186 11 10.0014 0.25 100.0 489.05 604.28 1492.71 1300.47 10.52 15.49 395.12 2318.87 8786.51 1.26 45.08 372.45 2388.04 8139.59 8.6276 0.03 367 2319 100.0 28.53 17.2008
186 12 25.0078 0.62 60.0 462.54 536.76 1261.71 1043.56 7.05 9.03 175.13 1915.45 8016.83 0.94 36.44 164.21 2028.38 7882.08 10.874 0.02 307 1915 84.93 14.23 8.6404
186 13 41.9983 0.8411 100.0 445.0 549.81 1350.34 1112.31 3.91 5.71 138.77 2212.12 8327.49 1.02 42.03 131.03 2388.18 8095.81 9.3371 0.02 331 2212 100.0 10.61 6.3541
186 14 35.0017 0.84 100.0 449.44 555.19 1361.96 1125.02 5.48 8.0 195.19 2223.1 8358.3 1.02 41.51 183.24 2388.23 8073.83 9.2748 0.02 334 2223 100.0 14.79 8.9229
186 15 0.0011 0.001 100.0 518.67 641.76 1581.52 1398.87 14.62 21.61 554.11 2388.04 9062.73 1.3 47.11 522.06 2387.98 8145.56 8.3917 0.03 393 2388 100.0 39.03 23.4507
186 16 10.0053 0.25 100.0 489.05 604.03 1498.35 1296.28 10.52 15.49 395.55 2318.84 8785.1 1.26 45.34 371.93 2388.06 8142.24 8.6197 0.03 369 2319 100.0 28.65 17.0912
186 17 42.0036 0.84 100.0 445.0 549.83 1349.86 1121.32 3.91 5.71 138.98 2212.08 8322.39 1.02 42.01 130.45 2388.19 8094.63 9.3579 0.02 329 2212 100.0 10.46 6.4573
186 18 24.9984 0.62 60.0 462.54 536.79 1257.97 1042.82 7.05 9.03 175.99 1915.44 8011.67 0.94 36.7 164.88 2028.36 7878.7 10.8481 0.02 306 1915 84.93 14.13 8.65
186 19 42.0051 0.8405 100.0 445.0 549.55 1358.29 1119.52 3.91 5.71 139.09 2212.07 8328.03 1.02 41.88 131.28 2388.12 8094.37 9.3571 0.02 328 2212 100.0 10.69 6.3258
186 20 35.0009 0.84 100.0 449.44 555.5 1360.74 1122.7 5.48 8.0 194.34 2223.1 8359.52 1.02 41.66 182.96 2388.2 8072.52 9.285 0.02 333 2223 100.0 14.69 8.8665
186 21 20.0014 0.7 100.0 491.19 606.78 1477.81 1249.54 9.35 13.65 334.54 2323.97 8731.19 1.08 43.98 315.22 2388.09 8069.32 9.1796 0.02 362 2324 100.0 24.58 14.6567
186 22 0.0 0.0 100.0 518.67 642.34 1590.91 1408.84 14.62 21.61 554.16 2388.0 9061.93 1.3 47.18 522.49 2388.02 8147.72 8.3912 0.03 393 2388 100.0 39.05 23.4336
186 23 42.0 0.8401 100.0 445.0 549.71 1352.38 1117.82 3.91 5.71 138.65 2212.14 8324.29 1.02 41.95 131.23 2388.18 8087.17 9.3458 0.02 331 2212 100.0 10.46 6.3461
186 24 20.0047 0.7 100.0 491.19 606.55 1478.63 1240.43 9.35 13.65 334.91 2323.94 8731.09 1.08 44.23 315.47 2388.08 8073.86 9.1945 0.02 363 2324 100.0 24.6 14.82
186 25 10.0047 0.2501 100.0 489.05 604.51 1494.98 1305.88 10.52 15.49 394.66 2318.84 8784.2 1.26 45.29 372.24 2388.07 8137.01 8.6232 0.03 369 2319 100.0 28.69 17.3246
186 26 0.0002 0.0 100.0 518.67 642.36 1583.25 1398.94 14.62 21.61 554.45 2388.01 9061.17 1.3 47.22 522.29 2388.07 8143.37 8.4225 0.03 391 2388 100.0 38.96 23.4658
186 27 10.0001 0.2517 100.0 489.05 604.52 1499.89 1302.1 10.52 15.49 395.16 2318.85 8789.18 1.26 45.16 372.43 2388.07 8141.41 8.6575 0.03 368 2319 100.0 28.67 17.3069
186 28 42.0018 0.84 100.0 445.0 548.91 1347.38 1125.83 3.91 5.72 138.94 2212.1 8325.83 1.02 41.91 131.13 2388.2 8091.3 9.3361 0.02 329 2212 100.0 10.64 6.4687
186 29 25.004 0.6203 60.0 462.54 536.68 1263.12 1038.38 7.05 9.03 175.91 1915.42 8021.0 0.94 36.56 164.83 2028.41 7880.38 10.8692 0.02 307 1915 84.93 14.34 8.5126
186 30 35.0076 0.8418 100.0 449.44 555.19 1363.04 1125.62 5.48 8.0 193.93 2223.1 8364.43 1.02 41.84 183.41 2388.21 8079.67 9.2882 0.02 332 2223 100.0 14.81 8.8751
186 31 0.0002 0.0 100.0 518.67 642.18 1585.07 1397.39 14.62 21.61 553.74 2388.0 9062.63 1.3 47.1 522.17 2388.05 8143.03 8.4257 0.03 392 2388 100.0 39.02 23.3118
186 32 34.999 0.8418 100.0 449.44 555.35 1356.26 1125.79 5.48 8.0 195.2 2223.05 8357.62 1.02 41.57 183.51 2388.21 8077.57 9.2669 0.02 333 2223 100.0 14.81 9.0056
186 33 35.0038 0.84 100.0 449.44 555.1 1361.99 1121.88 5.48 8.0 195.25 2223.11 8355.36 1.02 41.69 183.4 2388.16 8077.24 9.2856 0.02 333 2223 100.0 14.85 8.8983
186 34 10.0065 0.25 100.0 489.05 604.3 1496.14 1299.96 10.52 15.49 394.75 2318.85 8792.27 1.26 45.44 371.98 2388.06 8140.06 8.5974 0.03 367 2319 100.0 28.69 17.1926
186 35 19.9981 0.7 100.0 491.19 607.28 1481.64 1249.47 9.35 13.65 334.72 2323.94 8741.85 1.08 44.22 315.79 2388.16 8073.11 9.1806 0.02 365 2324 100.0 24.52 14.7834
186 36 35.005 0.84 100.0 449.44 555.07 1364.99 1121.34 5.48 8.0 194.18 2223.14 8364.0 1.03 41.68 183.46 2388.25 8074.22 9.3013 0.02 333 2223 100.0 14.9 8.8712
186 37 20.003 0.7004 100.0 491.19 607.07 1482.94 1240.07 9.35 13.65 334.29 2324.03 8727.64 1.08 44.36 315.71 2388.06 8066.64 9.2026 0.02 363 2324 100.0 24.53 14.7083
186 38 42.0027 0.8403 100.0 445.0 549.24 1351.21 1111.5 3.91 5.72 138.55 2212.07 8321.34 1.02 41.82 131.26 2388.17 8091.69 9.3463 0.02 329 2212 100.0 10.59 6.3409
186 39 25.0008 0.62 60.0 462.54 537.1 1258.19 1045.13 7.05 9.02 175.83 1915.46 8009.65 0.94 36.49 164.37 2028.42 7877.56 10.8876 0.02 307 1915 84.93 14.27 8.5422
186 40 25.0047 0.62 60.0 462.54 536.8 1267.56 1043.39 7.05 9.03 175.75 1915.49 8014.72 0.94 36.51 164.98 2028.42 7881.36 10.878 0.02 307 1915 84.93 14.43 8.4972
186 41 10.003 0.25 100.0 489.05 604.63 1500.19 1302.32 10.52 15.49 395.43 2318.8 8782.69 1.26 45.04 371.6 2388.02 8139.03 8.6124 0.03 370 2319 100.0 28.56 17.1659
186 42 35.0039 0.84 100.0 449.44 555.67 1366.72 1130.59 5.48 8.0 194.9 2223.07 8354.9 1.02 41.7 183.02 2388.2 8072.01 9.2782 0.02 333 2223 100.0 14.85 8.9355
186 43 42.0024 0.841 100.0 445.0 548.87 1345.48 1120.62 3.91 5.72 139.28 2212.08 8331.25 1.02 41.95 131.26 2388.13 8099.14 9.3323 0.02 330 2212 100.0 10.7 6.3029
186 44 25.0063 0.6201 60.0 462.54 537.02 1259.42 1042.0 7.05 9.02 175.66 1915.44 8018.01 0.94 36.67 165.18 2028.39 7879.78 10.8648 0.02 306 1915 84.93 14.42 8.5113
186 45 10.0024 0.25 100.0 489.05 604.66 1492.11 1308.67 10.52 15.49 394.92 2318.86 8784.62 1.26 45.36 372.04 2388.05 8143.67 8.6396 0.03 369 2319 100.0 28.64 17.2514
186 46 0.0007 0.0 100.0 518.67 642.14 1583.0 1398.53 14.62 21.61 553.75 2387.98 9066.29 1.3 47.34 522.46 2387.97 8145.13 8.3967 0.03 392 2388 100.0 38.97 23.3747
186 47 19.9993 0.7 100.0 491.19 606.62 1479.35 1243.65 9.35 13.65 335.38 2324.02 8732.07 1.08 44.18 315.1 2388.07 8066.58 9.1944 0.02 365 2324 100.0 24.58 14.7902
186 48 0.0028 0.0 100.0 518.67 642.26 1580.43 1394.1 14.62 21.61 554.16 2387.99 9066.7 1.3 47.47 521.47 2388.08 8151.44 8.361 0.03 393 2388 100.0 38.96 23.4653
186 49 25.003 0.62 60.0 462.54 536.64 1257.87 1050.14 7.05 9.03 175.63 1915.47 8020.23 0.94 36.42 164.76 2028.39 7879.39 10.8689 0.02 308 1915 84.93 14.45 8.6496
186 50 0.0021 0.0 100.0 518.67 642.65 1586.77 1410.05 14.62 21.61 554.33 2388.03 9063.6 1.3 47.25 521.95 2388.01 8140.91 8.4279 0.03 393 2388 100.0 38.93 23.3758
186 51 42.0073 0.8414 100.0 445.0 549.79 1353.05 1121.62 3.91 5.71 138.44 2212.06 8327.78 1.02 41.98 131.04 2388.19 8092.84 9.3461 0.02 329 2212 100.0 10.6 6.4498
186 52 41.9988 0.84 100.0 445.0 549.59 1345.44 1128.4 3.91 5.71 139.32 2212.03 8327.2 1.02 41.97 130.45 2388.14 8092.49 9.3164 0.02 329 2212 100.0 10.7 6.5011
186 53 35.0067 0.8403 100.0 449.44 555.79 1362.52 1129.08 5.48 8.0 194.31 2223.07 8354.68 1.02 41.66 183.39 2388.19 8075.31 9.3108 0.02 333 2223 100.0 15.08 8.9832
186 54 10.0012 0.25 100.0 489.05 604.49 1502.62 1303.41 10.52 15.49 395.0 2318.84 8787.78 1.26 45.1 371.73 2388.01 8142.73 8.5918 0.03 369 2319 100.0 28.62 17.1403
186 55 25.0013 0.62 60.0 462.54 537.21 1255.79 1039.5 7.05 9.03 175.51 1915.51 8015.83 0.94 36.54 164.55 2028.35 7882.8 10.8549 0.02 308 1915 84.93 14.35 8.4892
186 56 25.0075 0.62 60.0 462.54 536.67 1259.36 1039.16 7.05 9.02 175.54 1915.53 8016.89 0.94 36.62 164.5 2028.45 7882.01 10.8792 0.02 306 1915 84.93 14.21 8.5766
186 57 41.998 0.8417 100.0 445.0 549.01 1350.45 1120.78 3.91 5.72 138.56 2212.09 8336.79 1.02 41.92 130.78 2388.18 8098.1 9.3368 0.02 330 2212 100.0 10.63 6.3795
186 58 34.9985 0.8415 100.0 449.44 556.07 1368.58 1128.39 5.48 8.0 194.0 2223.09 8361.36 1.02 41.7 183.16 2388.2 8083.87 9.308 0.02 332 2223 100.0 14.84 8.9606
186 59 0.0027 0.0 100.0 518.67 641.86 1589.91 1399.75 14.62 21.61 554.22 2388.04 9064.27 1.3 47.26 521.8 2388.08 8149.34 8.3801 0.03 391 2388 100.0 38.82 23.3858
186 60 25.0022 0.62 60.0 462.54 536.69 1253.35 1043.26 7.05 9.02 174.96 1915.53 8017.9 0.94 36.47 165.19 2028.43 7883.33 10.8612 0.02 307 1915 84.93 14.32 8.5789
186 61 10.0068 0.25 100.0 489.05 604.75 1495.61 1301.52 10.52 15.49 394.66 2318.87 8794.08 1.26 45.14 371.91 2388.06 8140.89 8.6527 0.03 368 2319 100.0 28.73 17.2128
186 62 10.0022 0.2518 100.0 489.05 604.51 1499.1 1304.15 10.52 15.49 395.16 2318.83 8788.31 1.26 45.29 372.0 2388.06 8143.16 8.6176 0.03 366 2319 100.0 28.66 17.0987
186 63 35.0001 0.8402 100.0 449.44 555.33 1364.2 1124.18 5.48 8.0 195.06 2223.11 8356.66 1.02 41.9 183.2 2388.2 8075.38 9.3115 0.02 332 2223 100.0 14.82 9.0052
186 64 35.0048 0.8412 100.0 449.44 554.97 1361.94 1121.54 5.48 8.0 194.98 2223.09 8358.5 1.02 41.8 183.79 2388.17 8077.25 9.3131 0.02 332 2223 100.0 14.89 9.0032
186 65 20.0053 0.7 100.0 491.19 607.89 1486.13 1246.24 9.35 13.65 334.7 2323.93 8733.71 1.08 44.22 315.66 2388.14 8065.27 9.2308 0.02 365 2324 100.0 24.41 14.6741
186 66 10.0028 0.25 100.0 489.05 604.39 1494.49 1302.27 10.52 15.49 395.59 2318.86 8788.33 1.26 45.13 371.38 2388.07 8146.23 8.6239 0.03 369 2319 100.0 28.86 17.1956
186 67 41.999 0.84 100.0 445.0 549.64 1351.98 1123.62 3.91 5.72 138.45 2212.13 8340.33 1.02 41.97 130.9 2388.19 8098.76 9.3157 0.02 329 2212 100.0 10.55 6.212
186 68 41.9995 0.8404 100.0 445.0 549.18 1347.64 1118.4 3.91 5.72 139.32 2212.17 8333.65 1.02 41.82 130.16 2388.21 8094.07 9.3435 0.02 332 2212 100.0 10.67 6.4684
186 69 10.0038 0.25 100.0 489.05 603.9 1501.14 1301.27 10.52 15.49 395.35 2318.89 8793.59 1.26 45.09 371.31 2388.08 8139.3 8.6462 0.03 368 2319 100.0 28.71 17.151
186 70 0.0025 0.0011 100.0 518.67 642.06 1583.13 1400.21 14.62 21.61 554.37 2388.01 9059.78 1.3 47.26 522.34 2387.97 8153.06 8.3871 0.03 390 2388 100.0 38.88 23.3554
186 71 25.0031 0.62 60.0 462.54 536.05 1255.75 1035.27 7.05 9.02 176.29 1915.52 8019.42 0.94 36.66 165.46 2028.4 7880.68 10.9282 0.02 306 1915 84.93 14.07 8.6945
186 72 9.9982 0.2502 100.0 489.05 604.65 1499.45 1298.86 10.52 15.49 395.13 2318.85 8791.32 1.26 45.19 372.07 2388.03 8139.86 8.6399 0.03 369 2319 100.0 28.67 17.1614
186 73 25.0045 0.62 60.0 462.54 536.59 1264.56 1053.39 7.05 9.02 174.79 1915.54 8020.03 0.94 36.46 165.2 2028.36 7880.74 10.8957 0.02 307 1915 84.93 14.31 8.6154
186 74 25.0051 0.6217 60.0 462.54 536.25 1262.63 1042.64 7.05 9.03 175.7 1915.48 8012.49 0.94 36.78 164.17 2028.41 7885.5 10.9062 0.02 307 1915 84.93 14.32 8.648
186 75 42.0 0.84 100.0 445.0 549.08 1343.53 1117.25 3.91 5.72 138.77 2212.14 8331.06 1.02 41.94 130.51 2388.29 8100.35 9.3445 0.02 329 2212 100.0 10.72 6.3596
186 76 0.0029 0.0 100.0 518.67 642.05 1584.35 1397.19 14.62 21.61 553.89 2388.05 9066.6 1.3 47.21 522.35 2387.99 8145.0 8.4435 0.03 392 2388 100.0 38.87 23.4397
186 77 20.0032 0.7013 100.0 491.19 607.12 1480.08 1251.04 9.35 13.66 334.85 2323.94 8738.68 1.08 44.34 315.45 2388.08 8071.07 9.2119 0.02 365 2324 100.0 24.42 14.6542
186 78 25.0069 0.6204 60.0 462.54 536.2 1256.48 1040.91 7.05 9.03 174.94 1915.56 8013.21 0.94 36.66 164.26 2028.42 7877.93 10.8847 0.02 306 1915 84.93 14.32 8.6277
186 79 25.0068 0.62 60.0 462.54 536.52 1260.07 1043.85 7.05 9.03 175.46 1915.54 8016.71 0.94 36.74 165.18 2028.45 7885.97 10.8812 0.02 306 1915 84.93 14.46 8.5367
186 80 25.0013 0.62 60.0 462.54 536.96 1257.13 1046.5 7.05 9.03 175.9 1915.57 8026.03 0.94 36.6 164.25 2028.44 7882.73 10.869 0.02 307 1915 84.93 14.37 8.6378
186 81 42.0079 0.8415 100.0 445.0 549.16 1349.85 1124.95 3.91 5.71 138.87 2212.2 8341.7 1.02 41.78 130.94 2388.22 8098.28 9.3609 0.02 331 2212 100.0 10.67 6.4854
186 82 34.999 0.8405 100.0 449.44 556.03 1364.24 1130.25 5.48 8.0 195.07 2223.19 8363.17 1.02 41.87 183.3 2388.27 8083.51 9.312 0.02 334 2223 100.0 14.79 8.9088
186 83 42.0076 0.84 100.0 445.0 549.35 1349.45 1122.93 3.91 5.71 137.65 2212.11 8326.15 1.02 41.92 130.46 2388.21 8089.25 9.3487 0.02 331 2212 100.0 10.74 6.3689
186 84 9.9997 0.25 100.0 489.05 604.34 1503.28 1310.28 10.52 15.49 394.7 2318.91 8791.89 1.26 45.24 371.81 2388.0 8139.79 8.6424 0.03 369 2319 100.0 28.52 17.1423
186 85 42.0054 0.84 100.0 445.0 549.38 1360.31 1122.5 3.91 5.72 138.95 2212.18 8326.02 1.02 41.84 130.42 2388.27 8099.58 9.3261 0.02 330 2212 100.0 10.57 6.4284
186 86 10.005 0.25 100.0 489.05 604.33 1501.53 1304.92 10.52 15.49 395.23 2318.88 8793.39 1.26 45.38 372.56 2388.03 8141.43 8.6134 0.03 368 2319 100.0 28.76 17.241
186 87 19.9987 0.7017 100.0 491.19 606.93 1483.23 1246.27 9.35 13.65 334.9 2324.06 8739.37 1.08 44.29 314.77 2388.16 8069.23 9.2062 0.02 364 2324 100.0 24.56 14.7943
186 88 42.0059 0.84 100.0 445.0 549.39 1351.33 1126.25 3.91 5.71 138.83 2212.14 8331.76 1.02 41.86 131.04 2388.29 8098.09 9.3534 0.02 329 2212 100.0 10.65 6.2901
186 89 0.0013 0.0 100.0 518.67 642.06 1585.54 1407.75 14.62 21.61 554.4 2388.08 9067.38 1.3 47.35 521.67 2388.06 8149.21 8.4438 0.03 393 2388 100.0 39.07 23.4772
186 90 10.0073 0.25 100.0 489.05 604.71 1495.74 1306.29 10.52 15.49 394.73 2318.87 8787.06 1.26 45.3 371.59 2388.1 8137.77 8.6422 0.03 369 2319 100.0 28.72 17.1745
186 91 20.0039 0.7 100.0 491.19 607.86 1474.13 1238.57 9.35 13.65 335.2 2324.0 8734.87 1.08 44.32 314.88 2388.13 8071.79 9.1985 0.02 365 2324 100.0 24.41 14.6248
186 92 42.0061 0.8409 100.0 445.0 549.39 1352.18 1130.22 3.91 5.72 138.86 2212.16 8331.42 1.02 42.0 130.57 2388.23 8099.54 9.354 0.02 330 2212 100.0 10.75 6.3313
186 93 20.0028 0.7 100.0 491.19 607.46 1478.93 1251.28 9.35 13.66 335.37 2323.99 8736.44 1.08 44.17 315.23 2388.16 8074.97 9.2311 0.02 364 2324 100.0 24.38 14.6301
186 94 20.0005 0.7 100.0 491.19 607.27 1487.49 1250.57 9.35 13.66 335.17 2323.99 8729.24 1.07 44.2 315.21 2388.15 8069.33 9.2089 0.02 365 2324 100.0 24.52 14.7479
186 95 20.002 0.7 100.0 491.19 607.64 1476.86 1241.5 9.35 13.66 334.71 2323.99 8733.14 1.08 44.06 315.48 2388.17 8067.44 9.1964 0.02 365 2324 100.0 24.52 14.699
186 96 35.0007 0.84 100.0 449.44 555.1 1366.21 1120.03 5.48 8.0 194.6 2223.19 8365.83 1.02 41.84 183.42 2388.26 8081.69 9.2825 0.02 332 2223 100.0 15.05 8.8141
186 97 10.0076 0.2512 100.0 489.05 604.63 1500.33 1306.73 10.52 15.49 395.01 2318.84 8803.43 1.26 45.33 371.84 2388.1 8139.29 8.6707 0.03 369 2319 100.0 28.72 17.1395
186 98 42.007 0.8401 100.0 445.0 549.32 1355.83 1125.95 3.91 5.72 138.74 2212.17 8333.9 1.02 42.06 130.07 2388.26 8095.09 9.3448 0.02 331 2212 100.0 10.51 6.3556
186 99 42.0075 0.8407 100.0 445.0 549.97 1350.75 1120.25 3.91 5.72 138.97 2212.2 8336.77 1.02 42.03 130.52 2388.27 8095.26 9.3527 0.02 330 2212 100.0 10.58 6.365
186 100 42.0044 0.84 100.0 445.0 549.5 1354.0 1127.9 3.91 5.72 138.92 2212.15 8337.5 1.02 41.99 131.17 2388.2 8099.89 9.3093 0.02 331 2212 100.0 10.65 6.4088
186 101 34.9999 0.84 100.0 449.44 555.53 1362.92 1127.81 5.48 8.0 194.4 2223.19 8365.03 1.02 41.97 182.87 2388.27 8085.42 9.2938 0.02 334 2223 100.0 14.85 8.9592
186 102 35.0067 0.8418 100.0 449.44 555.18 1362.97 1124.96 5.48 8.0 194.83 2223.22 8366.68 1.02 41.81 183.44 2388.29 8080.54 9.2976 0.02 334 2223 100.0 14.89 8.886
186 103 25.0008 0.62 60.0 462.54 537.01 1268.43 1042.01 7.05 9.03 176.23 1915.55 8022.98 0.94 36.67 164.23 2028.44 7886.59 10.8863 0.02 306 1915 84.93 14.23 8.5197
186 104 41.9985 0.84 100.0 445.0 549.98 1353.63 1126.6 3.91 5.72 138.23 2212.19 8327.42 1.02 42.04 130.31 2388.29 8096.67 9.3271 0.02 331 2212 100.0 10.55 6.3674
186 105 0.0018 0.0017 100.0 518.67 642.87 1586.78 1402.82 14.62 21.61 553.03 2388.07 9073.21 1.3 47.27 522.24 2388.02 8150.36 8.3878 0.03 393 2388 100.0 38.69 23.283
186 106 0.0018 0.002 100.0 518.67 642.64 1592.38 1399.39 14.62 21.61 554.13 2388.04 9078.09 1.3 47.15 522.01 2388.07 8151.03 8.4036 0.03 393 2388 100.0 38.82 23.3155
186 107 20.0017 0.7 100.0 491.19 607.69 1487.53 1250.91 9.35 13.66 335.6 2323.97 8734.89 1.08 44.28 315.25 2388.15 8075.03 9.2101 0.02 365 2324 100.0 24.47 14.6964
186 108 20.0032 0.7 100.0 491.19 607.54 1480.41 1250.24 9.35 13.66 334.88 2324.03 8738.71 1.08 44.4 315.77 2388.11 8076.39 9.2018 0.02 364 2324 100.0 24.61 14.6872
186 109 42.0004 0.8407 100.0 445.0 549.71 1344.52 1128.83 3.91 5.71 139.33 2212.2 8340.88 1.02 42.0 130.55 2388.32 8097.62 9.3153 0.02 332 2212 100.0 10.67 6.3459
186 110 0.0026 0.0005 100.0 518.67 642.36 1582.73 1401.92 14.62 21.61 553.66 2388.05 9070.4 1.3 47.54 521.86 2388.0 8156.33 8.4222 0.03 392 2388 100.0 38.87 23.4163
186 111 42.0067 0.8414 100.0 445.0 549.57 1346.76 1120.03 3.91 5.71 138.87 2212.22 8335.03 1.02 42.16 130.28 2388.28 8099.27 9.3609 0.02 331 2212 100.0 10.59 6.3208
186 112 19.9993 0.7 100.0 491.19 607.42 1480.59 1244.5 9.35 13.66 335.32 2324.03 8738.44 1.08 44.31 314.68 2388.16 8081.25 9.2467 0.02 364 2324 100.0 24.5 14.7083
186 113 24.9987 0.6202 60.0 462.54 536.81 1254.85 1042.76 7.05 9.03 174.94 1915.59 8022.3 0.94 36.54 164.98 2028.48 7888.72 10.8764 0.02 305 1915 84.93 14.19 8.5113
186 114 0.0017 0.0014 100.0 518.67 642.23 1582.21 1402.84 14.62 21.61 554.17 2388.02 9076.68 1.3 47.34 521.79 2388.02 8153.28 8.4498 0.03 393 2388 100.0 38.82 23.3116
186 115 24.9988 0.62 60.0 462.54 536.91 1262.49 1044.45 7.05 9.03 175.99 1915.61 8027.87 0.94 36.7 164.58 2028.49 7891.49 10.8989 0.02 308 1915 84.93 14.19 8.5823
186 116 42.0071 0.8417 100.0 445.0 549.21 1351.93 1124.07 3.91 5.72 138.63 2212.23 8337.22 1.02 41.95 130.59 2388.31 8100.57 9.324 0.02 330 2212 100.0 10.68 6.355
186 117 25.0063 0.62 60.0 462.54 536.88 1262.71 1046.27 7.05 9.03 174.92 1915.64 8024.02 0.94 36.71 165.31 2028.51 7885.64 10.9054 0.02 307 1915 84.93 14.26 8.6258
186 118 0.0022 0.0 100.0 518.67 642.39 1587.32 1405.57 14.62 21.61 554.1 2388.02 9075.56 1.3 47.32 522.2 2388.05 8150.2 8.423 0.03 394 2388 100.0 38.95 23.2949
186 119 10.0013 0.2505 100.0 489.05 604.97 1502.71 1312.19 10.52 15.49 394.1 2318.85 8791.29 1.26 45.27 372.38 2388.19 8152.41 8.6277 0.03 369 2319 100.0 28.55 17.2022
186 120 0.0026 0.0006 100.0 518.67 642.66 1586.44 1411.1 14.62 21.61 553.61 2388.06 9076.29 1.3 47.3 522.35 2388.05 8157.17 8.429 0.03 392 2388 100.0 38.82 23.4166
186 121 10.0013 0.25 100.0 489.05 604.75 1498.22 1310.41 10.52 15.49 394.91 2318.9 8800.16 1.26 45.42 371.13 2388.08 8145.89 8.6283 0.03 369 2319 100.0 28.6 17.123
186 122 35.0066 0.84 100.0 449.44 555.76 1362.82 1131.13 5.48 8.0 194.71 2223.3 8365.9 1.03 41.96 183.0 2388.38 8087.43 9.3259 0.02 334 2223 100.0 15.12 8.9273
186 123 35.0013 0.84 100.0 449.44 555.57 1363.02 1127.84 5.48 8.0 195.03 2223.27 8374.26 1.02 41.81 182.85 2388.34 8087.92 9.2933 0.02 335 2223 100.0 14.82 8.9729
186 124 42.0064 0.84 100.0 445.0 549.28 1348.15 1132.9 3.91 5.72 138.75 2212.27 8343.31 1.02 41.92 130.23 2388.39 8113.41 9.3917 0.02 330 2212 100.0 10.63 6.3361
186 125 25.0075 0.6205 60.0 462.54 536.8 1258.89 1056.87 7.05 9.03 174.94 1915.66 8023.77 0.94 36.76 164.38 2028.56 7896.57 10.8928 0.02 307 1915 84.93 14.35 8.5782
186 126 25.0001 0.62 60.0 462.54 536.43 1267.44 1044.05 7.05 9.03 175.72 1915.68 8024.28 0.94 36.86 164.51 2028.56 7893.89 10.9002 0.02 308 1915 84.93 14.29 8.6204
186 127 10.004 0.251 100.0 489.05 604.14 1494.49 1309.09 10.52 15.49 394.26 2318.92 8796.39 1.26 45.44 372.09 2388.09 8147.46 8.6819 0.03 369 2319 100.0 28.65 17.1347
186 128 25.0003 0.6217 60.0 462.54 536.91 1259.46 1047.56 7.05 9.03 175.81 1915.61 8032.72 0.94 36.7 164.9 2028.57 7889.82 10.9031 0.02 308 1915 84.93 14.34 8.5467
186 129 20.0065 0.7014 100.0 491.19 607.68 1484.75 1252.92 9.35 13.66 334.45 2324.1 8740.21 1.08 44.13 315.36 2388.22 8080.66 9.2197 0.02 365 2324 100.0 24.6 14.6445
186 130 0.0023 0.0 100.0 518.67 642.42 1594.28 1405.36 14.62 21.61 554.36 2388.02 9081.18 1.3 47.3 521.6 2388.01 8154.78 8.4391 0.03 393 2388 100.0 39.01 23.4233
186 131 42.0042 0.84 100.0 445.0 549.97 1354.06 1134.82 3.91 5.72 138.47 2212.29 8339.92 1.02 42.23 131.09 2388.45 8104.79 9.3664 0.02 330 2212 100.0 10.53 6.249
186 132 10.0065 0.2506 100.0 489.05 604.67 1504.6 1312.85 10.52 15.49 394.28 2318.96 8803.35 1.26 45.42 371.17 2388.16 8151.73 8.6717 0.03 370 2319 100.0 28.48 17.1312
186 133 35.0005 0.84 100.0 449.44 555.6 1374.3 1134.08 5.48 8.0 194.96 2223.32 8372.09 1.02 41.99 183.37 2388.46 8084.64 9.2975 0.02 333 2223 100.0 14.91 8.8421
186 134 0.0004 0.0 100.0 518.67 643.33 1589.68 1407.49 14.62 21.61 553.38 2388.08 9079.24 1.3 47.51 521.4 2388.05 8157.99 8.4445 0.03 393 2388 100.0 38.76 23.2642
186 135 20.0041 0.7 100.0 491.19 606.92 1486.42 1253.88 9.35 13.66 334.63 2324.07 8746.21 1.07 44.52 314.84 2388.17 8080.07 9.2034 0.02 366 2324 100.0 24.42 14.7212
186 136 9.9989 0.2515 100.0 489.05 604.95 1498.28 1310.12 10.52 15.49 394.45 2318.92 8802.79 1.26 45.43 371.55 2388.12 8155.97 8.6705 0.03 370 2319 100.0 28.52 17.1233
186 137 25.0037 0.6207 60.0 462.54 536.95 1259.91 1046.09 7.05 9.03 176.01 1915.66 8028.58 0.94 36.68 165.28 2028.71 7897.31 10.9163 0.02 308 1915 84.93 14.38 8.6139
186 138 35.0012 0.8402 100.0 449.44 556.05 1363.27 1134.64 5.48 8.0 194.63 2223.36 8364.86 1.02 41.91 182.71 2388.47 8088.03 9.2977 0.02 335 2223 100.0 14.72 8.868
186 139 0.0003 0.0 100.0 518.67 643.13 1593.01 1403.94 14.62 21.61 554.05 2388.02 9084.61 1.3 47.63 521.8 2388.03 8164.86 8.4205 0.03 393 2388 100.0 38.81 23.2415
186 140 24.9989 0.62 60.0 462.54 536.92 1270.52 1054.92 7.05 9.03 175.6 1915.77 8029.05 0.94 36.9 164.51 2028.69 7897.58 10.9064 0.02 309 1915 84.93 14.2 8.6098
186 141 9.9993 0.25 100.0 489.05 604.37 1509.05 1315.36 10.52 15.5 394.14 2318.94 8811.85 1.26 45.38 371.9 2388.17 8157.58 8.6559 0.03 369 2319 100.0 28.51 17.0659
186 142 41.9988 0.84 100.0 445.0 549.99 1347.42 1128.98 3.91 5.72 138.52 2212.35 8349.32 1.02 42.21 130.46 2388.49 8114.39 9.3571 0.02 334 2212 100.0 10.41 6.4128
186 143 42.0052 0.84 100.0 445.0 549.6 1346.97 1131.09 3.91 5.72 139.03 2212.41 8356.0 1.02 42.12 130.87 2388.52 8110.88 9.3745 0.02 332 2212 100.0 10.64 6.3889
186 144 42.0014 0.8408 100.0 445.0 549.79 1357.47 1127.0 3.91 5.72 138.59 2212.47 8356.87 1.02 42.11 131.26 2388.61 8119.21 9.3577 0.02 331 2212 100.0 10.73 6.374
186 145 41.999 0.84 100.0 445.0 550.02 1356.84 1134.48 3.91 5.72 137.93 2212.41 8352.66 1.02 42.13 130.97 2388.56 8115.41 9.4064 0.02 332 2212 100.0 10.55 6.335
186 146 42.0001 0.84 100.0 445.0 549.75 1353.61 1135.4 3.91 5.72 139.16 2212.42 8353.31 1.02 42.28 130.01 2388.46 8108.02 9.361 0.02 331 2212 100.0 10.72 6.3358
186 147 0.003 0.0003 100.0 518.67 642.38 1587.67 1410.71 14.62 21.61 553.24 2388.1 9093.8 1.3 47.59 521.58 2388.09 8164.03 8.4652 0.03 393 2388 100.0 38.75 23.2474
186 148 9.9998 0.25 100.0 489.05 605.31 1502.43 1315.36 10.52 15.49 394.19 2319.0 8806.24 1.26 45.58 371.71 2388.16 8161.33 8.6809 0.03 371 2319 100.0 28.45 17.0911
186 149 0.0 0.0 100.0 518.67 642.9 1588.41 1406.8 14.62 21.61 553.67 2388.11 9089.57 1.3 47.71 521.3 2388.09 8166.1 8.4482 0.03 392 2388 100.0 38.62 23.2408
186 150 34.9981 0.84 100.0 449.44 556.08 1370.92 1131.1 5.48 8.0 194.68 2223.51 8389.96 1.02 42.03 182.73 2388.66 8097.02 9.335 0.02 335 2223 100.0 15.03 8.8293
186 151 0.0019 0.0 100.0 518.67 642.89 1594.06 1418.43 14.62 21.61 553.41 2388.07 9090.14 1.3 47.49 521.48 2388.09 8168.13 8.4376 0.03 394 2388 100.0 38.85 23.282
186 152 20.0011 0.7 100.0 491.19 608.03 1482.93 1260.22 9.35 13.66 334.12 2324.2 8748.29 1.07 44.55 315.06 2388.34 8088.04 9.2409 0.02 367 2324 100.0 24.42 14.6152
186 153 35.0046 0.84 100.0 449.44 555.97 1363.44 1134.23 5.48 8.0 194.84 2223.49 8370.53 1.02 41.99 182.8 2388.66 8098.58 9.3639 0.02 333 2223 100.0 14.85 8.8455
186 154 0.0019 0.0018 100.0 518.67 642.55 1594.55 1411.85 14.62 21.61 553.79 2388.07 9102.32 1.3 47.59 521.46 2388.1 8168.67 8.4313 0.03 396 2388 100.0 38.61 23.3212
186 155 35.0028 0.84 100.0 449.44 556.29 1375.4 1136.56 5.48 8.0 194.59 2223.56 8386.87 1.02 42.14 182.7 2388.67 8098.55 9.3344 0.02 336 2223 100.0 14.77 8.8799
186 156 0.0024 0.0 100.0 518.67 642.21 1600.22 1407.0 14.62 21.61 552.92 2388.06 9096.3 1.3 47.69 521.17 2388.07 8172.3 8.4732 0.03 395 2388 100.0 38.79 23.222
186 157 25.0035 0.6217 60.0 462.54 536.41 1269.01 1049.23 7.05 9.03 175.17 1915.89 8041.99 0.94 36.73 164.34 2028.85 7909.38 10.9398 0.02 308 1915 84.93 14.07 8.6372
186 158 20.0067 0.7004 100.0 491.19 607.55 1484.51 1260.88 9.35 13.66 334.5 2324.17 8767.48 1.08 44.68 314.98 2388.36 8088.52 9.2808 0.02 366 2324 100.0 24.37 14.6796
186 159 20.0012 0.7002 100.0 491.19 608.44 1487.77 1256.62 9.35 13.66 334.02 2324.26 8763.62 1.08 44.47 314.84 2388.4 8094.84 9.2737 0.02 367 2324 100.0 24.31 14.6856
186 160 10.0047 0.25 100.0 489.05 605.17 1512.4 1317.0 10.52 15.49 393.81 2319.05 8817.4 1.26 45.72 371.26 2388.17 8160.28 8.6719 0.03 372 2319 100.0 28.47 17.1626
186 161 0.0004 0.0 100.0 518.67 643.2 1589.58 1409.24 14.62 21.61 553.38 2388.1 9101.84 1.3 47.61 520.72 2388.08 8175.98 8.4727 0.03 395 2388 100.0 38.73 23.335
186 162 41.9997 0.84 100.0 445.0 549.46 1357.37 1134.6 3.91 5.72 138.76 2212.61 8365.44 1.02 42.15 130.74 2388.75 8127.64 9.3796 0.02 333 2212 100.0 10.56 6.3398
186 163 42.0031 0.8407 100.0 445.0 549.86 1355.62 1132.44 3.91 5.72 138.98 2212.68 8364.93 1.02 42.25 130.92 2388.79 8124.12 9.3474 0.02 332 2212 100.0 10.53 6.3744
186 164 0.0017 0.0 100.0 518.67 642.76 1590.85 1410.75 14.62 21.61 553.48 2388.07 9099.05 1.3 47.71 521.78 2388.11 8178.4 8.4729 0.03 393 2388 100.0 38.63 23.1705
186 165 35.006 0.84 100.0 449.44 555.8 1378.12 1135.34 5.48 8.0 194.77 2223.74 8397.93 1.02 42.03 183.53 2388.84 8113.25 9.3508 0.02 334 2223 100.0 14.92 8.8383
186 166 25.0079 0.6204 60.0 462.54 536.97 1263.43 1052.28 7.05 9.03 175.71 1916.05 8041.7 0.94 36.89 164.84 2028.94 7912.52 10.9547 0.02 309 1915 84.93 14.33 8.5529
186 167 10.0051 0.25 100.0 489.05 605.92 1502.53 1321.39 10.52 15.5 394.52 2319.0 8828.03 1.26 45.54 370.78 2388.25 8170.95 8.6941 0.03 372 2319 100.0 28.32 17.0856
186 168 34.9997 0.84 100.0 449.44 556.39 1369.06 1138.99 5.48 8.0 194.07 2223.81 8397.49 1.02 42.09 182.97 2388.92 8109.86 9.3371 0.02 335 2223 100.0 14.86 8.9412
186 169 10.0047 0.2511 100.0 489.05 605.44 1504.61 1320.54 10.52 15.5 393.78 2319.03 8832.92 1.26 45.78 371.79 2388.24 8174.26 8.6618 0.03 371 2319 100.0 28.54 16.9421
186 170 25.0009 0.6213 60.0 462.54 536.8 1265.03 1054.72 7.05 9.03 174.94 1916.11 8048.2 0.94 36.96 164.17 2029.02 7918.66 10.9644 0.02 309 1915 84.93 14.26 8.5306
186 171 42.0026 0.84 100.0 445.0 550.35 1357.95 1127.88 3.91 5.72 138.43 2212.76 8374.97 1.03 42.33 130.92 2388.9 8134.13 9.3809 0.02 333 2212 100.0 10.66 6.3439
186 172 25.0051 0.62 60.0 462.54 537.39 1267.64 1057.2 7.05 9.03 175.81 1916.13 8059.72 0.94 36.98 164.31 2029.08 7908.02 10.9531 0.02 309 1915 84.93 14.31 8.5481
186 173 0.0007 0.0 100.0 518.67 643.3 1590.12 1412.02 14.62 21.61 552.26 2388.13 9112.96 1.3 47.77 521.06 2388.07 8186.67 8.4977 0.03 395 2388 100.0 38.77 23.1682
186 174 10.0079 0.25 100.0 489.05 605.42 1512.38 1324.9 10.52 15.5 393.98 2319.1 8835.85 1.26 45.8 371.16 2388.28 8181.2 8.6667 0.03 371 2319 100.0 28.42 17.0976
186 175 0.002 0.0011 100.0 518.67 642.82 1591.56 1422.38 14.62 21.61 552.91 2388.11 9120.93 1.3 47.78 521.17 2388.1 8189.2 8.4673 0.03 396 2388 100.0 38.7 23.1057
186 176 24.9985 0.62 60.0 462.54 537.62 1268.33 1063.66 7.05 9.03 175.16 1916.16 8062.23 0.94 36.82 164.32 2029.18 7918.47 10.9907 0.02 309 1915 84.93 14.14 8.6059
186 177 20.0039 0.7 100.0 491.19 608.24 1491.3 1257.74 9.35 13.66 333.87 2324.36 8788.63 1.08 44.63 314.68 2388.45 8117.08 9.2739 0.03 367 2324 100.0 24.42 14.5067
186 178 24.9981 0.6209 60.0 462.54 537.06 1271.61 1053.73 7.05 9.03 174.8 1916.29 8063.18 0.94 37.07 164.78 2029.26 7920.33 10.964 0.02 310 1915 84.93 14.22 8.5019
186 179 0.0012 0.0006 100.0 518.67 643.43 1595.65 1417.81 14.62 21.61 552.45 2388.07 9118.24 1.3 47.76 520.23 2388.14 8194.24 8.4819 0.03 394 2388 100.0 38.48 23.1841
186 180 35.0068 0.8406 100.0 449.44 556.4 1374.28 1137.71 5.48 8.0 194.28 2223.98 8413.46 1.02 42.14 182.69 2389.14 8128.02 9.3798 0.02 337 2223 100.0 14.56 8.9149
186 181 42.0019 0.8403 100.0 445.0 549.76 1358.11 1142.82 3.91 5.72 138.84 2213.01 8398.12 1.03 42.61 130.72 2389.11 8148.87 9.3564 0.02 333 2212 100.0 10.61 6.2832
186 182 10.0049 0.25 100.0 489.05 605.69 1510.41 1323.02 10.52 15.5 393.36 2319.14 8848.63 1.26 45.65 371.12 2388.35 8187.99 8.6863 0.03 371 2319 100.0 28.36 17.0075
186 183 25.0036 0.62 60.0 462.54 537.64 1266.47 1065.46 7.05 9.03 175.04 1916.4 8068.29 0.94 36.98 163.69 2029.35 7929.85 10.9854 0.02 307 1915 84.93 14.22 8.5829
186 184 42.0053 0.84 100.0 445.0 550.56 1364.7 1148.15 3.91 5.72 138.26 2213.02 8395.59 1.02 42.6 131.1 2389.28 8152.65 9.3878 0.02 335 2212 100.0 10.52 6.2787
186 185 25.0006 0.62 60.0 462.54 537.47 1276.87 1059.47 7.05 9.03 174.52 1916.45 8066.66 0.94 36.99 163.93 2029.49 7931.39 11.0303 0.02 311 1915 84.93 14.01 8.3976
186 186 35.0063 0.84 100.0 449.44 556.63 1374.05 1147.79 5.48 8.01 194.45 2224.19 8426.52 1.02 42.31 183.05 2389.38 8132.99 9.3854 0.02 338 2223 100.0 14.78 8.764
186 187 10.0065 0.2504 100.0 489.05 605.86 1517.18 1331.51 10.52 15.5 393.21 2319.13 8862.13 1.26 45.82 371.17 2388.35 8200.56 8.7179 0.03 373 2319 100.0 28.25 16.9644
186 188 0.0012 0.0 100.0 518.67 643.05 1605.0 1427.48 14.62 21.61 552.63 2388.17 9143.12 1.3 47.84 520.74 2388.12 8211.24 8.514 0.03 397 2388 100.0 38.77 23.0534
186 189 42.0049 0.84 100.0 445.0 549.79 1373.52 1138.64 3.91 5.72 138.22 2213.17 8405.53 1.03 42.69 130.79 2389.39 8159.98 9.4125 0.02 334 2212 100.0 10.53 6.3012
186 190 10.0035 0.2514 100.0 489.05 605.64 1519.39 1325.32 10.52 15.5 393.37 2319.13 8869.43 1.26 45.91 370.23 2388.35 8208.46 8.7301 0.03 371 2319 100.0 28.36 17.0382
186 191 25.0036 0.6208 60.0 462.54 537.22 1264.67 1061.82 7.05 9.03 175.12 1916.62 8078.36 0.94 36.97 163.9 2029.58 7938.91 11.0062 0.02 308 1915 84.93 14.2 8.5417
186 192 0.0024 0.0 100.0 518.67 643.31 1603.08 1433.33 14.62 21.61 551.76 2388.13 9157.18 1.3 48.08 519.53 2388.2 8215.76 8.5247 0.03 397 2388 100.0 38.5 23.0949
186 193 35.0048 0.84 100.0 449.44 557.03 1376.97 1155.05 5.48 8.01 194.01 2224.42 8444.77 1.02 42.56 182.99 2389.65 8143.37 9.42 0.02 338 2223 100.0 14.67 8.8234
186 194 41.9994 0.84 100.0 445.0 550.72 1361.77 1150.93 3.91 5.72 139.36 2213.3 8418.66 1.03 42.78 130.84 2389.5 8172.06 9.4301 0.02 334 2212 100.0 10.3 6.4011
238 1 25.0057 0.62 60.0 462.54 536.72 1259.24 1048.42 7.05 9.03 176.08 1915.25 8007.57 0.94 36.66 164.63 2028.15 7872.59 10.9078 0.02 308 1915 84.93 14.29 8.5926
238 2 42.0031 0.84 100.0 445.0 549.71 1355.73 1129.95 3.91 5.72 139.08 2211.8 8313.19 1.02 42.19 130.42 2387.83 8078.94 9.4277 0.02 332 2212 100.0 10.61 6.2943
238 3 20.0062 0.7 100.0 491.19 607.72 1479.77 1249.47 9.35 13.66 334.69 2323.96 8726.87 1.08 44.61 314.24 2388.06 8056.16 9.2408 0.03 366 2324 100.0 24.35 14.7098
238 4 20.0038 0.7017 100.0 491.19 607.83 1482.5 1259.35 9.35 13.66 334.08 2323.95 8721.67 1.07 44.45 315.0 2388.14 8045.18 9.2191 0.02 365 2324 100.0 24.23 14.6463
238 5 25.0011 0.6213 60.0 462.54 536.99 1257.95 1049.04 7.05 9.03 175.62 1915.25 8000.22 0.94 36.99 164.64 2028.22 7868.18 10.8955 0.02 307 1915 84.93 14.44 8.5831
238 6 41.9994 0.84 100.0 445.0 549.7 1357.1 1122.32 3.91 5.71 139.01 2211.73 8317.93 1.02 42.08 130.0 2387.84 8080.12 9.3592 0.02 331 2212 100.0 10.62 6.4213
238 7 0.0 0.0012 100.0 518.67 642.54 1587.17 1416.02 14.62 21.61 553.17 2388.14 9045.9 1.3 47.41 520.76 2388.13 8130.98 8.4894 0.03 394 2388 100.0 38.93 23.2345
238 8 10.0051 0.25 100.0 489.05 604.58 1498.6 1307.49 10.52 15.49 394.04 2318.97 8762.38 1.26 45.42 371.37 2388.14 8124.29 8.6408 0.03 369 2319 100.0 28.46 17.101
238 9 0.0025 0.0011 100.0 518.67 641.83 1588.88 1410.4 14.62 21.61 553.32 2388.13 9045.14 1.3 47.6 520.94 2388.09 8125.98 8.4608 0.03 393 2388 100.0 38.83 23.3071
238 10 24.9995 0.62 60.0 462.54 536.97 1260.55 1051.65 7.05 9.02 174.99 1915.22 8007.0 0.93 36.63 164.37 2028.14 7866.7 10.9275 0.02 307 1915 84.93 14.14 8.5087
238 11 42.0025 0.84 100.0 445.0 549.44 1354.19 1132.69 3.91 5.71 139.18 2211.77 8312.35 1.02 42.23 130.18 2387.76 8073.85 9.3811 0.02 332 2212 100.0 10.51 6.3465
238 12 42.0034 0.841 100.0 445.0 549.6 1357.69 1123.16 3.91 5.71 139.53 2211.75 8315.76 1.02 42.07 130.41 2387.85 8075.59 9.3647 0.02 331 2212 100.0 10.55 6.3311
238 13 20.0006 0.7 100.0 491.19 607.81 1486.12 1258.54 9.35 13.65 333.89 2323.97 8722.94 1.07 44.53 314.72 2388.12 8051.71 9.2558 0.02 365 2324 100.0 24.66 14.7614
238 14 35.0045 0.8416 100.0 449.44 555.56 1365.67 1130.91 5.48 8.0 194.62 2222.88 8341.65 1.02 41.93 182.9 2387.96 8059.69 9.3393 0.02 334 2223 100.0 14.88 8.89
238 15 10.0001 0.25 100.0 489.05 604.92 1497.7 1312.27 10.52 15.49 394.26 2319.0 8765.01 1.26 45.53 371.78 2388.14 8119.22 8.6418 0.03 369 2319 100.0 28.46 17.0806
238 16 20.0037 0.7 100.0 491.19 607.49 1483.44 1253.34 9.35 13.65 334.27 2323.97 8715.99 1.08 44.42 314.76 2388.08 8051.41 9.2159 0.02 364 2324 100.0 24.39 14.7174
238 17 35.0063 0.84 100.0 449.44 555.6 1366.84 1128.26 5.48 8.0 194.12 2222.85 8341.3 1.02 41.96 183.28 2387.91 8063.24 9.3295 0.02 334 2223 100.0 14.83 8.8562
238 18 42.0069 0.84 100.0 445.0 550.11 1354.18 1123.91 3.91 5.72 138.83 2211.75 8318.01 1.02 42.19 130.34 2387.76 8076.24 9.3649 0.02 331 2212 100.0 10.65 6.3851
238 19 41.9985 0.8401 100.0 445.0 549.3 1354.34 1122.89 3.91 5.72 138.66 2211.8 8314.03 1.02 42.06 131.04 2387.86 8079.07 9.4037 0.02 331 2212 100.0 10.62 6.4021
238 20 35.0061 0.8417 100.0 449.44 555.47 1371.5 1130.38 5.48 8.0 194.39 2222.87 8346.43 1.02 42.03 182.9 2387.95 8064.64 9.3438 0.02 335 2223 100.0 14.86 8.89
238 21 0.0027 0.002 100.0 518.67 643.07 1594.73 1409.38 14.62 21.61 553.6 2388.1 9049.79 1.3 47.49 521.4 2388.07 8131.8 8.4567 0.03 392 2388 100.0 38.78 23.3462
238 22 35.006 0.84 100.0 449.44 556.08 1368.48 1127.03 5.48 8.0 194.47 2222.85 8344.9 1.02 42.03 182.98 2387.91 8063.17 9.3154 0.02 334 2223 100.0 14.79 8.88
238 23 10.0027 0.25 100.0 489.05 604.5 1497.27 1314.97 10.52 15.49 393.8 2318.96 8772.58 1.26 45.53 371.87 2388.15 8125.81 8.6455 0.03 370 2319 100.0 28.22 17.1052
238 24 25.0027 0.62 60.0 462.54 537.17 1266.86 1054.72 7.05 9.03 175.35 1915.27 8006.12 0.94 37.06 164.57 2028.12 7877.22 10.9343 0.02 307 1915 84.93 14.2 8.5465
238 25 20.0041 0.7019 100.0 491.19 607.87 1487.93 1252.14 9.35 13.66 334.09 2323.97 8718.01 1.07 44.6 315.14 2388.12 8056.59 9.2522 0.02 366 2324 100.0 24.37 14.7217
238 26 0.0018 0.0 100.0 518.67 642.33 1589.14 1411.18 14.62 21.61 553.68 2388.09 9051.09 1.3 47.51 521.24 2388.03 8128.59 8.4313 0.03 393 2388 100.0 38.86 23.328
238 27 10.003 0.25 100.0 489.05 604.41 1500.6 1314.37 10.52 15.5 395.0 2319.0 8770.05 1.26 45.24 371.78 2388.13 8122.2 8.66 0.03 369 2319 100.0 28.4 17.1743
238 28 35.002 0.8411 100.0 449.44 555.53 1366.66 1128.39 5.48 8.0 194.49 2222.76 8348.36 1.03 41.85 183.12 2387.92 8064.55 9.3113 0.02 335 2223 100.0 14.88 9.0271
238 29 25.0001 0.6207 60.0 462.54 536.44 1264.91 1046.05 7.05 9.03 175.79 1915.24 8006.02 0.94 36.9 164.78 2028.1 7863.97 10.9506 0.02 307 1915 84.93 14.39 8.6157
238 30 42.0011 0.84 100.0 445.0 549.72 1352.05 1127.69 3.91 5.72 138.66 2211.7 8312.59 1.02 42.03 129.81 2387.74 8074.27 9.3883 0.02 331 2212 100.0 10.61 6.3569
238 31 35.0031 0.8412 100.0 449.44 555.93 1363.13 1133.5 5.48 8.0 194.91 2222.83 8346.04 1.02 42.06 182.89 2387.91 8065.08 9.2895 0.02 335 2223 100.0 14.86 8.9961
238 32 35.0058 0.84 100.0 449.44 556.07 1365.05 1129.61 5.48 8.0 194.63 2222.79 8337.72 1.02 41.96 182.81 2387.91 8057.31 9.3563 0.02 333 2223 100.0 14.73 8.9555
238 33 42.0045 0.84 100.0 445.0 549.7 1351.58 1120.38 3.91 5.71 138.65 2211.73 8309.35 1.02 42.1 130.06 2387.79 8076.22 9.3671 0.02 331 2212 100.0 10.49 6.3261
238 34 20.0057 0.7003 100.0 491.19 607.78 1489.53 1253.62 9.35 13.66 334.63 2323.95 8721.01 1.07 44.53 314.93 2388.11 8056.77 9.2033 0.02 365 2324 100.0 24.55 14.7463
238 35 42.0063 0.8402 100.0 445.0 549.68 1351.16 1135.02 3.91 5.71 139.16 2211.73 8314.75 1.02 42.06 130.92 2387.78 8076.38 9.3869 0.02 329 2212 100.0 10.51 6.3881
238 36 20.0014 0.7 100.0 491.19 607.43 1489.41 1253.64 9.35 13.66 334.91 2323.95 8714.9 1.08 44.53 315.08 2388.11 8054.72 9.25 0.02 367 2324 100.0 24.46 14.5958
238 37 20.003 0.7007 100.0 491.19 607.15 1484.99 1254.11 9.35 13.66 334.06 2323.95 8713.33 1.08 44.55 315.15 2388.06 8053.11 9.2356 0.02 366 2324 100.0 24.35 14.6356
238 38 42.0027 0.84 100.0 445.0 550.07 1341.07 1128.12 3.91 5.71 137.91 2211.76 8315.35 1.02 42.14 130.54 2387.81 8075.83 9.3868 0.02 332 2212 100.0 10.54 6.3112
238 39 0.0015 0.0 100.0 518.67 642.2 1593.55 1406.88 14.62 21.61 553.62 2388.07 9047.21 1.3 47.47 521.3 2388.11 8131.44 8.412 0.03 393 2388 100.0 38.94 23.2876
238 40 20.007 0.7 100.0 491.19 607.97 1487.83 1250.12 9.35 13.66 334.39 2323.97 8716.29 1.08 44.29 315.28 2388.1 8052.84 9.2517 0.02 367 2324 100.0 24.44 14.6258
238 41 0.0008 0.0 100.0 518.67 642.46 1591.78 1412.44 14.62 21.61 553.38 2388.18 9057.23 1.3 47.63 521.62 2388.21 8134.48 8.4555 0.03 393 2388 100.0 38.66 23.2895
238 42 10.0075 0.2517 100.0 489.05 605.12 1498.51 1317.42 10.52 15.49 394.75 2319.01 8777.18 1.26 45.52 371.98 2388.19 8124.58 8.6623 0.03 370 2319 100.0 28.39 17.1597
238 43 35.0051 0.84 100.0 449.44 555.71 1364.12 1130.74 5.48 8.0 194.6 2222.79 8339.97 1.02 42.07 183.24 2387.91 8058.11 9.3449 0.02 335 2223 100.0 14.56 8.8945
238 44 42.0034 0.8411 100.0 445.0 550.06 1355.54 1119.28 3.91 5.71 138.59 2211.72 8310.37 1.02 42.23 130.35 2387.84 8072.73 9.3727 0.02 332 2212 100.0 10.57 6.3423
238 45 42.0063 0.84 100.0 445.0 549.57 1354.75 1128.57 3.91 5.72 138.7 2211.7 8310.1 1.02 42.24 130.72 2387.77 8081.24 9.3838 0.02 331 2212 100.0 10.73 6.3353
238 46 10.0002 0.25 100.0 489.05 605.33 1507.46 1319.99 10.52 15.49 394.53 2318.99 8767.03 1.26 45.6 371.26 2388.13 8119.94 8.6208 0.03 369 2319 100.0 28.55 17.2017
238 47 42.0032 0.8402 100.0 445.0 549.36 1352.0 1126.06 3.91 5.71 138.71 2211.73 8314.82 1.02 41.97 130.89 2387.8 8081.81 9.3801 0.02 333 2212 100.0 10.72 6.3507
238 48 9.9989 0.2519 100.0 489.05 604.53 1505.1 1318.29 10.52 15.49 394.02 2318.97 8768.7 1.26 45.41 371.27 2388.17 8121.49 8.6866 0.03 369 2319 100.0 28.56 17.1494
238 49 10.0018 0.25 100.0 489.05 605.3 1502.93 1313.92 10.52 15.49 394.74 2318.97 8775.38 1.26 45.42 371.39 2388.17 8122.82 8.6951 0.03 370 2319 100.0 28.59 17.1342
238 50 0.0024 0.0018 100.0 518.67 643.03 1595.54 1405.87 14.62 21.61 553.69 2388.13 9053.78 1.3 47.58 520.93 2388.16 8131.38 8.4693 0.03 394 2388 100.0 38.86 23.2873
238 51 0.0023 0.0 100.0 518.67 642.53 1593.99 1410.03 14.62 21.61 553.5 2388.12 9045.33 1.3 47.62 521.28 2388.18 8135.87 8.4567 0.03 393 2388 100.0 38.94 23.2624
238 52 24.9987 0.62 60.0 462.54 537.23 1258.14 1044.51 7.05 9.02 175.76 1915.25 8004.44 0.94 37.04 164.98 2028.13 7869.33 10.9373 0.02 307 1915 84.93 14.18 8.5875
238 53 0.0021 0.0 100.0 518.67 642.47 1593.17 1406.29 14.62 21.61 553.15 2388.13 9046.74 1.3 47.55 521.23 2388.17 8123.28 8.4506 0.03 394 2388 100.0 38.76 23.2907
238 54 20.006 0.7 100.0 491.19 606.95 1484.92 1259.85 9.35 13.65 334.36 2323.98 8706.72 1.08 44.44 314.71 2388.08 8052.92 9.2235 0.02 365 2324 100.0 24.46 14.6237
238 55 0.0027 0.0008 100.0 518.67 642.7 1589.26 1409.27 14.62 21.61 553.25 2388.11 9048.52 1.3 47.48 521.29 2388.11 8129.87 8.4627 0.03 394 2388 100.0 38.99 23.2506
238 56 35.0075 0.84 100.0 449.44 556.52 1372.01 1129.93 5.48 8.0 194.17 2222.82 8343.38 1.02 42.03 182.61 2387.94 8059.11 9.3209 0.02 334 2223 100.0 14.71 8.9628
238 57 0.0029 0.0005 100.0 518.67 643.66 1589.16 1408.13 14.62 21.61 552.9 2388.17 9049.17 1.3 47.62 520.9 2388.18 8130.51 8.4596 0.03 392 2388 100.0 38.73 23.3393
238 58 42.0027 0.84 100.0 445.0 550.16 1357.72 1128.36 3.91 5.71 139.15 2211.78 8316.19 1.02 42.21 130.66 2387.81 8078.58 9.3523 0.02 331 2212 100.0 10.43 6.3391
238 59 35.004 0.84 100.0 449.44 556.19 1365.28 1128.44 5.48 8.0 193.91 2222.77 8346.23 1.02 42.13 182.81 2387.93 8063.07 9.3079 0.02 335 2223 100.0 14.75 8.9362
238 60 20.0036 0.7 100.0 491.19 607.77 1486.43 1251.95 9.35 13.65 334.36 2323.94 8715.87 1.08 44.48 314.57 2388.13 8058.57 9.2129 0.02 365 2324 100.0 24.67 14.7298
238 61 35.0045 0.84 100.0 449.44 555.61 1368.96 1130.26 5.48 8.0 194.62 2222.83 8342.32 1.02 42.18 183.04 2387.92 8063.25 9.3332 0.02 334 2223 100.0 14.78 8.8359
238 62 42.0038 0.8406 100.0 445.0 549.79 1352.53 1129.58 3.91 5.71 139.12 2211.68 8311.14 1.02 42.15 130.63 2387.77 8076.98 9.3995 0.02 331 2212 100.0 10.48 6.4011
238 63 10.001 0.25 100.0 489.05 605.07 1504.16 1305.85 10.52 15.49 393.03 2319.01 8769.92 1.26 45.51 370.94 2388.23 8119.15 8.6515 0.03 371 2319 100.0 28.5 17.0812
238 64 10.0032 0.25 100.0 489.05 604.48 1505.89 1313.49 10.52 15.5 394.11 2318.97 8775.24 1.26 45.45 370.74 2388.18 8119.61 8.6902 0.03 370 2319 100.0 28.57 17.2623
238 65 42.0059 0.8412 100.0 445.0 549.67 1359.78 1130.26 3.91 5.71 137.94 2211.72 8312.41 1.02 42.01 130.58 2387.76 8075.88 9.4085 0.02 331 2212 100.0 10.5 6.3662
238 66 10.0055 0.2503 100.0 489.05 605.03 1501.17 1308.2 10.52 15.5 394.44 2318.98 8773.18 1.26 45.64 371.32 2388.22 8125.49 8.643 0.03 370 2319 100.0 28.34 17.0183
238 67 20.0057 0.7 100.0 491.19 607.1 1485.65 1247.31 9.35 13.65 333.88 2323.95 8721.76 1.08 44.38 314.53 2388.08 8055.36 9.2284 0.03 367 2324 100.0 24.57 14.6621
238 68 20.0071 0.7 100.0 491.19 607.62 1478.39 1244.14 9.35 13.66 333.83 2324.01 8720.5 1.07 44.57 314.56 2388.1 8052.17 9.2022 0.02 366 2324 100.0 24.43 14.6236
238 69 42.0014 0.8412 100.0 445.0 549.69 1359.59 1121.98 3.91 5.71 138.73 2211.71 8318.47 1.02 42.15 130.33 2387.75 8074.9 9.3865 0.02 330 2212 100.0 10.73 6.3616
238 70 42.0028 0.84 100.0 445.0 549.6 1356.31 1121.74 3.91 5.71 138.64 2211.76 8312.46 1.02 42.23 130.59 2387.79 8081.29 9.4162 0.02 331 2212 100.0 10.5 6.2141
238 71 42.0024 0.84 100.0 445.0 550.32 1354.79 1129.1 3.91 5.71 139.11 2211.66 8310.31 1.02 42.13 130.62 2387.68 8074.73 9.3791 0.02 332 2212 100.0 10.48 6.3466
238 72 10.0065 0.252 100.0 489.05 605.3 1504.33 1314.09 10.52 15.49 394.49 2319.0 8765.76 1.26 45.61 371.49 2388.21 8124.85 8.6357 0.03 371 2319 100.0 28.35 16.9917
238 73 20.0017 0.7 100.0 491.19 607.18 1477.71 1254.46 9.35 13.66 334.13 2323.96 8721.42 1.08 44.5 314.44 2388.14 8055.37 9.2432 0.03 364 2324 100.0 24.49 14.6099
238 74 42.0048 0.8413 100.0 445.0 549.34 1356.87 1125.95 3.91 5.72 138.39 2211.7 8304.59 1.02 42.22 130.35 2387.79 8080.84 9.3788 0.02 330 2212 100.0 10.62 6.3331
238 75 0.0008 0.0013 100.0 518.67 642.86 1593.41 1407.36 14.62 21.61 552.71 2388.17 9047.28 1.3 47.58 521.14 2388.18 8131.77 8.4067 0.03 392 2388 100.0 38.65 23.2918
238 76 0.002 0.0007 100.0 518.67 643.09 1590.93 1407.86 14.62 21.61 553.47 2388.18 9046.48 1.3 47.56 521.28 2388.11 8126.92 8.4697 0.03 392 2388 100.0 38.81 23.2692
238 77 42.0015 0.84 100.0 445.0 549.69 1353.06 1134.59 3.91 5.72 138.22 2211.74 8318.49 1.02 42.24 130.46 2387.74 8077.75 9.3901 0.02 333 2212 100.0 10.55 6.2916
238 78 24.9995 0.6214 60.0 462.54 536.62 1254.9 1054.49 7.05 9.03 175.76 1915.18 8004.77 0.94 36.8 164.88 2028.08 7863.44 10.9411 0.02 310 1915 84.93 14.37 8.5015
238 79 25.0078 0.62 60.0 462.54 536.38 1262.4 1049.44 7.05 9.03 176.03 1915.22 8006.13 0.94 36.99 164.61 2028.05 7867.86 10.9065 0.02 310 1915 84.93 14.3 8.5088
238 80 0.0023 0.002 100.0 518.67 642.57 1591.44 1410.63 14.62 21.61 552.94 2388.17 9052.1 1.3 47.68 520.91 2388.17 8130.35 8.4509 0.03 395 2388 100.0 38.69 23.2396
238 81 10.008 0.25 100.0 489.05 605.15 1506.21 1316.52 10.52 15.5 393.89 2319.0 8769.26 1.26 45.51 371.55 2388.23 8123.46 8.6737 0.03 370 2319 100.0 28.76 17.0909
238 82 25.0051 0.6206 60.0 462.54 536.95 1257.22 1053.15 7.05 9.03 175.45 1915.24 8009.32 0.94 36.9 164.52 2028.08 7873.52 10.9459 0.02 307 1915 84.93 14.26 8.5302
238 83 35.0011 0.8406 100.0 449.44 555.8 1369.64 1134.74 5.48 8.0 194.93 2222.84 8345.14 1.02 42.06 183.35 2387.96 8066.95 9.34 0.02 333 2223 100.0 14.88 8.9341
238 84 19.9996 0.7 100.0 491.19 606.95 1492.5 1251.98 9.35 13.66 334.27 2323.95 8719.2 1.08 44.5 315.48 2388.09 8053.47 9.2571 0.02 366 2324 100.0 24.3 14.601
238 85 25.0056 0.62 60.0 462.54 537.44 1258.86 1050.98 7.05 9.03 176.1 1915.28 8002.79 0.94 36.95 164.6 2028.08 7864.44 10.9454 0.02 309 1915 84.93 14.17 8.5379
238 86 0.0012 0.0 100.0 518.67 642.92 1595.82 1414.38 14.62 21.61 553.15 2388.19 9056.0 1.3 47.61 521.21 2388.13 8122.88 8.4657 0.03 393 2388 100.0 38.71 23.215
238 87 34.9991 0.8416 100.0 449.44 555.82 1366.75 1134.44 5.48 8.0 194.65 2222.79 8344.86 1.02 42.16 182.77 2387.89 8059.3 9.3514 0.02 333 2223 100.0 14.83 8.8668
238 88 35.0013 0.8405 100.0 449.44 555.87 1369.16 1137.87 5.48 8.0 193.8 2222.85 8354.12 1.02 42.04 183.37 2387.85 8062.07 9.3599 0.02 336 2223 100.0 14.77 8.886
238 89 0.0008 0.0011 100.0 518.67 642.98 1597.82 1405.91 14.62 21.61 552.54 2388.14 9054.13 1.3 47.64 521.21 2388.16 8128.55 8.4575 0.03 395 2388 100.0 38.79 23.295
238 90 10.0062 0.251 100.0 489.05 604.6 1500.05 1315.71 10.52 15.49 393.71 2318.92 8775.16 1.26 45.58 370.65 2388.27 8119.96 8.681 0.03 369 2319 100.0 28.66 17.1442
238 91 25.0014 0.62 60.0 462.54 537.03 1258.54 1050.59 7.05 9.03 175.59 1915.18 8008.1 0.94 36.84 164.74 2028.08 7864.47 10.9142 0.02 308 1915 84.93 14.31 8.5231
238 92 41.9988 0.84 100.0 445.0 549.88 1353.67 1131.74 3.91 5.71 138.01 2211.66 8321.99 1.02 42.29 130.71 2387.72 8070.64 9.4072 0.02 331 2212 100.0 10.63 6.336
238 93 10.0003 0.2516 100.0 489.05 605.41 1502.36 1315.06 10.52 15.5 393.99 2319.04 8769.09 1.26 45.59 370.82 2388.22 8123.62 8.6845 0.03 370 2319 100.0 28.45 17.131
238 94 20.0068 0.7 100.0 491.19 607.88 1482.6 1259.52 9.35 13.66 334.19 2323.97 8712.87 1.07 44.6 315.05 2388.1 8049.08 9.2278 0.02 366 2324 100.0 24.41 14.5903
238 95 20.0063 0.7002 100.0 491.19 607.68 1487.44 1259.37 9.35 13.66 334.06 2323.98 8714.8 1.07 44.65 314.31 2388.12 8054.36 9.2295 0.03 366 2324 100.0 24.45 14.6189
238 96 0.0018 0.0003 100.0 518.67 642.28 1590.91 1412.38 14.62 21.61 552.48 2388.18 9046.13 1.3 47.58 521.13 2388.18 8127.24 8.4662 0.03 394 2388 100.0 38.68 23.1497
238 97 0.0029 0.0009 100.0 518.67 642.8 1591.56 1418.21 14.62 21.61 552.79 2388.2 9047.24 1.3 47.78 521.7 2388.15 8128.32 8.5129 0.03 397 2388 100.0 38.74 23.1371
238 98 10.0016 0.2505 100.0 489.05 604.5 1508.84 1320.91 10.52 15.5 394.07 2319.02 8771.5 1.26 45.78 370.82 2388.27 8124.44 8.6634 0.03 370 2319 100.0 28.59 17.0564
238 99 0.0001 0.0011 100.0 518.67 643.34 1587.25 1412.26 14.62 21.61 553.13 2388.11 9050.05 1.3 47.6 521.45 2388.13 8128.95 8.4541 0.03 395 2388 100.0 38.65 23.1593
238 100 0.0024 0.0002 100.0 518.67 642.94 1593.23 1417.38 14.62 21.61 553.6 2388.2 9049.84 1.3 47.6 521.49 2388.15 8131.53 8.4903 0.03 393 2388 100.0 38.95 23.2182
238 101 25.0072 0.62 60.0 462.54 536.77 1268.1 1055.22 7.05 9.03 174.12 1915.24 8009.02 0.94 36.97 164.89 2028.12 7870.83 10.9364 0.02 306 1915 84.93 14.1 8.5138
238 102 25.0018 0.6218 60.0 462.54 536.62 1265.32 1052.94 7.05 9.03 175.29 1915.23 8010.58 0.94 37.1 164.27 2028.08 7869.84 10.9395 0.02 308 1915 84.93 14.32 8.5059
238 103 24.9999 0.62 60.0 462.54 536.72 1262.7 1049.59 7.05 9.03 175.24 1915.17 8005.67 0.94 36.81 164.52 2028.08 7871.01 10.9381 0.02 308 1915 84.93 14.21 8.4953
238 104 0.0028 0.0019 100.0 518.67 643.44 1592.17 1415.55 14.62 21.61 552.2 2388.23 9051.96 1.3 47.83 521.52 2388.15 8125.74 8.4414 0.03 393 2388 100.0 38.74 23.202
238 105 20.0067 0.7009 100.0 491.19 608.08 1493.86 1255.18 9.35 13.66 333.73 2323.97 8718.0 1.08 44.48 314.97 2388.17 8053.24 9.2678 0.02 367 2324 100.0 24.39 14.6313
238 106 10.007 0.2504 100.0 489.05 605.46 1504.6 1314.4 10.52 15.5 393.77 2319.03 8779.67 1.26 45.71 371.12 2388.24 8117.18 8.6895 0.03 370 2319 100.0 28.37 17.093
238 107 0.0024 0.0016 100.0 518.67 643.05 1589.59 1417.6 14.62 21.61 552.19 2388.15 9045.94 1.3 47.76 521.12 2388.14 8117.98 8.4579 0.03 394 2388 100.0 38.8 23.138
238 108 25.0064 0.6205 60.0 462.54 536.89 1266.67 1049.74 7.05 9.03 176.06 1915.24 8009.43 0.94 37.26 164.73 2028.05 7871.74 10.93 0.02 307 1915 84.93 14.27 8.4877
238 109 42.0037 0.84 100.0 445.0 550.28 1357.91 1132.49 3.91 5.71 137.89 2211.69 8310.91 1.02 42.34 130.69 2387.74 8070.66 9.4418 0.02 332 2212 100.0 10.47 6.426
238 110 42.0061 0.84 100.0 445.0 549.53 1352.37 1128.58 3.91 5.72 138.29 2211.65 8316.95 1.02 42.27 130.0 2387.67 8072.65 9.3988 0.02 332 2212 100.0 10.53 6.3434
238 111 35.0009 0.84 100.0 449.44 555.82 1371.2 1142.17 5.48 8.0 194.01 2222.78 8341.0 1.02 42.41 182.6 2387.89 8057.55 9.3525 0.02 335 2223 100.0 14.82 8.8627
238 112 35.0073 0.841 100.0 449.44 555.77 1367.07 1136.4 5.48 8.0 193.84 2222.81 8338.81 1.02 42.18 182.9 2387.83 8054.29 9.3596 0.02 335 2223 100.0 14.8 8.7874
238 113 41.9982 0.84 100.0 445.0 549.67 1353.83 1132.84 3.91 5.72 138.72 2211.68 8310.8 1.02 42.27 130.33 2387.74 8075.24 9.385 0.02 331 2212 100.0 10.34 6.326
238 114 20.0001 0.7003 100.0 491.19 608.05 1489.85 1263.66 9.35 13.66 334.01 2323.95 8715.89 1.08 44.66 314.68 2388.14 8053.08 9.2596 0.02 365 2324 100.0 24.41 14.588
238 115 20.0034 0.7 100.0 491.19 607.87 1490.21 1261.35 9.35 13.66 334.61 2323.99 8704.43 1.07 44.77 314.37 2388.08 8048.76 9.2919 0.02 366 2324 100.0 24.48 14.5808
238 116 20.005 0.702 100.0 491.19 607.5 1488.3 1265.67 9.35 13.66 334.56 2323.95 8715.64 1.08 44.64 314.43 2388.17 8049.3 9.2706 0.03 367 2324 100.0 24.3 14.6593
238 117 42.0003 0.84 100.0 445.0 550.36 1361.76 1134.56 3.91 5.72 138.32 2211.68 8316.2 1.02 42.17 130.53 2387.66 8080.87 9.3997 0.02 333 2212 100.0 10.57 6.247
238 118 20.0011 0.7 100.0 491.19 607.54 1487.71 1263.04 9.35 13.66 333.92 2324.02 8714.04 1.08 44.54 314.59 2388.18 8048.1 9.285 0.02 367 2324 100.0 24.35 14.6032
238 119 42.0058 0.84 100.0 445.0 549.95 1361.8 1127.0 3.91 5.72 138.34 2211.67 8305.75 1.02 42.41 130.72 2387.68 8076.65 9.4358 0.02 332 2212 100.0 10.46 6.3425
238 120 42.0042 0.8414 100.0 445.0 550.24 1358.85 1129.78 3.91 5.71 138.66 2211.62 8314.44 1.02 42.35 130.46 2387.69 8074.82 9.4231 0.02 331 2212 100.0 10.45 6.295
238 121 42.0009 0.8415 100.0 445.0 549.56 1358.1 1132.77 3.91 5.72 138.31 2211.64 8309.77 1.02 42.37 130.14 2387.68 8075.22 9.4072 0.02 332 2212 100.0 10.42 6.2164
238 122 35.0001 0.8418 100.0 449.44 556.09 1374.31 1134.98 5.48 8.0 193.95 2222.74 8344.5 1.02 42.26 183.02 2387.82 8055.03 9.3506 0.02 335 2223 100.0 14.79 8.8483
238 123 42.0068 0.8404 100.0 445.0 550.24 1351.21 1132.31 3.91 5.71 138.26 2211.59 8308.05 1.02 42.51 130.14 2387.63 8072.16 9.4327 0.02 333 2212 100.0 10.46 6.2697
238 124 42.0051 0.84 100.0 445.0 549.65 1354.86 1126.0 3.91 5.71 137.93 2211.62 8310.04 1.02 42.4 130.25 2387.61 8069.31 9.4323 0.02 332 2212 100.0 10.58 6.2939
238 125 42.0017 0.84 100.0 445.0 549.53 1360.29 1133.84 3.91 5.72 137.92 2211.55 8310.95 1.02 42.21 129.91 2387.63 8071.11 9.4384 0.02 332 2212 100.0 10.37 6.3185
238 126 41.9992 0.841 100.0 445.0 550.18 1360.45 1128.76 3.91 5.72 138.75 2211.55 8305.54 1.02 42.31 130.21 2387.67 8069.63 9.4426 0.02 332 2212 100.0 10.77 6.3126
238 127 0.002 0.0 100.0 518.67 643.03 1601.29 1421.4 14.62 21.61 552.12 2388.18 9043.29 1.3 47.9 520.58 2388.23 8122.01 8.4718 0.03 396 2388 100.0 38.52 23.1386
238 128 25.0065 0.62 60.0 462.54 536.81 1266.62 1053.52 7.05 9.03 175.41 1915.11 8005.85 0.94 36.93 164.58 2027.99 7862.28 10.9604 0.02 308 1915 84.93 14.2 8.527
238 129 35.0074 0.8412 100.0 449.44 556.01 1370.57 1143.69 5.48 8.0 194.29 2222.7 8344.74 1.02 42.24 182.47 2387.8 8052.71 9.409 0.02 337 2223 100.0 14.85 8.8677
238 130 10.0045 0.2514 100.0 489.05 605.58 1504.26 1322.23 10.52 15.5 394.02 2319.12 8772.8 1.26 45.97 370.93 2388.31 8112.51 8.6916 0.03 373 2319 100.0 28.28 17.0
238 131 25.0027 0.62 60.0 462.54 536.73 1268.83 1061.98 7.05 9.03 175.17 1915.11 8006.42 0.94 37.2 164.28 2027.98 7865.15 10.9837 0.02 309 1915 84.93 14.17 8.4276
238 132 25.0045 0.62 60.0 462.54 537.52 1273.29 1061.23 7.05 9.03 174.91 1915.11 8002.72 0.94 37.03 164.64 2028.01 7863.12 10.9491 0.02 310 1915 84.93 14.06 8.5687
238 133 20.002 0.7 100.0 491.19 607.67 1490.08 1263.58 9.35 13.66 333.73 2324.02 8714.72 1.07 45.1 314.1 2388.15 8052.93 9.2973 0.03 369 2324 100.0 24.29 14.6406
238 134 0.0004 0.0 100.0 518.67 643.69 1588.81 1421.69 14.62 21.61 551.39 2388.21 9053.05 1.3 47.92 520.17 2388.24 8119.94 8.5192 0.03 396 2388 100.0 38.76 23.1221
238 135 42.0003 0.8406 100.0 445.0 550.26 1349.51 1137.11 3.91 5.72 139.03 2211.51 8311.31 1.02 42.43 130.43 2387.6 8072.5 9.4057 0.02 331 2212 100.0 10.59 6.2731
238 136 20.0018 0.7014 100.0 491.19 608.22 1486.45 1257.12 9.35 13.66 333.72 2324.01 8709.12 1.07 44.9 314.36 2388.12 8042.27 9.3047 0.03 368 2324 100.0 24.29 14.622
238 137 20.0052 0.7 100.0 491.19 608.52 1490.91 1263.08 9.35 13.66 333.94 2324.1 8712.79 1.08 44.85 314.39 2388.19 8050.75 9.3078 0.03 368 2324 100.0 24.28 14.6142
238 138 0.0004 0.0011 100.0 518.67 643.24 1604.66 1413.93 14.62 21.61 551.3 2388.26 9041.03 1.3 47.95 519.78 2388.24 8118.59 8.441 0.03 396 2388 100.0 38.63 23.1525
238 139 20.0079 0.7011 100.0 491.19 608.34 1502.49 1268.75 9.35 13.66 333.5 2324.06 8706.77 1.08 44.89 313.75 2388.14 8045.35 9.3121 0.03 367 2324 100.0 24.31 14.6026
238 140 24.9988 0.62 60.0 462.54 536.96 1264.55 1061.24 7.05 9.03 175.05 1915.14 8001.89 0.94 37.11 164.53 2027.97 7863.73 10.9934 0.02 310 1915 84.93 14.23 8.5423
238 141 25.0047 0.6219 60.0 462.54 536.94 1269.4 1062.69 7.05 9.03 175.32 1915.12 8005.0 0.94 37.22 163.78 2027.95 7864.7 10.9635 0.02 309 1915 84.93 14.32 8.5604
238 142 0.0022 0.0 100.0 518.67 643.87 1599.62 1428.29 14.62 21.61 551.35 2388.26 9038.75 1.3 48.09 519.76 2388.29 8117.64 8.487 0.03 396 2388 100.0 38.64 23.1831
238 143 42.0017 0.84 100.0 445.0 550.13 1363.92 1134.91 3.91 5.71 138.09 2211.42 8303.66 1.02 42.6 130.47 2387.48 8065.5 9.4295 0.02 333 2212 100.0 10.58 6.4067
238 144 35.0051 0.8407 100.0 449.44 556.07 1379.61 1149.06 5.48 8.0 194.26 2222.66 8339.3 1.02 42.29 182.36 2387.73 8051.04 9.3587 0.02 337 2223 100.0 14.66 8.8484
238 145 10.002 0.2504 100.0 489.05 605.51 1510.12 1327.6 10.52 15.5 392.99 2319.19 8769.64 1.26 45.93 370.61 2388.34 8112.34 8.7633 0.03 371 2319 100.0 28.28 17.0448
238 146 42.0004 0.84 100.0 445.0 550.55 1356.02 1147.93 3.91 5.72 137.7 2211.41 8318.85 1.02 42.72 130.23 2387.44 8063.6 9.4889 0.02 333 2212 100.0 10.38 6.3019
238 147 25.0004 0.62 60.0 462.54 537.92 1269.65 1060.89 7.05 9.03 175.25 1915.14 8001.75 0.94 37.1 164.03 2027.86 7858.93 10.9983 0.02 310 1915 84.93 14.01 8.5283
238 148 25.0027 0.6214 60.0 462.54 536.36 1270.15 1068.61 7.05 9.03 174.78 1914.91 8003.32 0.94 37.33 164.54 2027.91 7860.17 11.0127 0.02 310 1915 84.93 14.15 8.5184
238 149 0.001 0.0006 100.0 518.67 644.02 1594.67 1418.96 14.62 21.61 551.19 2388.27 9040.72 1.3 48.38 519.73 2388.27 8114.37 8.5205 0.03 395 2388 100.0 38.48 23.0354
238 150 42.0023 0.8411 100.0 445.0 549.84 1367.5 1149.59 3.91 5.71 138.22 2211.43 8310.49 1.02 42.81 129.31 2387.4 8068.18 9.4847 0.02 332 2212 100.0 10.51 6.3387
238 151 25.0026 0.62 60.0 462.54 537.11 1274.35 1065.69 7.05 9.03 175.01 1915.08 8000.4 0.94 37.44 163.64 2027.91 7862.16 11.0046 0.02 312 1915 84.93 14.17 8.5084
238 152 35.0046 0.84 100.0 449.44 556.03 1372.39 1142.13 5.48 8.0 193.71 2222.6 8338.62 1.02 42.49 183.1 2387.75 8054.1 9.3973 0.02 337 2223 100.0 14.66 8.8756
238 153 42.002 0.8415 100.0 445.0 550.07 1359.28 1143.54 3.91 5.72 138.24 2211.38 8301.62 1.02 42.96 129.71 2387.37 8066.23 9.473 0.02 332 2212 100.0 10.59 6.3148
238 154 0.002 0.0015 100.0 518.67 643.52 1603.06 1429.61 14.62 21.61 551.44 2388.34 9045.81 1.3 48.28 519.83 2388.29 8117.52 8.4926 0.03 394 2388 100.0 38.6 22.9653
238 155 42.0004 0.8411 100.0 445.0 550.57 1357.92 1140.65 3.91 5.71 137.7 2211.38 8303.22 1.02 42.62 129.9 2387.4 8063.06 9.4871 0.02 333 2212 100.0 10.66 6.2739
238 156 35.0079 0.8401 100.0 449.44 557.07 1374.94 1153.58 5.48 8.0 194.15 2222.56 8337.85 1.02 42.67 182.12 2387.68 8050.36 9.416 0.02 336 2223 100.0 14.48 8.7906
