84 1 35.0036 0.8414 100.0 449.44 556.13 1359.45 1122.6 5.48 8.0 194.93 2222.93 8359.54 1.02 41.72 183.43 2388.07 8073.44 9.3114 0.02 333 2223 100.0 15.11 8.9403
84 2 35.0014 0.8404 100.0 449.44 555.81 1357.06 1128.54 5.48 8.0 195.01 2222.96 8347.95 1.02 41.8 183.11 2388.04 8061.15 9.3168 0.02 333 2223 100.0 14.91 8.8214
84 3 0.0028 0.0011 100.0 518.67 642.04 1594.05 1412.52 14.62 21.61 553.01 2387.99 9056.87 1.3 47.35 522.21 2388.07 8136.85 8.4127 0.03 392 2388 100.0 38.84 23.4017
84 4 35.0007 0.8415 100.0 449.44 554.89 1362.09 1124.4 5.48 8.0 195.17 2222.93 8349.78 1.02 41.87 182.93 2388.03 8070.11 9.3037 0.02 334 2223 100.0 14.74 8.9239
84 5 25.006 0.62 60.0 462.54 536.55 1257.97 1040.41 7.05 9.02 175.6 1915.37 8004.1 0.94 36.56 164.51 2028.25 7875.96 10.887 0.02 306 1915 84.93 14.44 8.6561
84 6 0.0027 0.0 100.0 518.67 642.39 1586.96 1406.61 14.62 21.61 553.53 2388.03 9049.4 1.3 47.34 522.26 2388.03 8135.04 8.4455 0.03 391 2388 100.0 39.02 23.3532
84 7 24.9997 0.6206 60.0 462.54 537.35 1259.16 1050.27 7.05 9.03 175.08 1915.35 8013.83 0.94 36.52 164.17 2028.27 7869.24 10.8718 0.02 306 1915 84.93 14.37 8.5339
84 8 20.0001 0.7 100.0 491.19 607.59 1481.86 1251.2 9.35 13.66 334.61 2323.92 8718.03 1.08 44.28 314.95 2388.11 8057.74 9.2106 0.02 365 2324 100.0 24.45 14.6936
84 9 42.0058 0.84 100.0 445.0 549.39 1352.38 1117.33 3.91 5.72 138.65 2211.91 8314.89 1.02 41.82 130.84 2387.96 8081.0 9.3371 0.02 330 2212 100.0 10.64 6.4178
84 10 0.0002 0.0012 100.0 518.67 642.6 1585.91 1393.14 14.62 21.61 553.7 2388.03 9053.78 1.3 47.38 521.74 2388.03 8133.67 8.4059 0.03 393 2388 100.0 38.87 23.2922
84 11 20.0058 0.7002 100.0 491.19 607.45 1480.45 1242.2 9.35 13.66 334.9 2323.92 8732.04 1.08 44.31 314.86 2388.08 8061.58 9.2407 0.02 364 2324 100.0 24.48 14.6319
84 12 42.0017 0.84 100.0 445.0 549.14 1349.29 1118.31 3.91 5.72 138.71 2212.0 8319.03 1.02 42.15 130.45 2388.02 8086.96 9.3395 0.02 330 2212 100.0 10.68 6.2621
84 13 0.0017 0.0 100.0 518.67 642.26 1590.8 1404.18 14.62 21.61 554.15 2388.06 9052.23 1.3 47.22 522.12 2388.06 8135.58 8.4061 0.03 391 2388 100.0 38.94 23.3411
84 14 41.999 0.84 100.0 445.0 549.12 1347.89 1126.07 3.91 5.71 138.25 2211.96 8318.78 1.02 41.85 130.68 2388.0 8083.37 9.3363 0.02 331 2212 100.0 10.68 6.4035
84 15 41.9997 0.8413 100.0 445.0 549.24 1351.58 1133.67 3.91 5.72 138.76 2211.93 8325.41 1.02 41.89 130.63 2388.03 8086.35 9.368 0.02 331 2212 100.0 10.56 6.3479
84 16 42.0017 0.8412 100.0 445.0 549.3 1355.31 1118.2 3.91 5.72 139.02 2211.95 8323.61 1.02 42.06 130.83 2388.0 8086.01 9.3187 0.02 330 2212 100.0 10.62 6.4039
84 17 25.0007 0.62 60.0 462.54 536.84 1255.64 1047.1 7.05 9.02 175.86 1915.4 8015.59 0.94 36.67 164.8 2028.32 7867.83 10.8632 0.02 306 1915 84.93 14.26 8.5136
84 18 0.0005 0.0001 100.0 518.67 642.12 1587.36 1404.01 14.62 21.61 552.6 2388.08 9054.39 1.3 47.43 522.22 2388.09 8138.75 8.4247 0.03 391 2388 100.0 38.93 23.3081
84 19 0.0006 0.0 100.0 518.67 642.85 1583.19 1401.75 14.62 21.61 554.12 2388.09 9050.15 1.3 47.26 521.93 2388.06 8138.69 8.4023 0.03 394 2388 100.0 38.97 23.3616
84 20 10.0052 0.2519 100.0 489.05 604.44 1496.69 1314.41 10.52 15.49 394.77 2318.86 8776.14 1.26 45.37 371.67 2388.13 8128.92 8.6287 0.03 369 2319 100.0 28.55 17.3132
84 21 0.0028 0.0 100.0 518.67 641.99 1593.42 1401.55 14.62 21.61 553.82 2388.03 9057.7 1.3 47.21 522.12 2388.02 8134.4 8.3969 0.03 393 2388 100.0 38.9 23.2966
84 22 25.0073 0.6207 60.0 462.54 536.85 1262.07 1041.72 7.05 9.02 176.29 1915.35 8014.13 0.94 36.51 164.66 2028.27 7876.79 10.8501 0.02 306 1915 84.93 14.28 8.6046
84 23 19.9981 0.702 100.0 491.19 607.38 1476.53 1247.57 9.35 13.65 335.27 2323.92 8724.27 1.08 44.2 315.4 2388.06 8063.88 9.1885 0.02 366 2324 100.0 24.62 14.7206
84 24 0.0009 0.0 100.0 518.67 642.22 1583.12 1398.46 14.62 21.61 553.73 2388.04 9058.81 1.3 47.59 521.79 2388.04 8139.62 8.4147 0.03 392 2388 100.0 38.81 23.3778
84 25 42.0038 0.84 100.0 445.0 549.5 1347.17 1121.74 3.91 5.71 138.4 2211.92 8325.06 1.02 42.16 130.84 2388.04 8083.96 9.3534 0.02 331 2212 100.0 10.69 6.448
84 26 0.0004 0.0 100.0 518.67 642.31 1587.78 1405.65 14.62 21.61 553.82 2388.1 9052.1 1.3 47.35 522.19 2388.07 8129.86 8.4446 0.03 393 2388 100.0 38.87 23.418
84 27 35.0039 0.8417 100.0 449.44 555.94 1366.07 1124.36 5.48 8.0 194.98 2222.97 8352.51 1.03 41.84 183.55 2388.05 8071.5 9.337 0.02 334 2223 100.0 14.84 8.8276
84 28 9.9993 0.25 100.0 489.05 603.92 1500.27 1302.38 10.52 15.49 394.63 2318.85 8781.0 1.26 45.34 371.64 2388.13 8132.27 8.6389 0.03 369 2319 100.0 28.68 17.1449
84 29 0.0003 0.0 100.0 518.67 641.54 1588.15 1399.13 14.62 21.61 553.28 2388.03 9051.1 1.3 47.21 521.93 2388.06 8138.92 8.4512 0.03 393 2388 100.0 39.09 23.4033
84 30 0.0002 0.0005 100.0 518.67 642.29 1577.73 1403.47 14.62 21.61 553.44 2388.05 9053.46 1.3 47.23 522.18 2388.08 8137.18 8.4238 0.03 391 2388 100.0 38.78 23.4692
84 31 10.0014 0.25 100.0 489.05 605.24 1502.37 1312.43 10.52 15.49 394.8 2318.94 8776.87 1.26 45.47 371.88 2388.07 8129.88 8.6036 0.03 370 2319 100.0 28.67 17.1777
84 32 20.0005 0.7 100.0 491.19 607.11 1476.4 1242.48 9.35 13.65 335.13 2323.91 8733.03 1.08 44.39 315.33 2388.13 8060.71 9.2437 0.02 364 2324 100.0 24.51 14.7622
84 33 0.002 0.0 100.0 518.67 642.23 1590.06 1410.96 14.62 21.61 553.55 2388.08 9058.64 1.3 47.47 521.99 2388.05 8138.29 8.4364 0.03 393 2388 100.0 38.82 23.3387
84 34 42.0016 0.8402 100.0 445.0 549.15 1348.89 1116.96 3.91 5.72 139.17 2211.89 8316.2 1.02 41.81 130.27 2388.0 8083.89 9.3614 0.02 330 2212 100.0 10.47 6.4856
84 35 0.0004 0.0 100.0 518.67 642.34 1587.47 1404.27 14.62 21.61 553.69 2388.03 9055.3 1.3 47.35 521.86 2388.09 8142.1 8.4265 0.03 393 2388 100.0 38.93 23.3353
84 36 35.001 0.84 100.0 449.44 555.45 1358.84 1125.71 5.48 8.0 195.29 2222.99 8349.26 1.02 41.8 183.24 2388.06 8065.48 9.3226 0.02 333 2223 100.0 14.84 8.8759
84 37 25.008 0.62 60.0 462.54 536.21 1259.17 1049.88 7.05 9.03 175.49 1915.36 8011.44 0.94 36.78 164.8 2028.21 7877.68 10.9391 0.02 308 1915 84.93 14.29 8.4607
84 38 35.0008 0.84 100.0 449.44 554.78 1364.06 1119.71 5.48 8.0 194.59 2222.97 8348.31 1.02 41.88 183.7 2388.01 8065.74 9.2743 0.02 333 2223 100.0 14.82 8.9883
84 39 0.0004 0.0 100.0 518.67 642.23 1589.33 1402.14 14.62 21.61 553.58 2388.07 9052.06 1.3 47.41 521.98 2388.06 8140.13 8.4218 0.03 391 2388 100.0 39.07 23.3272
84 40 0.0001 0.0 100.0 518.67 642.25 1587.58 1397.98 14.62 21.61 553.67 2388.06 9059.23 1.3 47.24 521.8 2388.04 8143.66 8.4056 0.03 393 2388 100.0 38.73 23.4504
84 41 20.0015 0.7007 100.0 491.19 607.26 1479.71 1246.54 9.35 13.65 334.75 2323.89 8725.92 1.08 44.15 315.34 2388.03 8058.98 9.2278 0.02 364 2324 100.0 24.39 14.702
84 42 10.0061 0.2516 100.0 489.05 604.27 1495.33 1309.5 10.52 15.49 394.32 2318.9 8780.23 1.26 45.26 371.8 2388.07 8135.02 8.616 0.03 370 2319 100.0 28.51 17.2499
84 43 42.0055 0.8405 100.0 445.0 549.55 1355.66 1130.25 3.91 5.71 137.98 2211.9 8321.12 1.02 41.98 130.98 2387.95 8085.61 9.3761 0.02 330 2212 100.0 10.72 6.3868
84 44 25.0051 0.62 60.0 462.54 536.63 1261.61 1047.33 7.05 9.03 175.58 1915.35 8010.0 0.94 36.49 165.41 2028.21 7871.92 10.8404 0.02 307 1915 84.93 14.36 8.6003
84 45 34.9983 0.84 100.0 449.44 555.71 1361.94 1126.7 5.48 8.0 194.73 2222.91 8352.51 1.02 41.85 183.3 2388.09 8069.96 9.2893 0.02 332 2223 100.0 14.76 8.8531
84 46 9.9981 0.25 100.0 489.05 604.2 1501.73 1300.26 10.52 15.49 394.62 2318.88 8773.88 1.26 45.31 371.35 2388.14 8136.3 8.6328 0.03 369 2319 100.0 28.6 17.1926
84 47 42.002 0.84 100.0 445.0 549.43 1350.34 1132.11 3.91 5.72 138.91 2211.95 8318.9 1.02 41.98 130.86 2388.03 8085.92 9.362 0.02 332 2212 100.0 10.57 6.4866
84 48 10.0065 0.2503 100.0 489.05 604.94 1503.41 1303.8 10.52 15.49 395.07 2318.91 8775.0 1.26 45.25 371.43 2388.08 8131.58 8.6599 0.03 369 2319 100.0 28.58 17.1844
84 49 0.0 0.0 100.0 518.67 642.34 1586.9 1398.02 14.62 21.61 554.01 2388.05 9062.18 1.3 47.52 521.55 2388.08 8133.96 8.3627 0.03 392 2388 100.0 39.11 23.4115
84 50 25.0052 0.6219 60.0 462.54 536.69 1254.5 1051.86 7.05 9.03 175.91 1915.34 8008.91 0.94 36.81 164.72 2028.23 7875.05 10.8904 0.02 306 1915 84.93 14.21 8.5146
84 51 20.0057 0.701 100.0 491.19 607.19 1486.31 1247.45 9.35 13.66 334.69 2324.01 8714.36 1.08 44.46 315.32 2388.07 8062.64 9.208 0.02 364 2324 100.0 24.57 14.702
84 52 19.9988 0.7 100.0 491.19 607.24 1488.18 1250.09 9.35 13.66 335.07 2323.94 8727.33 1.08 44.38 315.35 2388.09 8058.11 9.1956 0.02 364 2324 100.0 24.45 14.6565
84 53 34.9993 0.84 100.0 449.44 555.27 1365.33 1133.17 5.48 8.0 194.86 2222.99 8344.42 1.02 41.98 183.58 2388.07 8070.74 9.3128 0.02 332 2223 100.0 14.68 9.0263
84 54 25.0078 0.6209 60.0 462.54 536.9 1262.17 1045.2 7.05 9.03 175.38 1915.33 8010.83 0.94 36.64 164.38 2028.3 7869.95 10.9194 0.02 308 1915 84.93 14.18 8.6587
84 55 35.0035 0.8407 100.0 449.44 555.41 1364.24 1125.09 5.48 8.0 194.57 2222.96 8346.5 1.02 41.74 183.5 2388.07 8066.07 9.3219 0.02 332 2223 100.0 14.84 8.8352
84 56 10.0049 0.251 100.0 489.05 604.72 1494.42 1303.77 10.52 15.49 394.44 2318.93 8779.22 1.26 45.38 372.23 2388.1 8128.71 8.6222 0.03 369 2319 100.0 28.61 17.1367
84 57 42.0019 0.84 100.0 445.0 549.28 1356.36 1118.38 3.91 5.71 139.06 2211.95 8327.33 1.02 42.03 130.38 2387.97 8085.48 9.3553 0.02 331 2212 100.0 10.53 6.3262
84 58 10.006 0.25 100.0 489.05 604.71 1501.2 1307.14 10.52 15.49 395.03 2318.92 8779.03 1.26 45.5 371.71 2388.09 8131.93 8.6645 0.03 369 2319 100.0 28.36 17.0915
84 59 41.9982 0.8413 100.0 445.0 549.68 1347.73 1128.2 3.91 5.71 138.72 2211.94 8317.45 1.02 42.1 130.72 2388.01 8082.66 9.3734 0.02 330 2212 100.0 10.44 6.414
84 60 25.0003 0.62 60.0 462.54 536.35 1260.25 1047.45 7.05 9.02 175.64 1915.37 8009.72 0.94 36.69 164.6 2028.27 7879.75 10.8819 0.02 306 1915 84.93 14.14 8.6278
84 61 10.003 0.2502 100.0 489.05 604.68 1495.09 1316.32 10.52 15.49 394.9 2318.83 8774.85 1.26 45.31 371.67 2388.07 8132.13 8.6642 0.03 369 2319 100.0 28.44 17.1217
84 62 42.0013 0.84 100.0 445.0 548.87 1346.91 1125.72 3.91 5.72 138.67 2211.92 8323.81 1.02 41.92 130.29 2387.96 8083.39 9.3561 0.02 331 2212 100.0 10.56 6.3928
84 63 10.0028 0.25 100.0 489.05 604.68 1502.52 1309.04 10.52 15.49 394.88 2318.86 8775.6 1.26 45.43 371.67 2388.1 8128.51 8.6456 0.03 370 2319 100.0 28.37 17.1137
84 64 10.001 0.25 100.0 489.05 605.17 1501.67 1311.52 10.52 15.5 394.26 2318.88 8780.66 1.26 45.49 372.22 2388.11 8131.29 8.651 0.03 370 2319 100.0 28.47 17.0806
84 65 42.0005 0.8407 100.0 445.0 549.66 1355.87 1125.55 3.91 5.71 138.42 2211.87 8318.97 1.02 42.11 130.53 2387.99 8086.46 9.3578 0.02 330 2212 100.0 10.39 6.4547
84 66 20.0034 0.7 100.0 491.19 607.52 1486.19 1246.44 9.35 13.66 335.22 2323.94 8724.94 1.08 44.39 314.68 2388.13 8062.77 9.2254 0.02 366 2324 100.0 24.49 14.6548
84 67 42.0033 0.8414 100.0 445.0 549.55 1349.55 1130.18 3.91 5.72 138.67 2211.94 8324.69 1.02 41.85 130.46 2388.07 8089.35 9.3465 0.02 330 2212 100.0 10.7 6.3463
84 68 20.0023 0.7 100.0 491.19 607.14 1492.31 1247.41 9.35 13.66 334.24 2323.96 8724.43 1.08 44.3 314.88 2388.1 8062.63 9.2284 0.02 363 2324 100.0 24.37 14.6792
84 69 10.001 0.25 100.0 489.05 604.74 1496.1 1308.0 10.52 15.49 394.93 2318.85 8783.64 1.26 45.3 371.44 2388.14 8135.74 8.6205 0.03 368 2319 100.0 28.38 16.9756
84 70 10.0058 0.2519 100.0 489.05 604.72 1488.41 1310.78 10.52 15.49 394.75 2318.9 8777.91 1.26 45.49 371.59 2388.11 8130.47 8.6797 0.03 370 2319 100.0 28.46 17.1371
84 71 20.0021 0.7001 100.0 491.19 606.97 1484.71 1250.69 9.35 13.66 335.18 2323.99 8724.63 1.08 44.4 315.64 2388.09 8056.18 9.2166 0.02 365 2324 100.0 24.49 14.6288
84 72 24.9986 0.62 60.0 462.54 536.83 1259.7 1050.23 7.05 9.03 175.65 1915.3 8013.06 0.94 36.8 164.81 2028.24 7876.59 10.8745 0.02 305 1915 84.93 14.36 8.5952
84 73 10.0051 0.25 100.0 489.05 604.38 1502.38 1303.64 10.52 15.49 394.87 2318.9 8782.45 1.26 45.31 371.84 2388.09 8126.83 8.6372 0.03 368 2319 100.0 28.71 17.2536
84 74 0.0002 0.0006 100.0 518.67 641.91 1586.95 1403.91 14.62 21.61 553.51 2388.08 9059.76 1.3 47.47 520.86 2388.06 8136.14 8.413 0.03 392 2388 100.0 38.82 23.3303
84 75 10.0012 0.25 100.0 489.05 605.2 1499.55 1304.07 10.52 15.49 394.59 2318.89 8779.82 1.26 45.31 371.68 2388.16 8128.52 8.6433 0.03 369 2319 100.0 28.5 17.2005
84 76 20.0011 0.7 100.0 491.19 606.95 1487.22 1249.17 9.35 13.66 334.63 2323.95 8727.39 1.08 44.44 314.95 2388.12 8062.87 9.2118 0.02 364 2324 100.0 24.6 14.7104
84 77 42.0014 0.8414 100.0 445.0 549.34 1347.93 1122.46 3.91 5.71 138.18 2211.8 8317.07 1.02 42.01 130.46 2388.0 8081.02 9.3743 0.02 331 2212 100.0 10.64 6.3724
84 78 42.0038 0.8407 100.0 445.0 549.65 1355.22 1124.26 3.91 5.71 138.67 2211.88 8328.17 1.02 42.12 130.98 2387.95 8085.21 9.3605 0.02 332 2212 100.0 10.73 6.3401
84 79 35.003 0.84 100.0 449.44 555.79 1360.06 1137.1 5.48 8.0 194.54 2223.0 8351.92 1.02 41.77 182.72 2388.06 8068.44 9.3032 0.02 333 2223 100.0 14.69 8.9601
84 80 42.005 0.8411 100.0 445.0 549.38 1353.38 1123.8 3.91 5.71 138.08 2211.85 8310.08 1.02 42.0 130.36 2387.99 8079.01 9.3526 0.02 329 2212 100.0 10.55 6.3447
84 81 35.0015 0.8405 100.0 449.44 555.54 1367.19 1121.19 5.48 8.0 194.61 2222.97 8350.77 1.03 41.84 183.01 2388.01 8070.99 9.3106 0.02 336 2223 100.0 14.97 8.8365
84 82 20.0079 0.7009 100.0 491.19 607.69 1483.72 1244.45 9.35 13.65 334.33 2323.93 8719.31 1.08 44.31 315.29 2388.13 8062.25 9.264 0.02 366 2324 100.0 24.41 14.6464
84 83 0.0026 0.0 100.0 518.67 642.2 1583.87 1401.4 14.62 21.61 553.45 2388.12 9058.84 1.3 47.52 521.8 2388.08 8140.49 8.4224 0.03 392 2388 100.0 38.92 23.3756
84 84 25.0019 0.62 60.0 462.54 536.87 1259.45 1042.32 7.05 9.03 174.94 1915.29 8008.53 0.94 36.88 164.54 2028.13 7876.2 10.8867 0.02 307 1915 84.93 14.23 8.4792
84 85 41.9985 0.84 100.0 445.0 549.59 1357.69 1123.63 3.91 5.72 138.56 2211.91 8318.7 1.02 42.09 130.31 2387.96 8084.23 9.3445 0.02 331 2212 100.0 10.63 6.3903
84 86 35.0043 0.8416 100.0 449.44 555.68 1364.36 1127.3 5.48 8.0 193.91 2222.94 8355.91 1.02 41.96 183.01 2388.08 8065.45 9.3535 0.02 333 2223 100.0 14.78 8.8847
84 87 25.0039 0.6214 60.0 462.54 536.66 1259.05 1047.02 7.05 9.03 174.7 1915.34 8010.72 0.94 36.76 164.42 2028.2 7875.52 10.8953 0.02 308 1915 84.93 14.33 8.5315
84 88 0.0015 0.0 100.0 518.67 642.39 1587.18 1411.78 14.62 21.61 554.21 2388.1 9055.28 1.3 47.3 521.95 2388.13 8139.44 8.4607 0.03 393 2388 100.0 38.76 23.373
84 89 0.0007 0.0011 100.0 518.67 642.59 1586.62 1403.19 14.62 21.61 553.73 2388.17 9048.81 1.3 47.51 521.71 2388.1 8139.92 8.4413 0.03 394 2388 100.0 38.92 23.2993
84 90 20.0025 0.7 100.0 491.19 607.51 1492.48 1248.97 9.35 13.66 334.65 2324.0 8714.05 1.08 44.32 314.89 2388.03 8059.59 9.2366 0.02 365 2324 100.0 24.43 14.6316
84 91 34.9982 0.84 100.0 449.44 555.28 1361.63 1128.13 5.48 8.0 194.24 2222.94 8350.94 1.02 41.91 182.29 2388.0 8062.24 9.2947 0.02 333 2223 100.0 14.82 9.0442
84 92 20.0049 0.7015 100.0 491.19 607.9 1485.2 1244.73 9.35 13.66 334.84 2323.98 8727.71 1.08 44.45 315.26 2388.05 8063.91 9.2342 0.02 366 2324 100.0 24.42 14.7166
84 93 10.0061 0.25 100.0 489.05 604.95 1501.24 1312.13 10.52 15.49 393.95 2318.98 8773.84 1.26 45.46 371.64 2388.13 8126.3 8.6753 0.03 370 2319 100.0 28.69 17.2019
84 94 35.0001 0.841 100.0 449.44 555.85 1362.69 1130.16 5.48 8.0 194.5 2222.88 8346.16 1.02 41.85 183.15 2387.99 8066.97 9.3506 0.02 334 2223 100.0 14.8 8.931
84 95 20.0023 0.7 100.0 491.19 607.34 1485.18 1252.41 9.35 13.65 334.96 2323.98 8722.61 1.08 44.3 314.69 2388.11 8060.7 9.2011 0.02 365 2324 100.0 24.38 14.6159
84 96 20.0041 0.7012 100.0 491.19 607.12 1485.78 1250.37 9.35 13.66 334.33 2323.96 8725.4 1.08 44.32 315.22 2388.13 8059.75 9.1889 0.02 364 2324 100.0 24.57 14.744
84 97 10.0002 0.25 100.0 489.05 605.26 1501.11 1307.28 10.52 15.49 394.42 2318.96 8776.09 1.26 45.53 371.82 2388.17 8130.28 8.6741 0.03 371 2319 100.0 28.44 17.1335
84 98 19.9984 0.7 100.0 491.19 607.26 1482.44 1255.02 9.35 13.66 335.25 2324.02 8722.83 1.08 44.55 315.26 2388.11 8055.82 9.2156 0.02 366 2324 100.0 24.47 14.752
84 99 35.0005 0.84 100.0 449.44 556.03 1369.82 1131.1 5.48 8.0 193.95 2222.92 8345.04 1.02 42.11 183.34 2387.99 8064.12 9.3377 0.02 332 2223 100.0 14.83 9.0105
84 100 10.0057 0.25 100.0 489.05 604.71 1500.41 1310.26 10.52 15.49 394.23 2318.93 8783.17 1.26 45.34 371.03 2388.11 8127.71 8.6651 0.03 370 2319 100.0 28.67 17.1314
84 101 35.0008 0.8418 100.0 449.44 555.76 1363.45 1135.73 5.48 8.0 194.11 2222.94 8354.49 1.02 42.03 183.28 2388.05 8065.78 9.3309 0.02 333 2223 100.0 14.9 8.9669
84 102 42.0021 0.8408 100.0 445.0 549.9 1350.48 1130.33 3.91 5.72 138.38 2211.88 8326.62 1.02 42.23 130.82 2387.84 8078.38 9.3716 0.02 331 2212 100.0 10.51 6.3945
84 103 10.0047 0.25 100.0 489.05 604.0 1500.86 1307.57 10.52 15.49 394.76 2318.94 8778.46 1.26 45.37 371.43 2388.11 8127.34 8.6683 0.03 370 2319 100.0 28.66 17.1098
84 104 0.001 0.0 100.0 518.67 642.91 1582.37 1408.5 14.62 21.61 552.95 2388.12 9053.26 1.3 47.39 521.48 2388.05 8135.07 8.4782 0.03 394 2388 100.0 38.83 23.3965
84 105 42.0013 0.8402 100.0 445.0 550.29 1350.89 1127.4 3.91 5.71 138.6 2211.8 8317.8 1.02 42.2 130.87 2387.81 8078.38 9.3786 0.02 332 2212 100.0 10.31 6.4466
84 106 0.0006 0.0 100.0 518.67 642.35 1593.35 1411.2 14.62 21.61 552.95 2388.07 9057.19 1.3 47.63 521.55 2388.1 8133.54 8.4493 0.03 394 2388 100.0 38.78 23.2658
84 107 0.0026 0.0 100.0 518.67 642.83 1590.56 1403.78 14.62 21.61 553.72 2388.04 9051.23 1.3 47.61 521.14 2388.11 8138.86 8.4529 0.03 395 2388 100.0 38.71 23.3372
84 108 42.0016 0.84 100.0 445.0 549.66 1352.23 1122.33 3.91 5.71 139.14 2211.85 8327.3 1.02 42.27 130.04 2387.83 8084.67 9.3571 0.02 330 2212 100.0 10.8 6.4272
84 109 20.0034 0.7 100.0 491.19 606.94 1481.34 1253.67 9.35 13.66 334.82 2323.95 8731.08 1.08 44.38 314.58 2388.14 8059.37 9.1907 0.02 365 2324 100.0 24.41 14.6573
84 110 42.0032 0.84 100.0 445.0 550.28 1355.69 1122.2 3.91 5.71 139.44 2211.86 8319.61 1.02 42.39 130.56 2387.93 8080.98 9.3721 0.02 331 2212 100.0 10.67 6.2761
84 111 20.0076 0.7 100.0 491.19 607.58 1481.85 1254.5 9.35 13.66 334.68 2324.03 8720.0 1.08 44.39 314.69 2388.09 8058.68 9.2306 0.03 366 2324 100.0 24.35 14.6872
84 112 10.0011 0.2515 100.0 489.05 605.38 1508.01 1316.32 10.52 15.49 394.23 2318.94 8776.33 1.26 45.64 371.76 2388.2 8130.16 8.6986 0.03 369 2319 100.0 28.52 17.0708
84 113 35.0003 0.84 100.0 449.44 555.76 1366.75 1132.34 5.48 8.0 194.23 2222.92 8348.07 1.02 42.08 183.02 2388.0 8064.9 9.3289 0.02 335 2223 100.0 14.71 8.7932
84 114 42.0009 0.8419 100.0 445.0 550.07 1349.27 1128.56 3.91 5.72 138.29 2211.77 8317.55 1.02 42.21 130.85 2387.89 8081.3 9.3918 0.02 330 2212 100.0 10.45 6.336
84 115 35.0015 0.84 100.0 449.44 556.04 1365.13 1137.95 5.48 8.0 194.51 2222.91 8346.33 1.02 42.02 182.71 2387.99 8064.77 9.3508 0.02 333 2223 100.0 14.91 8.9255
84 116 20.0014 0.7003 100.0 491.19 607.35 1489.4 1253.54 9.35 13.66 334.11 2324.0 8725.84 1.08 44.46 314.71 2388.1 8056.3 9.2356 0.02 366 2324 100.0 24.39 14.6605
84 117 25.003 0.62 60.0 462.54 536.73 1265.44 1051.01 7.05 9.03 176.0 1915.27 8018.38 0.94 36.75 164.52 2028.2 7875.84 10.8914 0.02 307 1915 84.93 14.23 8.4395
84 118 10.0034 0.25 100.0 489.05 604.71 1509.67 1306.09 10.52 15.5 394.37 2318.99 8781.17 1.26 45.54 371.14 2388.16 8126.84 8.6644 0.03 370 2319 100.0 28.37 17.0831
84 119 0.0019 0.0009 100.0 518.67 643.65 1592.28 1412.92 14.62 21.61 552.82 2388.18 9054.83 1.3 47.61 521.26 2388.15 8129.1 8.4948 0.03 393 2388 100.0 38.87 23.3299
84 120 25.0048 0.62 60.0 462.54 536.96 1258.76 1054.36 7.05 9.03 175.39 1915.3 8002.13 0.94 36.99 164.68 2028.07 7868.85 10.9258 0.02 308 1915 84.93 14.17 8.4877
84 121 10.0058 0.25 100.0 489.05 605.08 1502.81 1315.83 10.52 15.5 394.1 2319.03 8776.25 1.26 45.57 370.97 2388.2 8121.5 8.6715 0.03 370 2319 100.0 28.34 17.1183
84 122 0.0016 0.0006 100.0 518.67 643.18 1587.27 1421.07 14.62 21.61 553.15 2388.16 9053.22 1.3 47.72 520.95 2388.16 8133.74 8.4533 0.03 393 2388 100.0 38.88 23.1414
84 123 41.9993 0.84 100.0 445.0 549.47 1351.35 1129.24 3.91 5.72 137.92 2211.75 8319.14 1.02 42.35 130.23 2387.82 8074.08 9.3763 0.02 331 2212 100.0 10.57 6.2938
84 124 42.0067 0.84 100.0 445.0 549.77 1362.65 1130.57 3.91 5.72 138.92 2211.73 8315.15 1.02 42.32 130.51 2387.85 8077.23 9.3622 0.02 333 2212 100.0 10.46 6.3482
84 125 19.9985 0.7 100.0 491.19 607.93 1492.0 1257.83 9.35 13.66 334.64 2324.02 8726.2 1.08 44.53 314.48 2388.16 8060.69 9.1991 0.02 364 2324 100.0 24.45 14.7625
84 126 10.0057 0.25 100.0 489.05 605.22 1500.65 1310.23 10.52 15.5 393.76 2319.03 8771.43 1.26 45.52 371.05 2388.18 8123.74 8.6857 0.03 371 2319 100.0 28.36 17.0398
84 127 0.001 0.0014 100.0 518.67 642.74 1590.12 1419.08 14.62 21.61 552.7 2388.15 9051.42 1.3 47.48 520.57 2388.11 8128.03 8.5047 0.03 394 2388 100.0 38.67 23.1729
84 128 42.0037 0.84 100.0 445.0 550.35 1357.1 1129.17 3.91 5.72 138.47 2211.72 8321.91 1.02 42.2 130.75 2387.81 8073.01 9.3814 0.02 331 2212 100.0 10.61 6.3483
84 129 19.999 0.701 100.0 491.19 608.52 1480.41 1251.37 9.35 13.66 333.67 2324.0 8717.59 1.08 44.47 314.51 2388.14 8052.33 9.2523 0.02 366 2324 100.0 24.32 14.6332
84 130 24.9995 0.62 60.0 462.54 536.9 1262.65 1059.54 7.05 9.03 175.64 1915.24 8012.09 0.94 36.89 164.1 2028.1 7866.68 10.9431 0.02 308 1915 84.93 14.17 8.4855
84 131 42.003 0.84 100.0 445.0 550.01 1360.53 1126.53 3.91 5.72 138.05 2211.72 8316.67 1.02 42.21 130.55 2387.78 8070.17 9.3998 0.02 333 2212 100.0 10.49 6.2951
84 132 20.0056 0.7 100.0 491.19 607.79 1489.2 1264.11 9.35 13.66 334.52 2324.0 8719.94 1.08 44.71 314.83 2388.15 8053.08 9.2463 0.02 364 2324 100.0 24.4 14.7588
84 133 20.0052 0.7006 100.0 491.19 608.3 1483.87 1269.44 9.35 13.66 334.21 2324.02 8714.77 1.07 44.66 314.05 2388.13 8055.02 9.2349 0.03 367 2324 100.0 24.27 14.6374
84 134 9.9994 0.25 100.0 489.05 605.63 1511.74 1320.12 10.52 15.5 393.28 2319.07 8770.74 1.26 45.6 370.83 2388.21 8119.37 8.6654 0.03 371 2319 100.0 28.5 17.0594
84 135 0.0001 0.0 100.0 518.67 642.75 1599.6 1423.45 14.62 21.61 552.77 2388.2 9051.3 1.3 47.93 520.38 2388.22 8126.63 8.478 0.03 394 2388 100.0 38.75 23.1822
84 136 0.0007 0.0 100.0 518.67 642.57 1596.42 1421.38 14.62 21.61 552.27 2388.25 9050.47 1.3 47.8 519.96 2388.19 8126.95 8.4936 0.03 395 2388 100.0 38.74 23.1729
84 137 0.0021 0.0 100.0 518.67 643.42 1593.3 1423.17 14.62 21.61 552.13 2388.23 9052.63 1.3 47.61 520.57 2388.2 8134.69 8.4974 0.03 393 2388 100.0 38.62 23.1393
84 138 41.9985 0.84 100.0 445.0 550.35 1357.0 1130.59 3.91 5.72 138.11 2211.65 8315.18 1.02 42.34 130.24 2387.78 8074.67 9.3817 0.02 332 2212 100.0 10.43 6.3738
84 139 0.0022 0.0002 100.0 518.67 643.41 1587.67 1423.43 14.62 21.61 551.99 2388.19 9050.98 1.3 47.69 520.23 2388.21 8128.77 8.4824 0.03 394 2388 100.0 38.58 23.1109
84 140 25.0017 0.62 60.0 462.54 537.3 1269.0 1058.88 7.05 9.03 175.41 1915.19 8004.6 0.94 36.88 164.56 2028.1 7866.3 10.9539 0.02 308 1915 84.93 14.08 8.4953
84 141 41.9986 0.8416 100.0 445.0 550.13 1368.74 1134.62 3.91 5.72 138.24 2211.64 8312.99 1.02 42.47 130.78 2387.73 8078.88 9.4085 0.02 331 2212 100.0 10.54 6.2918
84 142 35.0016 0.8404 100.0 449.44 556.06 1374.53 1138.87 5.48 8.0 194.08 2222.79 8346.58 1.02 42.15 182.62 2387.87 8059.59 9.3694 0.02 337 2223 100.0 14.86 8.7997
84 143 42.0067 0.8407 100.0 445.0 550.05 1360.76 1132.45 3.91 5.72 137.7 2211.64 8312.32 1.02 42.4 129.86 2387.71 8075.14 9.4142 0.02 333 2212 100.0 10.6 6.3292
84 144 10.0019 0.252 100.0 489.05 605.52 1509.94 1324.76 10.52 15.5 393.63 2319.1 8778.3 1.26 45.85 370.41 2388.31 8116.84 8.7419 0.03 372 2319 100.0 28.2 17.1517
84 145 25.0078 0.6207 60.0 462.54 537.3 1272.32 1052.54 7.05 9.03 175.24 1915.08 8005.56 0.94 37.1 164.2 2028.01 7869.81 10.988 0.02 310 1915 84.93 14.14 8.5018
84 146 42.0037 0.84 100.0 445.0 550.59 1364.33 1143.91 3.91 5.72 138.24 2211.64 8308.77 1.02 42.54 129.4 2387.66 8074.21 9.4208 0.02 333 2212 100.0 10.58 6.3672
84 147 42.0064 0.8413 100.0 445.0 549.2 1359.71 1134.9 3.91 5.72 138.82 2211.61 8312.06 1.02 42.52 130.08 2387.59 8072.92 9.4697 0.02 333 2212 100.0 10.65 6.2785
84 148 25.0009 0.6209 60.0 462.54 537.36 1264.1 1059.56 7.05 9.03 175.14 1915.13 8006.99 0.94 37.24 163.84 2028.05 7866.95 10.9784 0.02 309 1915 84.93 14.33 8.516
84 149 10.0015 0.25 100.0 489.05 605.69 1508.47 1322.67 10.52 15.5 393.26 2319.15 8770.08 1.26 45.7 370.6 2388.33 8113.22 8.6902 0.03 371 2319 100.0 28.12 17.1442
84 150 35.007 0.84 100.0 449.44 555.6 1374.18 1149.39 5.48 8.0 193.91 2222.71 8343.21 1.02 42.48 182.13 2387.84 8057.72 9.4116 0.02 334 2223 100.0 14.65 8.8145
84 151 35.0002 0.8405 100.0 449.44 556.41 1377.18 1150.84 5.48 8.0 194.32 2222.74 8348.74 1.02 42.47 182.2 2387.79 8055.17 9.3477 0.02 338 2223 100.0 14.56 8.9444
84 152 42.0074 0.84 100.0 445.0 550.2 1367.18 1150.32 3.91 5.72 137.77 2211.53 8314.61 1.02 42.61 129.99 2387.54 8073.33 9.4426 0.02 334 2212 100.0 10.5 6.2681
84 153 19.9991 0.7 100.0 491.19 608.07 1493.86 1272.41 9.35 13.66 333.98 2324.07 8716.13 1.08 44.8 314.38 2388.16 8043.2 9.3117 0.03 367 2324 100.0 24.09 14.595
84 154 25.0047 0.6213 60.0 462.54 537.25 1271.19 1059.39 7.05 9.03 174.73 1915.09 8001.13 0.94 37.11 164.5 2027.97 7869.45 10.9818 0.02 311 1915 84.93 14.24 8.5513
84 155 20.0073 0.701 100.0 491.19 608.51 1493.06 1277.59 9.35 13.66 333.4 2324.02 8717.7 1.08 45.12 314.41 2388.19 8043.76 9.3107 0.03 367 2324 100.0 24.37 14.5371
84 156 19.9999 0.7014 100.0 491.19 608.61 1496.66 1270.11 9.35 13.66 333.54 2324.07 8709.1 1.07 44.9 313.29 2388.22 8048.93 9.2911 0.03 368 2324 100.0 24.34 14.5698
84 157 20.0069 0.7 100.0 491.19 608.56 1498.3 1268.2 9.35 13.66 334.44 2324.05 8720.65 1.07 44.9 313.61 2388.18 8041.6 9.2966 0.03 369 2324 100.0 24.42 14.5304
84 158 42.0028 0.84 100.0 445.0 550.55 1366.39 1146.7 3.91 5.71 138.48 2211.48 8317.18 1.02 42.76 130.51 2387.5 8067.15 9.4498 0.02 333 2212 100.0 10.42 6.3106
84 159 42.0071 0.84 100.0 445.0 550.21 1368.22 1149.0 3.91 5.71 137.82 2211.42 8307.01 1.02 42.82 130.17 2387.42 8060.95 9.5055 0.02 334 2212 100.0 10.39 6.3468
94 1 25.0021 0.6217 60.0 462.54 536.57 1261.99 1039.41 7.05 9.02 175.51 1915.41 8007.44 0.94 36.51 164.74 2028.26 7871.11 10.8202 0.02 306 1915 84.93 14.44 8.6361
94 2 42.0005 0.84 100.0 445.0 549.21 1348.59 1119.96 3.91 5.71 138.87 2211.94 8313.55 1.02 41.83 130.55 2388.04 8087.09 9.3004 0.02 330 2212 100.0 10.78 6.4521
94 3 42.0018 0.8408 100.0 445.0 549.26 1344.59 1112.11 3.91 5.71 139.23 2211.97 8320.15 1.02 41.83 131.02 2388.02 8079.7 9.3306 0.02 327 2212 100.0 10.66 6.3698
94 4 10.0048 0.2502 100.0 489.05 604.06 1499.83 1300.21 10.52 15.48 395.59 2318.81 8773.8 1.26 45.39 372.66 2387.98 8128.79 8.5973 0.03 367 2319 100.0 28.59 17.2097
94 5 0.0023 0.0 100.0 518.67 642.36 1582.91 1394.5 14.62 21.6 555.6 2387.95 9047.91 1.3 47.16 522.22 2388.01 8134.14 8.375 0.03 391 2388 100.0 39.03 23.3692
94 6 42.0048 0.8404 100.0 445.0 549.78 1349.6 1121.87 3.91 5.71 138.65 2211.91 8315.5 1.02 41.67 130.27 2388.06 8082.03 9.3164 0.02 330 2212 100.0 10.6 6.4035
94 7 10.0079 0.25 100.0 489.05 604.38 1495.93 1307.65 10.52 15.49 394.83 2318.76 8774.93 1.26 45.13 372.34 2388.02 8133.14 8.6166 0.03 369 2319 100.0 28.66 17.1962
94 8 0.0015 0.0002 100.0 518.67 642.08 1585.55 1396.24 14.62 21.6 555.24 2388.02 9054.97 1.3 47.11 523.16 2388.01 8137.09 8.3921 0.03 390 2388 100.0 38.98 23.4954
94 9 42.0011 0.842 100.0 445.0 548.73 1346.84 1121.9 3.91 5.71 139.01 2211.94 8312.54 1.02 41.84 130.56 2388.01 8082.52 9.2868 0.02 329 2212 100.0 10.69 6.3876
94 10 20.0023 0.7004 100.0 491.19 606.86 1473.08 1233.27 9.35 13.64 335.27 2323.82 8717.33 1.08 44.01 315.21 2387.97 8059.33 9.1826 0.02 364 2324 100.0 24.55 14.793
94 11 41.9997 0.84 100.0 445.0 549.36 1350.43 1118.09 3.91 5.71 138.58 2211.96 8318.32 1.02 41.78 130.53 2387.98 8085.15 9.2998 0.02 331 2212 100.0 10.69 6.3007
94 12 42.0074 0.8417 100.0 445.0 548.98 1343.9 1117.88 3.91 5.71 138.36 2211.96 8320.74 1.02 41.67 130.49 2388.0 8090.4 9.3012 0.02 329 2212 100.0 10.71 6.2801
94 13 20.0031 0.7 100.0 491.19 606.76 1481.11 1239.02 9.35 13.65 335.95 2323.94 8727.77 1.08 44.16 315.69 2388.02 8060.94 9.1397 0.02 363 2324 100.0 24.79 14.7966
94 14 10.0057 0.2509 100.0 489.05 604.53 1502.41 1294.57 10.52 15.49 395.29 2318.81 8775.42 1.26 45.14 372.41 2387.95 8137.18 8.595 0.03 368 2319 100.0 28.68 17.2244
94 15 0.0018 0.0 100.0 518.67 642.05 1581.38 1393.69 14.62 21.6 554.67 2388.02 9055.51 1.3 47.23 522.33 2388.06 8137.71 8.3768 0.03 392 2388 100.0 39.09 23.3836
94 16 42.0005 0.8407 100.0 445.0 549.36 1340.87 1123.45 3.91 5.71 138.73 2212.0 8313.35 1.02 41.9 130.39 2388.05 8085.11 9.3212 0.02 329 2212 100.0 10.44 6.423
94 17 25.0002 0.62 60.0 462.54 536.48 1259.95 1034.42 7.05 9.02 175.95 1915.33 8008.46 0.94 36.33 164.68 2028.27 7871.1 10.8202 0.02 307 1915 84.93 14.24 8.6297
94 18 24.999 0.621 60.0 462.54 536.14 1254.81 1031.06 7.05 9.02 175.01 1915.33 8007.25 0.94 36.35 165.2 2028.17 7872.56 10.8669 0.02 306 1915 84.93 14.42 8.6985
94 19 25.0001 0.6207 60.0 462.54 536.83 1259.9 1040.02 7.05 9.01 175.7 1915.32 8010.73 0.94 36.47 164.77 2028.2 7871.01 10.8459 0.02 306 1915 84.93 14.32 8.5317
94 20 20.0013 0.7 100.0 491.19 606.83 1476.78 1250.22 9.35 13.65 335.32 2323.86 8722.4 1.08 43.9 315.61 2387.99 8060.75 9.1708 0.02 365 2324 100.0 24.55 14.7929
94 21 41.9997 0.8416 100.0 445.0 549.01 1351.97 1119.69 3.91 5.71 139.69 2211.92 8317.44 1.02 41.75 130.78 2388.03 8080.4 9.3468 0.02 330 2212 100.0 10.74 6.3327
94 22 25.0026 0.6209 60.0 462.54 536.46 1259.49 1036.51 7.05 9.02 176.09 1915.3 8003.21 0.94 36.38 164.52 2028.23 7869.02 10.8439 0.02 306 1915 84.93 14.25 8.6384
94 23 35.004 0.8418 100.0 449.44 554.97 1365.95 1121.45 5.48 7.99 195.12 2222.94 8349.55 1.02 41.51 183.67 2388.0 8065.58 9.2623 0.02 332 2223 100.0 14.97 8.9024
94 24 10.0079 0.25 100.0 489.05 604.45 1494.42 1292.58 10.52 15.48 394.56 2318.75 8768.62 1.26 45.16 371.68 2387.94 8135.18 8.5967 0.03 370 2319 100.0 28.81 17.2502
94 25 20.0045 0.7 100.0 491.19 606.68 1481.78 1239.86 9.35 13.64 334.59 2323.81 8719.49 1.08 44.0 315.08 2388.0 8059.42 9.1898 0.02 363 2324 100.0 24.54 14.7855
94 26 42.0027 0.84 100.0 445.0 549.01 1349.16 1112.29 3.91 5.71 138.31 2211.93 8318.64 1.02 41.75 130.78 2388.01 8077.96 9.2901 0.02 329 2212 100.0 10.65 6.432
94 27 20.0071 0.7001 100.0 491.19 607.13 1473.93 1245.65 9.35 13.65 334.87 2323.91 8720.07 1.08 44.15 315.5 2387.98 8062.72 9.1557 0.02 362 2324 100.0 24.66 14.7812
94 28 25.0078 0.6213 60.0 462.54 536.32 1259.7 1041.87 7.05 9.02 175.96 1915.33 8000.28 0.94 36.34 164.28 2028.2 7871.63 10.8306 0.02 307 1915 84.93 14.43 8.7309
94 29 10.0009 0.2519 100.0 489.05 604.54 1495.12 1303.27 10.52 15.48 394.56 2318.81 8773.37 1.26 45.05 372.01 2388.03 8127.3 8.6004 0.03 365 2319 100.0 28.6 17.1374
94 30 10.0002 0.2507 100.0 489.05 604.59 1492.18 1295.89 10.52 15.48 395.31 2318.77 8772.19 1.26 45.28 371.62 2387.98 8128.13 8.604 0.03 369 2319 100.0 28.68 17.2554
94 31 34.999 0.84 100.0 449.44 555.18 1361.12 1125.28 5.48 7.99 194.48 2222.92 8348.55 1.02 41.71 183.68 2387.94 8071.68 9.2875 0.02 333 2223 100.0 15.07 8.9179
94 32 0.0016 0.0012 100.0 518.67 641.69 1580.58 1398.78 14.62 21.6 554.88 2387.99 9058.01 1.3 47.12 522.23 2388.03 8138.89 8.3738 0.03 392 2388 100.0 38.97 23.4959
94 33 42.0036 0.8414 100.0 445.0 549.09 1348.23 1118.11 3.91 5.71 138.5 2211.97 8314.65 1.02 41.76 129.75 2387.96 8078.99 9.3612 0.02 330 2212 100.0 10.77 6.5035
94 34 20.0014 0.7 100.0 491.19 606.89 1478.28 1248.09 9.35 13.65 335.82 2323.87 8722.89 1.08 44.1 315.38 2388.04 8064.32 9.2041 0.02 362 2324 100.0 24.56 14.8358
94 35 20.0053 0.7016 100.0 491.19 606.46 1481.12 1235.67 9.35 13.64 335.8 2323.86 8716.78 1.08 44.14 315.15 2387.96 8052.92 9.1456 0.02 364 2324 100.0 24.53 14.7198
94 36 25.0007 0.621 60.0 462.54 536.77 1256.75 1035.65 7.05 9.02 176.31 1915.34 8002.96 0.94 36.61 164.2 2028.25 7874.25 10.8462 0.02 307 1915 84.93 14.29 8.5527
94 37 0.0007 0.0 100.0 518.67 641.46 1577.14 1396.35 14.62 21.6 554.68 2388.02 9049.13 1.3 47.16 523.02 2387.99 8137.44 8.387 0.03 391 2388 100.0 38.91 23.4685
94 38 0.0018 0.0004 100.0 518.67 642.3 1584.06 1397.96 14.62 21.6 554.59 2388.01 9057.59 1.3 47.13 522.39 2387.97 8136.5 8.3928 0.03 390 2388 100.0 39.06 23.3384
94 39 0.0026 0.0 100.0 518.67 641.61 1581.86 1394.12 14.62 21.6 554.05 2387.93 9050.83 1.3 47.24 522.62 2387.99 8134.77 8.3797 0.03 390 2388 100.0 38.75 23.4038
94 40 25.0002 0.6219 60.0 462.54 536.37 1254.84 1039.1 7.05 9.02 176.07 1915.34 8002.4 0.94 36.53 164.93 2028.21 7872.32 10.8348 0.02 305 1915 84.93 14.15 8.5053
94 41 20.001 0.7 100.0 491.19 606.79 1474.3 1242.24 9.35 13.64 335.21 2323.86 8718.94 1.08 44.26 315.24 2388.0 8056.9 9.1609 0.02 363 2324 100.0 24.48 14.7446
94 42 35.0026 0.84 100.0 449.44 555.23 1356.16 1113.39 5.48 7.99 194.08 2222.82 8339.88 1.02 41.4 182.63 2387.98 8063.94 9.2752 0.02 333 2223 100.0 14.91 8.8428
94 43 0.0006 0.0 100.0 518.67 642.03 1589.25 1399.19 14.62 21.6 555.08 2387.99 9055.42 1.3 47.04 522.5 2388.03 8137.01 8.3903 0.03 394 2388 100.0 39.16 23.4287
94 44 42.0019 0.8409 100.0 445.0 549.35 1347.58 1122.64 3.91 5.71 138.59 2211.95 8316.14 1.02 41.8 130.63 2388.02 8079.48 9.3317 0.02 329 2212 100.0 10.54 6.412
94 45 24.9991 0.62 60.0 462.54 536.74 1258.88 1040.06 7.05 9.02 175.16 1915.38 8004.97 0.94 36.36 164.58 2028.25 7871.15 10.8605 0.02 307 1915 84.93 14.54 8.6614
94 46 0.0003 0.0 100.0 518.67 642.26 1588.61 1393.54 14.62 21.6 555.21 2388.02 9055.59 1.3 47.12 522.9 2388.02 8135.36 8.4286 0.03 391 2388 100.0 39.23 23.446
94 47 0.0005 0.0 100.0 518.67 642.75 1581.17 1393.78 14.62 21.6 555.61 2388.0 9057.91 1.3 47.1 522.2 2388.03 8132.0 8.3791 0.03 393 2388 100.0 39.07 23.4393
94 48 35.0069 0.8406 100.0 449.44 555.42 1359.45 1119.7 5.48 7.99 195.55 2222.89 8348.8 1.02 41.43 183.47 2388.01 8069.12 9.2878 0.02 331 2223 100.0 14.9 8.9446
94 49 20.0042 0.7002 100.0 491.19 606.73 1482.03 1243.07 9.35 13.64 335.5 2323.87 8721.06 1.08 44.12 316.0 2387.96 8059.24 9.1582 0.02 364 2324 100.0 24.72 14.7152
94 50 10.0044 0.25 100.0 489.05 603.99 1494.05 1298.56 10.52 15.48 395.3 2318.78 8774.96 1.26 45.19 372.2 2388.02 8129.35 8.5852 0.03 368 2319 100.0 28.77 17.3106
94 51 0.0023 0.0014 100.0 518.67 641.38 1581.33 1399.81 14.62 21.6 554.9 2387.99 9052.18 1.3 47.14 522.85 2388.01 8137.42 8.3742 0.03 393 2388 100.0 38.88 23.5062
94 52 25.0044 0.62 60.0 462.54 536.95 1251.02 1043.75 7.05 9.01 175.1 1915.32 8009.27 0.94 36.24 164.3 2028.21 7871.76 10.8487 0.02 307 1915 84.93 14.41 8.6151
94 53 42.0024 0.8414 100.0 445.0 549.49 1346.14 1114.12 3.91 5.71 138.71 2211.94 8314.53 1.02 41.55 131.03 2388.01 8080.72 9.3164 0.02 330 2212 100.0 10.62 6.345
94 54 25.0043 0.6208 60.0 462.54 535.95 1256.89 1048.23 7.05 9.02 175.3 1915.32 8001.59 0.94 36.39 165.13 2028.19 7872.09 10.8374 0.02 305 1915 84.93 14.38 8.5515
94 55 42.0037 0.8419 100.0 445.0 549.2 1349.44 1113.8 3.91 5.71 139.42 2211.93 8321.02 1.02 41.72 131.04 2388.04 8088.3 9.3225 0.02 330 2212 100.0 10.56 6.4169
94 56 0.001 0.0 100.0 518.67 642.15 1587.94 1400.58 14.62 21.6 555.29 2387.96 9053.15 1.3 47.02 523.51 2388.0 8142.78 8.3784 0.03 391 2388 100.0 39.14 23.3997
94 57 42.0042 0.8406 100.0 445.0 548.46 1344.83 1114.24 3.91 5.71 138.23 2211.91 8316.56 1.02 41.81 130.69 2388.0 8087.89 9.3049 0.02 329 2212 100.0 10.5 6.2964
94 58 20.003 0.7 100.0 491.19 606.38 1479.36 1242.19 9.35 13.64 334.87 2323.85 8722.88 1.08 43.97 315.46 2388.01 8061.4 9.1839 0.02 364 2324 100.0 24.58 14.7912
94 59 34.9986 0.84 100.0 449.44 555.23 1361.9 1124.91 5.48 7.99 194.62 2223.0 8345.73 1.02 41.54 184.08 2388.07 8068.9 9.2747 0.02 331 2223 100.0 15.1 8.8781
94 60 35.001 0.84 100.0 449.44 555.3 1359.88 1117.1 5.48 7.99 195.26 2222.92 8352.52 1.02 41.5 183.73 2388.04 8060.41 9.2661 0.02 331 2223 100.0 15.03 8.9502
94 61 25.0005 0.62 60.0 462.54 536.36 1256.1 1041.81 7.05 9.02 175.18 1915.3 8005.31 0.94 36.39 165.11 2028.23 7874.96 10.8231 0.02 306 1915 84.93 14.12 8.6313
94 62 25.0009 0.6219 60.0 462.54 536.78 1257.45 1041.89 7.05 9.02 176.53 1915.36 8012.07 0.94 36.49 165.04 2028.22 7878.49 10.8484 0.02 307 1915 84.93 14.46 8.5479
94 63 25.0016 0.62 60.0 462.54 536.38 1258.87 1040.73 7.05 9.02 175.38 1915.34 8005.34 0.94 36.63 165.25 2028.27 7873.11 10.8405 0.02 305 1915 84.93 14.41 8.6334
94 64 0.0019 0.0 100.0 518.67 642.07 1587.64 1394.57 14.62 21.6 555.83 2388.03 9050.44 1.3 47.23 523.52 2387.96 8136.28 8.3664 0.03 391 2388 100.0 39.2 23.4077
94 65 10.006 0.25 100.0 489.05 604.38 1494.7 1301.29 10.52 15.48 395.17 2318.78 8766.98 1.26 45.0 371.59 2388.01 8127.56 8.6421 0.03 367 2319 100.0 28.62 17.2294
94 66 42.0061 0.8405 100.0 445.0 548.76 1345.96 1120.62 3.91 5.71 139.03 2211.96 8324.37 1.02 41.77 131.11 2388.07 8081.88 9.3193 0.02 329 2212 100.0 10.58 6.387
94 67 42.0008 0.84 100.0 445.0 548.79 1348.81 1119.46 3.91 5.71 138.57 2211.88 8316.76 1.02 41.8 130.77 2388.02 8088.88 9.3025 0.02 328 2212 100.0 10.66 6.3328
94 68 10.0073 0.25 100.0 489.05 604.24 1500.06 1301.89 10.52 15.48 395.72 2318.81 8773.57 1.26 45.21 372.87 2388.08 8137.4 8.5755 0.03 367 2319 100.0 28.64 17.1502
94 69 10.0015 0.25 100.0 489.05 604.46 1492.93 1303.7 10.52 15.48 395.62 2318.79 8780.47 1.26 45.06 371.79 2387.99 8124.0 8.6103 0.03 368 2319 100.0 28.73 17.2115
94 70 10.0072 0.2502 100.0 489.05 604.19 1486.95 1302.13 10.52 15.48 395.03 2318.83 8772.52 1.26 45.03 371.93 2388.0 8130.0 8.5881 0.03 368 2319 100.0 28.64 17.2734
94 71 42.0004 0.8411 100.0 445.0 549.03 1350.99 1117.39 3.91 5.71 138.01 2211.93 8321.81 1.02 41.76 130.9 2387.97 8082.99 9.3186 0.02 329 2212 100.0 10.58 6.3266
94 72 0.0004 0.0006 100.0 518.67 642.64 1580.14 1401.06 14.62 21.6 555.3 2387.99 9054.3 1.3 46.95 522.98 2387.98 8136.11 8.3593 0.03 393 2388 100.0 38.95 23.4015
94 73 10.0044 0.251 100.0 489.05 604.21 1496.13 1293.48 10.52 15.48 395.42 2318.87 8774.88 1.26 45.13 372.58 2388.02 8133.85 8.5737 0.03 367 2319 100.0 28.79 17.1778
94 74 42.0079 0.84 100.0 445.0 549.15 1347.88 1116.85 3.91 5.71 138.91 2211.97 8312.14 1.02 41.85 131.36 2388.08 8086.16 9.3147 0.02 330 2212 100.0 10.63 6.3749
94 75 25.003 0.6209 60.0 462.54 536.69 1256.28 1041.82 7.05 9.02 176.09 1915.3 8007.8 0.94 36.35 164.73 2028.3 7873.75 10.7966 0.02 306 1915 84.93 14.32 8.6418
94 76 35.0043 0.84 100.0 449.44 555.38 1355.15 1119.82 5.48 8.0 194.63 2222.96 8340.98 1.02 41.54 183.7 2388.01 8065.58 9.2559 0.02 333 2223 100.0 15.07 8.8474
94 77 0.0014 0.0009 100.0 518.67 642.14 1587.47 1399.86 14.62 21.6 555.6 2388.08 9058.28 1.3 47.1 523.75 2388.04 8136.35 8.3764 0.03 390 2388 100.0 39.2 23.5044
94 78 20.0007 0.7 100.0 491.19 606.79 1484.86 1239.64 9.35 13.64 335.54 2323.87 8723.57 1.08 44.18 315.24 2388.01 8059.52 9.1482 0.02 363 2324 100.0 24.75 14.6755
94 79 20.0064 0.7 100.0 491.19 606.93 1479.71 1243.02 9.35 13.65 335.53 2323.95 8707.24 1.08 44.25 315.68 2388.04 8068.48 9.1458 0.02 363 2324 100.0 24.47 14.8874
94 80 35.0037 0.8405 100.0 449.44 555.28 1359.79 1117.37 5.48 7.99 195.15 2222.98 8349.18 1.02 41.6 183.38 2388.03 8068.36 9.2746 0.02 333 2223 100.0 14.96 8.9878
94 81 35.0 0.84 100.0 449.44 555.26 1357.65 1126.25 5.48 7.99 193.64 2222.87 8345.26 1.02 41.77 182.93 2388.0 8065.56 9.28 0.02 331 2223 100.0 14.95 8.9111
94 82 20.0028 0.7 100.0 491.19 606.9 1481.21 1247.59 9.35 13.65 335.88 2323.84 8726.93 1.08 44.03 315.46 2388.1 8063.44 9.127 0.02 364 2324 100.0 24.77 14.8018
94 83 20.002 0.7 100.0 491.19 606.78 1473.35 1240.66 9.35 13.64 336.47 2323.91 8724.3 1.08 44.09 315.7 2388.05 8061.69 9.1633 0.02 365 2324 100.0 24.56 14.7489
94 84 41.9983 0.8416 100.0 445.0 548.91 1342.76 1125.55 3.91 5.71 138.25 2211.91 8314.68 1.02 41.81 130.37 2388.04 8085.31 9.3397 0.02 330 2212 100.0 10.66 6.3386
94 85 10.0036 0.252 100.0 489.05 604.43 1494.64 1301.67 10.52 15.48 395.79 2318.83 8779.42 1.26 45.14 372.26 2388.01 8134.6 8.5748 0.03 367 2319 100.0 28.71 17.2198
94 86 19.9985 0.7003 100.0 491.19 606.75 1477.58 1245.73 9.35 13.64 335.9 2323.9 8728.45 1.08 44.01 315.57 2388.05 8060.57 9.1629 0.02 364 2324 100.0 24.65 14.844
94 87 35.0043 0.84 100.0 449.44 555.51 1359.39 1117.06 5.48 7.99 195.48 2222.98 8349.12 1.03 41.67 183.81 2388.04 8069.44 9.2642 0.02 334 2223 100.0 14.89 8.9868
94 88 0.0001 0.0 100.0 518.67 642.23 1585.27 1400.46 14.62 21.6 555.47 2388.01 9055.9 1.3 47.36 523.15 2388.01 8138.82 8.3628 0.03 391 2388 100.0 39.23 23.4065
94 89 0.0021 0.0 100.0 518.67 642.0 1580.59 1399.62 14.62 21.6 554.98 2387.97 9054.67 1.3 47.34 523.59 2388.01 8136.88 8.3971 0.03 391 2388 100.0 39.29 23.4881
94 90 0.0022 0.0005 100.0 518.67 642.05 1582.66 1394.33 14.62 21.6 555.72 2387.98 9048.67 1.3 47.14 523.23 2388.03 8133.65 8.3653 0.03 391 2388 100.0 38.97 23.4515
94 91 25.0047 0.6204 60.0 462.54 536.36 1257.6 1038.54 7.05 9.02 175.45 1915.33 8005.16 0.94 36.32 164.85 2028.22 7875.56 10.8724 0.02 305 1915 84.93 14.41 8.7606
94 92 0.0022 0.0 100.0 518.67 642.16 1586.9 1382.94 14.62 21.6 556.02 2387.98 9057.52 1.3 47.03 523.57 2388.04 8139.6 8.3493 0.03 392 2388 100.0 39.19 23.485
94 93 42.0041 0.8401 100.0 445.0 549.08 1343.36 1114.57 3.91 5.71 138.98 2212.0 8310.24 1.02 41.8 130.33 2388.04 8085.8 9.2876 0.02 330 2212 100.0 10.81 6.4125
94 94 42.0011 0.8404 100.0 445.0 549.11 1342.72 1115.55 3.91 5.71 138.99 2211.97 8318.21 1.03 41.91 131.36 2388.07 8090.45 9.3229 0.02 329 2212 100.0 10.77 6.3025
94 95 42.0054 0.84 100.0 445.0 549.01 1346.42 1126.5 3.91 5.71 138.74 2211.94 8320.45 1.02 41.76 131.25 2388.05 8090.57 9.3241 0.02 330 2212 100.0 10.63 6.3598
94 96 0.0019 0.0017 100.0 518.67 642.22 1587.9 1390.66 14.62 21.6 555.78 2388.03 9055.08 1.3 47.27 523.05 2388.01 8141.55 8.356 0.03 393 2388 100.0 39.03 23.5135
94 97 20.0036 0.7 100.0 491.19 607.18 1473.07 1240.48 9.35 13.65 335.3 2323.95 8722.95 1.08 44.3 316.3 2388.03 8059.17 9.166 0.02 366 2324 100.0 24.6 14.8154
94 98 20.0011 0.7007 100.0 491.19 607.3 1475.77 1239.85 9.35 13.64 335.57 2323.95 8712.19 1.08 44.12 316.25 2388.04 8060.44 9.1342 0.02 364 2324 100.0 24.43 14.7344
94 99 25.0055 0.6215 60.0 462.54 536.89 1253.04 1040.17 7.05 9.01 175.97 1915.39 8017.01 0.94 36.38 164.53 2028.28 7871.44 10.8638 0.02 305 1915 84.93 14.29 8.6106
94 100 20.0 0.7 100.0 491.19 606.6 1474.62 1240.74 9.35 13.64 336.17 2323.89 8720.19 1.08 44.27 315.56 2388.1 8060.63 9.1307 0.02 363 2324 100.0 24.46 14.7906
94 101 9.9991 0.25 100.0 489.05 604.04 1507.56 1299.57 10.52 15.48 396.19 2318.88 8777.33 1.26 45.03 372.19 2388.04 8130.54 8.6055 0.03 368 2319 100.0 28.74 17.2154
94 102 20.0012 0.7 100.0 491.19 606.94 1474.9 1245.37 9.35 13.64 334.81 2323.93 8724.37 1.08 44.28 316.05 2388.05 8063.31 9.1806 0.02 364 2324 100.0 24.46 14.7639
94 103 42.0026 0.8411 100.0 445.0 549.55 1342.57 1119.85 3.91 5.71 139.26 2211.97 8321.99 1.02 41.68 130.96 2388.0 8084.44 9.328 0.02 330 2212 100.0 10.57 6.3173
94 104 20.0053 0.701 100.0 491.19 606.79 1478.18 1249.21 9.35 13.65 335.8 2323.93 8721.86 1.08 44.16 316.14 2388.04 8066.52 9.1833 0.02 364 2324 100.0 24.71 14.8431
94 105 10.0025 0.25 100.0 489.05 604.13 1491.35 1297.23 10.52 15.48 396.66 2318.83 8775.91 1.26 45.1 372.17 2388.07 8129.64 8.5693 0.03 367 2319 100.0 28.56 17.1736
94 106 10.0014 0.2517 100.0 489.05 604.33 1496.64 1298.66 10.52 15.48 395.09 2318.89 8775.38 1.26 45.2 372.79 2388.07 8132.91 8.5982 0.03 366 2319 100.0 28.78 17.2161
94 107 41.998 0.8402 100.0 445.0 549.41 1351.26 1117.71 3.91 5.71 138.41 2212.0 8328.46 1.02 41.78 130.58 2388.06 8084.67 9.3176 0.02 330 2212 100.0 10.55 6.3215
94 108 24.9984 0.62 60.0 462.54 536.63 1259.69 1038.9 7.05 9.02 176.04 1915.35 8006.97 0.94 36.44 164.25 2028.3 7880.18 10.8381 0.02 305 1915 84.93 14.46 8.7141
94 109 9.9986 0.25 100.0 489.05 604.89 1497.07 1304.79 10.52 15.48 395.44 2318.81 8782.93 1.26 45.02 372.47 2388.05 8137.71 8.6118 0.03 368 2319 100.0 28.76 17.2293
94 110 35.0023 0.8407 100.0 449.44 554.9 1359.38 1119.24 5.48 7.99 195.29 2222.96 8345.09 1.02 41.63 183.13 2388.07 8068.91 9.2656 0.02 331 2223 100.0 14.97 8.8784
94 111 35.0079 0.842 100.0 449.44 555.15 1365.89 1125.89 5.48 7.99 195.09 2222.93 8349.7 1.02 41.74 183.58 2388.08 8069.91 9.27 0.02 332 2223 100.0 14.88 8.8733
94 112 0.0021 0.0009 100.0 518.67 642.34 1578.93 1398.63 14.62 21.6 556.06 2388.07 9056.28 1.3 47.21 523.78 2388.03 8142.19 8.3876 0.03 391 2388 100.0 39.15 23.5743
94 113 20.002 0.7 100.0 491.19 607.12 1486.22 1244.84 9.35 13.64 335.6 2323.89 8725.05 1.08 44.26 316.28 2388.07 8066.75 9.1765 0.02 364 2324 100.0 24.58 14.7474
94 114 19.9989 0.7 100.0 491.19 607.01 1475.65 1242.47 9.35 13.64 334.42 2323.9 8716.44 1.08 44.27 315.31 2388.04 8060.03 9.1729 0.02 364 2324 100.0 24.76 14.7559
94 115 19.9987 0.7017 100.0 491.19 606.99 1480.56 1243.25 9.35 13.64 334.98 2323.95 8722.2 1.08 44.25 316.07 2388.12 8065.98 9.144 0.02 364 2324 100.0 24.78 14.7149
94 116 0.0026 0.0004 100.0 518.67 642.31 1589.28 1395.77 14.62 21.6 554.92 2388.01 9059.2 1.3 47.15 522.88 2388.04 8137.51 8.4004 0.03 392 2388 100.0 39.14 23.4032
94 117 42.0027 0.84 100.0 445.0 549.18 1351.96 1112.57 3.91 5.71 138.94 2212.05 8317.79 1.03 41.91 131.08 2388.09 8092.69 9.2845 0.02 330 2212 100.0 10.51 6.4312
94 118 42.0069 0.84 100.0 445.0 549.0 1354.75 1111.58 3.91 5.71 139.5 2211.93 8325.81 1.02 41.86 130.56 2388.04 8087.75 9.2894 0.02 329 2212 100.0 10.73 6.4128
94 119 35.0049 0.84 100.0 449.44 555.2 1360.73 1117.57 5.48 7.99 195.77 2222.95 8347.18 1.03 41.69 183.12 2388.04 8068.73 9.2569 0.02 332 2223 100.0 14.88 8.9179
94 120 19.9989 0.7 100.0 491.19 607.15 1484.04 1245.28 9.35 13.64 336.1 2323.91 8726.88 1.08 44.16 316.4 2388.1 8057.48 9.174 0.02 363 2324 100.0 24.59 14.7525
94 121 42.0079 0.8413 100.0 445.0 549.3 1346.66 1118.96 3.91 5.71 139.36 2211.97 8323.89 1.02 41.95 131.17 2388.08 8088.5 9.2943 0.02 330 2212 100.0 10.81 6.4463
94 122 0.0018 0.0017 100.0 518.67 641.57 1582.59 1396.31 14.62 21.6 556.24 2388.07 9053.85 1.3 47.25 523.93 2388.03 8139.79 8.362 0.03 392 2388 100.0 39.1 23.589
94 123 25.0057 0.6201 60.0 462.54 536.57 1254.29 1038.75 7.05 9.02 175.61 1915.34 8010.93 0.94 36.59 165.26 2028.25 7876.98 10.8285 0.02 306 1915 84.93 14.61 8.6374
94 124 20.0053 0.7 100.0 491.19 607.18 1480.52 1238.6 9.35 13.64 335.74 2323.91 8719.82 1.08 44.04 316.16 2388.09 8063.53 9.1377 0.02 364 2324 100.0 24.68 14.6776
94 125 42.0068 0.8406 100.0 445.0 548.79 1349.52 1121.62 3.91 5.71 138.59 2211.95 8322.47 1.02 41.7 130.47 2388.05 8087.82 9.2935 0.02 329 2212 100.0 10.61 6.3126
94 126 0.0012 0.0017 100.0 518.67 641.39 1585.43 1402.93 14.62 21.6 556.02 2388.05 9054.91 1.3 47.22 524.21 2388.07 8138.15 8.3724 0.03 392 2388 100.0 39.09 23.4342
94 127 25.0046 0.6216 60.0 462.54 536.43 1266.96 1041.43 7.05 9.02 176.27 1915.36 8004.82 0.94 36.63 165.48 2028.29 7870.6 10.8368 0.02 308 1915 84.93 14.22 8.5908
94 128 34.9994 0.84 100.0 449.44 555.55 1362.27 1118.9 5.48 7.99 195.96 2222.97 8350.28 1.02 41.69 184.33 2388.08 8072.86 9.2387 0.02 333 2223 100.0 15.09 8.9696
94 129 10.0065 0.2517 100.0 489.05 604.46 1497.22 1296.77 10.52 15.48 396.62 2318.91 8779.69 1.26 45.24 372.82 2388.05 8132.94 8.6003 0.03 367 2319 100.0 28.64 17.1325
94 130 35.0044 0.8409 100.0 449.44 555.51 1364.22 1129.56 5.48 8.0 195.16 2223.05 8357.32 1.03 41.67 184.74 2388.09 8071.93 9.2544 0.02 334 2223 100.0 14.99 9.1154
94 131 41.9987 0.8411 100.0 445.0 549.4 1344.81 1121.04 3.91 5.71 138.46 2211.94 8326.85 1.02 41.91 130.46 2388.04 8082.81 9.3379 0.02 329 2212 100.0 10.71 6.3559
94 132 25.0068 0.6214 60.0 462.54 536.78 1262.86 1038.59 7.05 9.02 176.73 1915.39 8012.87 0.94 36.31 165.3 2028.24 7870.08 10.8257 0.02 305 1915 84.93 14.45 8.5698
94 133 25.0067 0.62 60.0 462.54 536.4 1257.5 1040.96 7.05 9.02 176.53 1915.41 8010.06 0.94 36.65 165.24 2028.31 7883.18 10.8251 0.02 306 1915 84.93 14.46 8.6514
94 134 0.0022 0.0 100.0 518.67 642.38 1581.42 1400.93 14.62 21.6 556.57 2388.06 9056.12 1.31 47.18 524.14 2388.08 8143.73 8.3638 0.03 392 2388 100.0 38.96 23.5299
94 135 35.008 0.84 100.0 449.44 555.15 1361.91 1118.09 5.48 7.99 195.72 2222.98 8342.96 1.02 41.77 184.14 2388.1 8071.97 9.2548 0.02 332 2223 100.0 14.86 8.9548
94 136 0.0027 0.0 100.0 518.67 642.7 1591.21 1397.61 14.62 21.6 556.5 2388.06 9054.6 1.3 47.21 524.28 2388.03 8141.38 8.3752 0.03 390 2388 100.0 39.1 23.4855
94 137 35.0078 0.84 100.0 449.44 555.22 1361.56 1117.7 5.48 7.99 195.73 2223.0 8354.33 1.03 41.71 183.74 2388.12 8073.86 9.2439 0.02 333 2223 100.0 14.94 8.935
94 138 25.0032 0.62 60.0 462.54 537.44 1265.98 1038.84 7.05 9.02 176.15 1915.37 8007.34 0.94 36.63 165.01 2028.28 7877.83 10.8069 0.02 306 1915 84.93 14.4 8.6812
94 139 25.0005 0.62 60.0 462.54 536.66 1255.51 1033.81 7.05 9.02 176.24 1915.39 8014.49 0.94 36.69 164.88 2028.29 7874.88 10.8042 0.02 306 1915 84.93 14.26 8.5427
94 140 20.0056 0.7 100.0 491.19 607.43 1476.85 1247.03 9.35 13.64 335.21 2323.96 8726.29 1.08 44.38 315.95 2388.06 8064.8 9.1486 0.02 364 2324 100.0 24.7 14.7799
94 141 41.9986 0.84 100.0 445.0 549.33 1346.33 1120.13 3.91 5.71 139.59 2211.97 8328.77 1.03 41.77 130.91 2388.12 8089.2 9.3101 0.02 331 2212 100.0 10.59 6.4719
94 142 35.0067 0.8403 100.0 449.44 555.39 1370.82 1124.65 5.48 8.0 195.86 2223.0 8353.03 1.03 41.74 183.72 2388.13 8072.81 9.2783 0.02 333 2223 100.0 14.83 8.9853
94 143 35.006 0.84 100.0 449.44 555.26 1356.85 1120.86 5.48 7.99 195.95 2222.98 8352.9 1.03 41.51 184.06 2388.1 8079.33 9.2382 0.02 333 2223 100.0 15.05 8.9534
94 144 10.0048 0.2507 100.0 489.05 604.72 1491.36 1302.03 10.52 15.48 395.87 2318.95 8781.5 1.26 45.31 372.91 2388.07 8132.29 8.6081 0.03 367 2319 100.0 28.68 17.2281
94 145 25.0001 0.62 60.0 462.54 536.55 1258.7 1043.67 7.05 9.02 176.35 1915.39 8005.49 0.94 36.48 165.51 2028.29 7871.25 10.8404 0.02 306 1915 84.93 14.28 8.6187
94 146 9.9993 0.2512 100.0 489.05 603.71 1499.86 1301.71 10.52 15.48 396.59 2318.92 8780.52 1.26 45.22 373.57 2388.05 8136.07 8.5788 0.03 368 2319 100.0 28.82 17.2753
94 147 25.0046 0.62 60.0 462.54 536.82 1260.89 1042.37 7.05 9.02 175.98 1915.42 8011.82 0.94 36.5 165.19 2028.36 7879.84 10.8078 0.02 303 1915 84.93 14.39 8.6053
94 148 35.0041 0.84 100.0 449.44 554.68 1361.28 1127.07 5.48 7.99 195.8 2223.09 8355.75 1.03 41.44 184.23 2388.14 8078.36 9.2137 0.02 334 2223 100.0 14.99 8.9214
94 149 10.0012 0.25 100.0 489.05 604.37 1506.06 1300.64 10.52 15.48 396.12 2318.92 8776.49 1.26 45.33 373.44 2388.12 8135.77 8.5986 0.03 370 2319 100.0 28.73 17.2558
94 150 9.9995 0.25 100.0 489.05 604.43 1499.63 1307.95 10.52 15.48 396.52 2318.86 8787.59 1.26 45.14 373.3 2388.1 8137.89 8.5996 0.03 368 2319 100.0 28.84 17.2867
94 151 25.0063 0.62 60.0 462.54 537.13 1260.07 1042.82 7.05 9.02 176.18 1915.41 8012.16 0.94 36.65 165.3 2028.31 7879.05 10.8171 0.02 307 1915 84.93 14.45 8.5515
94 152 20.0002 0.7007 100.0 491.19 607.36 1473.98 1239.74 9.35 13.65 337.79 2324.08 8728.91 1.08 44.22 317.2 2388.11 8067.75 9.1492 0.02 365 2324 100.0 24.62 14.8116
94 153 0.0022 0.0003 100.0 518.67 642.32 1591.91 1396.41 14.62 21.6 557.37 2388.07 9062.18 1.3 47.41 524.25 2388.1 8147.25 8.3662 0.03 392 2388 100.0 38.89 23.5079
94 154 42.0038 0.8412 100.0 445.0 548.81 1353.8 1122.17 3.91 5.71 139.49 2212.0 8329.73 1.03 41.99 131.49 2388.12 8090.14 9.2972 0.02 331 2212 100.0 10.71 6.4751
94 155 10.0073 0.2516 100.0 489.05 604.25 1494.65 1303.42 10.52 15.48 396.81 2318.89 8784.4 1.26 45.17 373.83 2388.11 8137.44 8.6091 0.03 369 2319 100.0 28.85 17.3586
94 156 0.0008 0.0003 100.0 518.67 642.27 1584.55 1400.72 14.62 21.6 557.61 2388.15 9065.49 1.3 47.26 525.66 2388.1 8149.53 8.3835 0.03 392 2388 100.0 39.25 23.566
94 157 10.008 0.25 100.0 489.05 604.33 1500.12 1300.0 10.52 15.48 396.43 2318.97 8791.62 1.26 45.38 374.31 2388.15 8136.36 8.5555 0.03 368 2319 100.0 28.78 17.2673
94 158 42.001 0.8403 100.0 445.0 549.22 1350.23 1119.47 3.91 5.71 139.58 2212.04 8321.72 1.03 41.85 131.13 2388.12 8095.58 9.2962 0.02 329 2212 100.0 10.87 6.3407
94 159 35.0026 0.8404 100.0 449.44 555.89 1354.85 1137.09 5.48 7.99 195.05 2223.09 8347.86 1.03 41.73 184.43 2388.16 8080.36 9.2351 0.02 333 2223 100.0 15.03 8.9686
94 160 10.0073 0.25 100.0 489.05 604.71 1498.04 1297.43 10.52 15.48 396.83 2318.9 8789.02 1.26 45.27 373.36 2388.14 8141.93 8.5866 0.03 367 2319 100.0 28.81 17.166
94 161 0.0021 0.0 100.0 518.67 642.15 1584.32 1399.25 14.62 21.6 557.36 2388.13 9066.65 1.3 47.14 525.32 2388.08 8150.46 8.3331 0.03 392 2388 100.0 39.06 23.4055
94 162 10.005 0.25 100.0 489.05 604.49 1501.86 1310.89 10.52 15.48 397.19 2318.95 8782.16 1.26 45.24 373.94 2388.11 8136.66 8.6032 0.03 369 2319 100.0 29.0 17.1209
94 163 35.0074 0.841 100.0 449.44 554.86 1359.87 1124.43 5.48 7.99 195.72 2223.03 8353.72 1.03 41.93 184.12 2388.16 8075.95 9.2317 0.02 335 2223 100.0 14.91 8.9713
94 164 42.0032 0.84 100.0 445.0 548.95 1354.8 1122.33 3.91 5.71 140.03 2212.08 8334.77 1.03 41.84 131.84 2388.15 8102.8 9.2657 0.02 329 2212 100.0 10.85 6.4733
94 165 0.0009 0.0 100.0 518.67 642.01 1587.87 1408.43 14.62 21.6 557.31 2388.17 9065.98 1.3 47.21 525.43 2388.1 8146.14 8.3342 0.03 391 2388 100.0 39.16 23.533
94 166 0.0002 0.0018 100.0 518.67 642.39 1583.04 1407.44 14.62 21.6 558.68 2388.12 9066.99 1.3 47.53 525.38 2388.1 8148.15 8.3471 0.03 393 2388 100.0 39.22 23.5409
94 167 19.9996 0.7 100.0 491.19 607.31 1485.77 1242.59 9.35 13.65 337.78 2324.07 8731.58 1.08 44.13 317.33 2388.29 8072.11 9.1136 0.02 364 2324 100.0 24.79 14.8372
94 168 42.0026 0.8407 100.0 445.0 549.74 1350.9 1116.69 3.91 5.71 139.28 2211.98 8331.61 1.03 41.95 131.88 2388.1 8092.31 9.2424 0.02 329 2212 100.0 10.68 6.3316
94 169 10.0041 0.25 100.0 489.05 604.48 1496.94 1304.14 10.52 15.49 397.7 2318.97 8793.17 1.26 45.29 374.69 2388.18 8149.38 8.5906 0.03 369 2319 100.0 28.86 17.2719
94 170 42.0008 0.841 100.0 445.0 549.28 1355.29 1115.83 3.91 5.71 139.63 2212.07 8334.1 1.03 41.78 131.26 2388.13 8097.87 9.3043 0.02 331 2212 100.0 10.74 6.4955
94 171 0.0004 0.0003 100.0 518.67 641.95 1579.51 1400.14 14.62 21.6 558.39 2388.11 9067.12 1.3 47.35 525.62 2388.07 8155.74 8.3525 0.03 390 2388 100.0 39.01 23.4131
94 172 25.0062 0.62 60.0 462.54 536.75 1258.99 1043.79 7.05 9.01 177.01 1915.51 8023.04 0.94 36.72 165.8 2028.39 7873.59 10.7681 0.02 306 1915 84.93 14.33 8.6765
94 173 10.0054 0.2515 100.0 489.05 604.67 1501.53 1296.66 10.52 15.48 397.75 2318.92 8788.52 1.26 45.15 374.33 2388.19 8141.74 8.5733 0.03 370 2319 100.0 28.82 17.3598
94 174 41.9989 0.84 100.0 445.0 549.24 1345.92 1124.09 3.91 5.71 140.47 2212.09 8331.23 1.03 42.07 131.37 2388.1 8092.42 9.2713 0.02 330 2212 100.0 10.86 6.4235
94 175 9.9996 0.2513 100.0 489.05 604.52 1502.68 1302.12 10.52 15.48 396.46 2319.0 8785.07 1.26 45.14 374.22 2388.14 8139.1 8.5783 0.03 369 2319 100.0 28.85 17.3592
94 176 10.0055 0.25 100.0 489.05 604.62 1496.6 1297.32 10.52 15.48 398.13 2319.02 8795.51 1.26 45.09 374.34 2388.18 8143.52 8.539 0.03 370 2319 100.0 28.75 17.3402
94 177 42.0025 0.8413 100.0 445.0 549.04 1352.78 1130.12 3.91 5.71 139.38 2212.09 8329.78 1.03 42.12 131.72 2388.15 8100.04 9.2398 0.02 330 2212 100.0 10.72 6.4018
94 178 10.0009 0.25 100.0 489.05 604.36 1501.71 1300.56 10.52 15.48 398.6 2318.95 8794.14 1.26 45.35 374.87 2388.21 8141.83 8.5269 0.03 368 2319 100.0 28.76 17.3017
94 179 42.0061 0.84 100.0 445.0 549.7 1350.05 1125.12 3.91 5.71 139.63 2212.06 8342.36 1.03 42.05 131.37 2388.24 8096.83 9.2658 0.02 332 2212 100.0 10.61 6.3823
94 180 42.0026 0.84 100.0 445.0 549.29 1355.69 1127.46 3.91 5.71 140.23 2212.04 8328.05 1.03 42.15 131.41 2388.18 8100.68 9.2264 0.02 332 2212 100.0 10.78 6.31
94 181 42.0079 0.8416 100.0 445.0 549.25 1354.92 1118.13 3.91 5.71 139.77 2212.1 8338.59 1.03 41.87 131.93 2388.14 8100.05 9.2573 0.02 329 2212 100.0 10.6 6.3887
94 182 42.0021 0.8408 100.0 445.0 548.57 1353.1 1122.67 3.91 5.71 140.24 2212.09 8336.37 1.03 41.95 131.99 2388.14 8099.47 9.2578 0.02 333 2212 100.0 10.78 6.4567
94 183 42.0034 0.8403 100.0 445.0 549.37 1355.67 1123.2 3.91 5.71 139.85 2212.08 8334.51 1.03 42.0 131.58 2388.17 8099.03 9.2781 0.02 331 2212 100.0 10.68 6.4288
94 184 20.0019 0.7 100.0 491.19 607.38 1481.63 1250.19 9.35 13.64 337.69 2324.13 8739.01 1.08 44.38 318.6 2388.27 8079.39 9.1431 0.02 365 2324 100.0 24.62 14.926
94 185 0.0 0.0 100.0 518.67 642.38 1585.91 1401.99 14.62 21.6 559.51 2388.16 9072.48 1.3 47.36 526.0 2388.13 8151.43 8.3721 0.03 393 2388 100.0 39.28 23.662
94 186 35.0048 0.8416 100.0 449.44 555.69 1364.77 1123.32 5.48 7.99 196.75 2223.1 8360.57 1.03 42.06 184.81 2388.21 8085.82 9.1932 0.02 334 2223 100.0 15.07 8.9918
94 187 35.0007 0.84 100.0 449.44 555.7 1359.0 1133.52 5.48 7.99 196.51 2223.18 8363.09 1.03 41.88 185.6 2388.25 8086.95 9.1715 0.02 333 2223 100.0 15.02 9.0244
94 188 35.0033 0.84 100.0 449.44 555.46 1366.5 1128.17 5.48 7.99 196.91 2223.2 8366.07 1.03 41.96 184.86 2388.29 8088.37 9.1847 0.02 332 2223 100.0 14.89 9.0215
94 189 42.0034 0.84 100.0 445.0 549.27 1352.98 1123.68 3.91 5.71 140.11 2212.07 8335.05 1.03 41.87 131.64 2388.17 8096.75 9.2419 0.02 331 2212 100.0 10.66 6.4386
94 190 0.0015 0.0 100.0 518.67 642.07 1589.65 1401.32 14.62 21.6 559.22 2388.15 9068.3 1.31 47.28 526.8 2388.12 8155.2 8.314 0.03 393 2388 100.0 39.11 23.5472
94 191 35.007 0.8406 100.0 449.44 555.14 1365.15 1125.73 5.48 7.99 195.71 2223.21 8366.33 1.03 41.9 185.02 2388.33 8081.1 9.1849 0.02 333 2223 100.0 14.98 8.9353
94 192 0.0026 0.0013 100.0 518.67 642.37 1590.42 1408.3 14.62 21.6 559.55 2388.16 9078.71 1.31 47.42 527.16 2388.09 8153.18 8.2958 0.03 392 2388 100.0 39.14 23.5407
94 193 25.002 0.6219 60.0 462.54 536.89 1258.71 1045.5 7.05 9.02 177.75 1915.55 8026.17 0.94 36.79 166.06 2028.38 7887.29 10.7748 0.02 306 1915 84.93 14.37 8.671
94 194 20.0002 0.7 100.0 491.19 607.44 1486.73 1250.11 9.35 13.64 338.36 2324.09 8749.72 1.08 44.42 317.81 2388.37 8072.61 9.1334 0.02 365 2324 100.0 24.78 14.8727
94 195 0.0026 0.0006 100.0 518.67 641.92 1585.02 1413.55 14.62 21.6 559.72 2388.2 9074.36 1.31 47.41 527.49 2388.16 8151.6 8.3219 0.03 393 2388 100.0 39.28 23.6845
94 196 20.0069 0.7 100.0 491.19 607.44 1493.61 1253.71 9.35 13.65 339.42 2324.23 8743.31 1.08 44.46 318.62 2388.31 8078.53 9.1129 0.02 366 2324 100.0 24.75 14.7904
94 197 42.0048 0.84 100.0 445.0 549.18 1359.93 1126.42 3.91 5.71 140.37 2212.11 8334.0 1.03 42.09 132.41 2388.24 8107.08 9.2299 0.02 330 2212 100.0 10.59 6.5459
94 198 42.0075 0.84 100.0 445.0 549.49 1353.51 1128.11 3.91 5.71 140.26 2212.12 8342.76 1.03 41.87 131.89 2388.27 8111.14 9.1997 0.02 332 2212 100.0 10.7 6.4542
94 199 35.0064 0.84 100.0 449.44 555.09 1364.71 1130.53 5.48 7.99 197.18 2223.22 8373.34 1.03 41.91 185.3 2388.36 8086.54 9.1726 0.02 334 2223 100.0 14.94 8.9964
94 200 25.0075 0.62 60.0 462.54 536.05 1260.66 1043.4 7.05 9.02 177.34 1915.53 8023.26 0.94 36.65 166.1 2028.49 7889.8 10.7539 0.02 307 1915 84.93 14.36 8.6518
94 201 20.005 0.7002 100.0 491.19 607.29 1484.19 1250.32 9.35 13.64 338.25 2324.25 8743.68 1.08 44.46 318.43 2388.35 8080.77 9.0883 0.02 367 2324 100.0 24.67 14.8218
94 202 20.0021 0.7 100.0 491.19 606.91 1486.05 1251.73 9.35 13.64 338.13 2324.21 8744.27 1.08 44.33 318.88 2388.38 8083.4 9.1201 0.02 364 2324 100.0 24.91 14.8714
94 203 0.0014 0.0 100.0 518.67 642.58 1595.23 1412.16 14.62 21.61 561.19 2388.24 9079.19 1.31 47.63 528.16 2388.22 8159.48 8.3019 0.03 394 2388 100.0 39.37 23.6355
94 204 42.0067 0.8403 100.0 445.0 549.78 1360.46 1126.28 3.91 5.71 140.49 2212.17 8340.92 1.03 42.19 132.52 2388.25 8111.07 9.2264 0.02 332 2212 100.0 10.69 6.5383
94 205 9.9986 0.2504 100.0 489.05 605.06 1503.15 1311.13 10.52 15.48 399.29 2319.17 8802.31 1.27 45.48 376.48 2388.32 8147.65 8.5346 0.03 369 2319 100.0 28.68 17.3506
94 206 20.005 0.7 100.0 491.19 607.54 1486.44 1242.95 9.35 13.64 338.99 2324.29 8744.59 1.08 44.5 318.86 2388.33 8081.77 9.0969 0.02 366 2324 100.0 24.72 14.8836
94 207 42.0035 0.84 100.0 445.0 548.67 1357.29 1126.07 3.91 5.71 140.32 2212.14 8342.9 1.03 42.1 132.42 2388.27 8110.26 9.214 0.02 331 2212 100.0 10.92 6.3778
94 208 10.0021 0.25 100.0 489.05 604.75 1497.41 1311.43 10.52 15.49 400.44 2319.15 8801.89 1.27 45.46 376.32 2388.42 8161.46 8.5495 0.03 369 2319 100.0 28.84 17.3609
94 209 41.9993 0.84 100.0 445.0 549.88 1349.04 1122.81 3.91 5.71 140.46 2212.16 8347.04 1.03 42.19 131.91 2388.26 8108.55 9.1882 0.02 332 2212 100.0 10.75 6.3412
94 210 35.0038 0.84 100.0 449.44 555.5 1367.56 1134.04 5.48 7.99 197.62 2223.26 8377.43 1.04 41.98 185.58 2388.37 8090.93 9.1908 0.02 334 2223 100.0 15.05 8.9924
94 211 25.0023 0.6214 60.0 462.54 537.14 1254.39 1044.69 7.05 9.02 177.35 1915.62 8024.19 0.94 36.88 166.95 2028.46 7894.51 10.7246 0.02 308 1915 84.93 14.44 8.7345
94 212 42.0058 0.8416 100.0 445.0 549.18 1352.8 1130.76 3.91 5.71 140.42 2212.16 8346.6 1.04 42.11 133.01 2388.25 8112.11 9.2528 0.02 333 2212 100.0 10.59 6.5157
94 213 41.9997 0.8407 100.0 445.0 549.52 1353.65 1125.05 3.91 5.71 140.94 2212.24 8357.38 1.04 42.18 132.44 2388.29 8114.57 9.215 0.02 331 2212 100.0 10.72 6.5049
94 214 20.0052 0.7016 100.0 491.19 607.16 1486.97 1250.53 9.35 13.64 339.76 2324.35 8741.88 1.09 44.64 319.95 2388.47 8090.61 9.0949 0.03 366 2324 100.0 24.72 14.8518
94 215 20.0042 0.7014 100.0 491.19 607.85 1493.22 1250.15 9.35 13.65 340.07 2324.34 8754.76 1.09 44.61 320.65 2388.46 8086.34 9.0807 0.02 365 2324 100.0 24.84 14.9489
94 216 24.9994 0.6216 60.0 462.54 536.91 1260.8 1050.43 7.05 9.02 177.47 1915.58 8027.63 0.94 36.61 166.51 2028.56 7891.96 10.7319 0.02 308 1915 84.93 14.46 8.7474
94 217 10.0039 0.25 100.0 489.05 605.47 1495.0 1310.89 10.52 15.48 400.5 2319.27 8811.91 1.27 45.68 377.02 2388.45 8155.12 8.5573 0.03 371 2319 100.0 28.99 17.3272
94 218 10.0053 0.2506 100.0 489.05 605.15 1502.66 1307.44 10.52 15.48 400.85 2319.2 8810.99 1.27 45.61 377.28 2388.35 8151.99 8.5228 0.03 372 2319 100.0 28.99 17.3478
94 219 42.007 0.84 100.0 445.0 549.4 1359.31 1132.82 3.91 5.71 141.02 2212.2 8357.68 1.04 42.26 133.53 2388.34 8122.63 9.1882 0.02 332 2212 100.0 10.73 6.5047
94 220 35.0032 0.8402 100.0 449.44 556.06 1373.39 1136.86 5.48 8.0 198.62 2223.36 8383.93 1.04 42.13 187.32 2388.55 8100.41 9.1476 0.02 335 2223 100.0 15.03 9.0709
94 221 0.0021 0.0 100.0 518.67 642.65 1595.34 1407.66 14.62 21.6 563.3 2388.31 9099.5 1.31 47.77 530.89 2388.33 8167.95 8.319 0.03 394 2388 100.0 39.36 23.7055
94 222 35.0008 0.8419 100.0 449.44 555.6 1376.93 1141.27 5.48 7.99 198.34 2223.4 8382.92 1.04 42.12 186.39 2388.5 8098.02 9.153 0.02 334 2223 100.0 14.94 9.0327
94 223 34.999 0.84 100.0 449.44 555.74 1371.69 1138.24 5.48 7.99 197.17 2223.44 8384.72 1.04 42.16 185.94 2388.52 8103.26 9.1537 0.02 335 2223 100.0 14.74 9.1292
94 224 25.0049 0.62 60.0 462.54 537.23 1263.33 1044.76 7.05 9.02 177.91 1915.71 8028.33 0.94 36.94 167.22 2028.6 7892.02 10.6971 0.02 307 1915 84.93 14.48 8.741
94 225 20.0056 0.7002 100.0 491.19 607.42 1483.23 1253.85 9.35 13.65 341.73 2324.43 8761.03 1.09 44.68 321.19 2388.63 8096.16 9.0138 0.03 366 2324 100.0 24.98 14.8581
94 226 35.0042 0.8408 100.0 449.44 555.81 1370.05 1137.47 5.48 7.99 198.67 2223.42 8394.27 1.04 42.13 186.93 2388.54 8103.7 9.1977 0.02 335 2223 100.0 15.13 9.0515
94 227 35.0019 0.8419 100.0 449.44 555.44 1373.24 1137.59 5.48 7.99 198.9 2223.46 8386.8 1.04 42.2 186.71 2388.52 8104.62 9.147 0.02 336 2223 100.0 14.94 9.0612
94 228 41.9981 0.84 100.0 445.0 549.65 1366.42 1125.25 3.91 5.71 141.55 2212.27 8360.92 1.04 42.34 132.99 2388.37 8120.03 9.2038 0.02 333 2212 100.0 10.84 6.3413
94 229 24.9991 0.622 60.0 462.54 537.41 1266.79 1043.19 7.05 9.02 179.23 1915.69 8041.31 0.94 36.93 167.54 2028.63 7897.39 10.7044 0.02 309 1915 84.93 14.33 8.6677
94 230 25.0061 0.62 60.0 462.54 536.78 1266.72 1045.85 7.05 9.02 178.19 1915.72 8038.88 0.94 36.97 167.8 2028.6 7896.47 10.6963 0.02 309 1915 84.93 14.37 8.586
94 231 42.0064 0.8419 100.0 445.0 548.95 1355.71 1140.44 3.91 5.71 141.68 2212.27 8360.24 1.04 42.46 133.26 2388.38 8118.94 9.2032 0.02 332 2212 100.0 10.88 6.3772
94 232 25.0057 0.62 60.0 462.54 537.47 1263.96 1049.59 7.05 9.02 178.67 1915.73 8032.31 0.94 37.17 167.95 2028.6 7902.48 10.7019 0.02 309 1915 84.93 14.55 8.7088
94 233 24.9995 0.62 60.0 462.54 536.83 1262.14 1052.0 7.05 9.02 178.63 1915.74 8038.24 0.94 36.81 167.29 2028.65 7904.22 10.7052 0.02 308 1915 84.93 14.55 8.639
94 234 42.0054 0.84 100.0 445.0 549.88 1362.69 1129.52 3.91 5.71 142.1 2212.31 8360.8 1.04 42.49 133.58 2388.43 8127.17 9.1483 0.02 334 2212 100.0 10.67 6.5416
94 235 10.0019 0.25 100.0 489.05 605.17 1505.84 1327.29 10.52 15.49 402.76 2319.46 8821.55 1.27 45.63 379.14 2388.61 8166.04 8.4763 0.03 370 2319 100.0 29.07 17.4737
94 236 10.0024 0.2501 100.0 489.05 605.43 1513.18 1324.18 10.52 15.49 403.35 2319.44 8828.01 1.27 45.71 379.45 2388.65 8174.75 8.5144 0.03 371 2319 100.0 28.88 17.4053
94 237 42.0002 0.84 100.0 445.0 549.47 1360.83 1141.12 3.91 5.71 142.09 2212.34 8368.52 1.05 42.4 134.03 2388.46 8130.17 9.0981 0.02 332 2212 100.0 10.76 6.5116
94 238 42.0073 0.8404 100.0 445.0 549.47 1365.31 1140.01 3.91 5.71 141.86 2212.38 8366.44 1.04 42.48 133.65 2388.49 8127.55 9.1486 0.02 332 2212 100.0 10.84 6.5517
94 239 42.0047 0.8403 100.0 445.0 549.77 1365.36 1142.78 3.91 5.71 142.55 2212.4 8373.01 1.05 42.71 134.07 2388.51 8128.28 9.1381 0.02 334 2212 100.0 10.84 6.4799
94 240 10.0054 0.2509 100.0 489.05 605.56 1507.68 1315.95 10.52 15.49 403.47 2319.53 8826.82 1.27 45.94 379.92 2388.74 8175.49 8.4714 0.03 372 2319 100.0 29.15 17.3834
94 241 9.9994 0.2509 100.0 489.05 604.86 1508.44 1327.36 10.52 15.48 403.4 2319.49 8831.22 1.27 45.85 380.02 2388.68 8173.09 8.4903 0.03 371 2319 100.0 29.15 17.4239
94 242 35.0077 0.8413 100.0 449.44 556.36 1371.17 1140.7 5.48 7.99 199.48 2223.63 8411.4 1.05 42.35 188.61 2388.82 8122.97 9.1129 0.02 338 2223 100.0 15.2 9.1141
94 243 42.0039 0.84 100.0 445.0 549.3 1359.81 1139.93 3.91 5.71 142.28 2212.38 8370.66 1.05 42.54 134.62 2388.48 8134.9 9.098 0.02 334 2212 100.0 11.01 6.6044
94 244 20.0 0.701 100.0 491.19 607.93 1498.08 1262.11 9.35 13.64 344.0 2324.73 8780.12 1.09 44.89 323.58 2388.87 8106.29 9.0131 0.03 368 2324 100.0 24.88 14.9165
94 245 42.0041 0.84 100.0 445.0 549.55 1362.62 1140.91 3.91 5.71 143.22 2212.41 8384.67 1.05 42.49 133.92 2388.57 8140.23 9.0953 0.02 333 2212 100.0 10.73 6.5307
94 246 20.0008 0.7012 100.0 491.19 608.22 1495.89 1267.94 9.35 13.65 343.93 2324.72 8780.87 1.1 44.94 324.22 2388.87 8113.81 9.0129 0.03 368 2324 100.0 24.88 14.9904
94 247 9.9994 0.2514 100.0 489.05 605.58 1502.85 1320.31 10.52 15.49 405.06 2319.63 8842.43 1.27 46.07 381.75 2388.76 8180.12 8.486 0.03 373 2319 100.0 29.16 17.3467
94 248 35.0055 0.8417 100.0 449.44 556.12 1377.27 1150.07 5.48 8.0 200.47 2223.76 8402.6 1.05 42.39 188.69 2388.89 8124.05 9.05 0.02 337 2223 100.0 15.16 8.9395
94 249 41.9996 0.84 100.0 445.0 550.11 1367.16 1146.74 3.91 5.71 143.45 2212.45 8389.55 1.05 42.82 134.26 2388.55 8141.89 9.1087 0.02 335 2212 100.0 10.74 6.4719
233 1 0.0025 0.0 100.0 518.67 642.55 1585.71 1398.82 14.62 21.61 553.54 2388.06 9050.74 1.3 47.32 521.37 2388.04 8130.83 8.3862 0.03 391 2388 100.0 39.08 23.3365
233 2 9.998 0.25 100.0 489.05 605.18 1494.13 1305.12 10.52 15.49 394.7 2318.87 8772.59 1.26 45.14 371.73 2388.07 8128.16 8.6346 0.03 368 2319 100.0 28.67 17.0282
233 3 35.0044 0.84 100.0 449.44 555.85 1365.35 1124.0 5.48 8.0 195.24 2222.87 8341.32 1.02 41.8 183.39 2388.04 8062.41 9.2941 0.02 332 2223 100.0 14.95 8.9027
233 4 41.9994 0.8416 100.0 445.0 549.3 1349.81 1119.96 3.91 5.71 139.01 2211.83 8311.01 1.02 41.93 130.76 2387.96 8078.4 9.3426 0.02 331 2212 100.0 10.65 6.2985
233 5 0.0 0.0 100.0 518.67 642.15 1585.76 1400.88 14.62 21.61 553.74 2388.1 9050.95 1.3 47.31 521.89 2388.09 8131.41 8.3992 0.03 391 2388 100.0 38.98 23.359
233 6 10.0042 0.25 100.0 489.05 605.04 1498.26 1306.19 10.52 15.49 395.26 2318.87 8774.87 1.26 45.43 371.95 2388.08 8126.81 8.6289 0.03 367 2319 100.0 28.65 17.1553
233 7 41.9983 0.8401 100.0 445.0 549.28 1352.9 1124.16 3.91 5.71 138.67 2211.85 8310.91 1.02 41.98 131.02 2387.9 8081.97 9.3308 0.02 331 2212 100.0 10.81 6.4589
233 8 42.0045 0.84 100.0 445.0 549.66 1355.39 1121.16 3.91 5.71 138.01 2211.8 8317.68 1.02 41.98 130.37 2387.89 8080.12 9.3677 0.02 329 2212 100.0 10.72 6.4106
233 9 9.999 0.25 100.0 489.05 604.37 1500.0 1303.44 10.52 15.49 394.9 2318.91 8774.56 1.26 45.27 372.19 2388.07 8123.5 8.6457 0.03 369 2319 100.0 28.82 17.1977
233 10 25.0001 0.6212 60.0 462.54 536.6 1254.25 1045.51 7.05 9.03 175.41 1915.32 8002.49 0.94 36.69 164.98 2028.13 7868.78 10.882 0.02 307 1915 84.93 14.33 8.591
233 11 19.9983 0.7016 100.0 491.19 607.06 1475.57 1243.6 9.35 13.65 334.95 2323.85 8723.85 1.08 44.43 315.01 2388.08 8059.61 9.23 0.02 365 2324 100.0 24.6 14.694
233 12 0.0006 0.0 100.0 518.67 641.78 1585.66 1404.6 14.62 21.61 554.36 2388.04 9048.36 1.3 47.42 522.18 2388.02 8137.02 8.4435 0.03 391 2388 100.0 38.83 23.3879
233 13 42.0054 0.84 100.0 445.0 549.7 1346.38 1121.99 3.91 5.71 138.84 2211.77 8306.91 1.02 41.87 130.46 2387.93 8081.32 9.3353 0.02 331 2212 100.0 10.58 6.2235
233 14 24.999 0.62 60.0 462.54 536.56 1254.36 1048.9 7.05 9.03 175.39 1915.3 8007.31 0.94 36.67 164.78 2028.18 7876.84 10.8701 0.02 307 1915 84.93 14.39 8.6333
233 15 19.9993 0.7005 100.0 491.19 606.98 1477.75 1241.82 9.35 13.66 334.77 2323.88 8719.36 1.07 44.23 315.26 2388.08 8059.7 9.1969 0.02 362 2324 100.0 24.53 14.8404
233 16 9.9996 0.25 100.0 489.05 604.98 1497.83 1298.62 10.52 15.49 394.13 2318.9 8780.44 1.26 45.29 371.5 2388.09 8128.3 8.683 0.03 367 2319 100.0 28.72 17.2357
233 17 41.9985 0.841 100.0 445.0 548.93 1352.2 1125.01 3.91 5.71 138.23 2211.85 8317.41 1.02 41.89 130.93 2387.86 8082.96 9.3437 0.02 329 2212 100.0 10.6 6.3418
233 18 34.9985 0.84 100.0 449.44 555.39 1354.99 1121.54 5.48 8.0 194.51 2222.86 8342.48 1.02 41.83 182.48 2387.99 8063.39 9.3515 0.02 333 2223 100.0 15.02 9.0166
233 19 24.9981 0.6212 60.0 462.54 536.35 1258.19 1048.83 7.05 9.02 174.93 1915.22 8009.36 0.94 36.59 164.89 2028.12 7870.55 10.8712 0.02 307 1915 84.93 14.29 8.5508
233 20 25.0 0.6213 60.0 462.54 536.85 1262.88 1044.4 7.05 9.03 175.8 1915.27 8010.4 0.94 36.62 164.81 2028.19 7874.7 10.8938 0.02 306 1915 84.93 14.23 8.586
233 21 0.0025 0.0011 100.0 518.67 642.44 1587.77 1407.44 14.62 21.61 553.65 2388.09 9049.06 1.3 47.16 521.98 2388.02 8128.62 8.396 0.03 392 2388 100.0 39.05 23.336
233 22 0.0003 0.002 100.0 518.67 641.45 1586.53 1397.05 14.62 21.61 553.9 2388.04 9057.54 1.3 47.17 521.84 2388.05 8132.1 8.3936 0.03 391 2388 100.0 38.98 23.3468
233 23 20.008 0.7 100.0 491.19 607.47 1481.07 1251.6 9.35 13.65 334.71 2323.92 8719.45 1.08 44.12 315.4 2388.03 8051.9 9.2296 0.02 365 2324 100.0 24.67 14.694
233 24 34.9989 0.8407 100.0 449.44 555.26 1366.77 1130.38 5.48 8.0 194.5 2222.85 8347.39 1.02 41.88 183.44 2387.93 8064.45 9.2994 0.02 335 2223 100.0 15.02 8.8803
233 25 35.0077 0.8409 100.0 449.44 555.68 1365.83 1125.38 5.48 8.0 194.69 2222.87 8338.48 1.02 41.86 183.05 2387.96 8061.51 9.2938 0.02 334 2223 100.0 15.0 8.942
233 26 9.9985 0.25 100.0 489.05 604.99 1497.21 1304.32 10.52 15.49 394.77 2318.93 8771.36 1.26 45.36 372.06 2388.08 8123.27 8.6772 0.03 369 2319 100.0 28.35 17.2064
233 27 10.0073 0.25 100.0 489.05 604.6 1493.83 1303.88 10.52 15.49 394.84 2318.85 8774.11 1.26 45.21 371.53 2388.1 8124.44 8.6438 0.03 369 2319 100.0 28.59 17.2098
233 28 9.9985 0.25 100.0 489.05 604.28 1493.37 1302.74 10.52 15.49 394.72 2318.86 8769.17 1.26 45.25 371.79 2388.13 8125.48 8.615 0.03 368 2319 100.0 28.55 17.1912
233 29 42.0019 0.84 100.0 445.0 549.78 1348.98 1121.25 3.91 5.71 138.98 2211.78 8317.9 1.02 42.0 130.64 2387.91 8081.27 9.3653 0.02 328 2212 100.0 10.54 6.2911
233 30 34.9994 0.84 100.0 449.44 555.55 1364.68 1123.56 5.48 8.0 193.65 2222.86 8354.26 1.02 41.8 183.4 2388.03 8064.79 9.3186 0.02 333 2223 100.0 14.81 8.858
233 31 35.0047 0.84 100.0 449.44 555.62 1371.13 1119.08 5.48 8.0 194.59 2222.89 8346.76 1.02 41.9 183.28 2387.95 8059.36 9.3535 0.02 333 2223 100.0 14.79 8.961
233 32 41.9993 0.8414 100.0 445.0 549.73 1351.67 1115.93 3.91 5.71 138.49 2211.81 8312.81 1.02 41.98 130.61 2387.92 8081.28 9.3302 0.02 331 2212 100.0 10.72 6.2796
233 33 42.0016 0.84 100.0 445.0 549.47 1346.12 1126.06 3.91 5.71 139.24 2211.88 8317.14 1.02 41.95 130.79 2387.95 8084.57 9.3725 0.02 329 2212 100.0 10.6 6.4382
233 34 42.0038 0.8401 100.0 445.0 548.89 1340.4 1122.62 3.91 5.71 138.37 2211.86 8317.54 1.02 41.92 130.57 2387.91 8075.67 9.3277 0.02 332 2212 100.0 10.44 6.4164
233 35 35.0063 0.84 100.0 449.44 555.41 1366.64 1131.62 5.48 8.0 194.77 2222.91 8345.32 1.02 41.6 183.15 2387.93 8062.9 9.285 0.02 334 2223 100.0 14.91 8.9127
233 36 20.001 0.7017 100.0 491.19 607.63 1488.12 1252.3 9.35 13.65 335.14 2324.0 8724.07 1.08 44.24 315.52 2388.02 8060.66 9.19 0.02 365 2324 100.0 24.53 14.8263
233 37 35.0027 0.8415 100.0 449.44 555.72 1357.89 1120.22 5.48 8.0 194.6 2222.91 8341.89 1.02 41.77 183.16 2387.99 8067.11 9.2943 0.02 333 2223 100.0 14.83 8.8058
233 38 35.0009 0.8403 100.0 449.44 555.13 1369.79 1129.61 5.48 8.0 194.25 2222.85 8342.39 1.03 41.69 183.17 2387.96 8059.69 9.329 0.02 333 2223 100.0 14.87 8.9089
233 39 25.0011 0.62 60.0 462.54 537.04 1257.27 1045.54 7.05 9.02 175.98 1915.26 8011.55 0.94 36.59 164.49 2028.21 7870.02 10.8812 0.02 307 1915 84.93 14.51 8.6037
233 40 0.002 0.0015 100.0 518.67 642.06 1586.24 1399.67 14.62 21.61 554.03 2388.07 9048.35 1.3 47.17 521.74 2388.04 8131.25 8.4189 0.03 394 2388 100.0 38.88 23.2711
233 41 0.0003 0.0 100.0 518.67 642.47 1587.84 1406.59 14.62 21.61 553.85 2388.17 9049.58 1.3 47.42 521.26 2388.07 8136.08 8.4115 0.03 393 2388 100.0 39.01 23.5001
233 42 42.006 0.8415 100.0 445.0 549.14 1347.49 1117.73 3.91 5.71 138.64 2211.81 8312.56 1.02 41.83 130.64 2387.9 8077.31 9.3366 0.02 331 2212 100.0 10.7 6.3562
233 43 42.0074 0.84 100.0 445.0 550.47 1353.59 1124.16 3.91 5.72 138.77 2211.91 8319.9 1.02 41.89 130.59 2387.93 8082.2 9.321 0.02 330 2212 100.0 10.62 6.4222
233 44 20.0041 0.7 100.0 491.19 607.39 1479.1 1248.37 9.35 13.66 334.1 2323.93 8719.35 1.07 44.33 315.65 2388.02 8059.76 9.2084 0.02 364 2324 100.0 24.37 14.7209
233 45 42.007 0.84 100.0 445.0 548.91 1350.92 1121.67 3.91 5.72 139.19 2211.87 8317.66 1.02 41.94 131.17 2388.0 8085.82 9.3844 0.02 331 2212 100.0 10.58 6.4935
233 46 35.0043 0.8414 100.0 449.44 555.08 1366.28 1127.74 5.48 8.0 195.0 2222.91 8351.28 1.02 41.8 182.68 2387.98 8062.37 9.3037 0.02 332 2223 100.0 14.8 8.8375
233 47 42.0053 0.8405 100.0 445.0 549.1 1353.12 1121.77 3.91 5.72 138.58 2211.84 8322.49 1.02 41.9 130.61 2387.98 8082.8 9.3561 0.02 330 2212 100.0 10.7 6.3985
233 48 10.0029 0.25 100.0 489.05 604.61 1506.5 1307.81 10.52 15.49 394.65 2318.83 8780.03 1.26 45.4 371.5 2388.09 8124.27 8.6415 0.03 368 2319 100.0 28.73 17.1017
233 49 35.0005 0.8408 100.0 449.44 555.75 1363.71 1129.38 5.48 8.0 193.98 2222.97 8351.97 1.02 41.8 182.86 2387.9 8061.83 9.2957 0.02 332 2223 100.0 14.6 8.974
233 50 42.0041 0.84 100.0 445.0 549.53 1350.15 1132.33 3.91 5.72 138.42 2211.77 8308.9 1.02 42.14 130.67 2387.87 8077.32 9.3552 0.02 329 2212 100.0 10.49 6.4719
233 51 0.0025 0.0 100.0 518.67 642.39 1594.3 1404.06 14.62 21.61 553.87 2388.08 9048.92 1.3 47.22 521.77 2388.07 8133.6 8.4028 0.03 393 2388 100.0 39.0 23.3079
233 52 42.0038 0.8412 100.0 445.0 549.83 1348.1 1116.61 3.91 5.72 138.42 2211.9 8311.8 1.02 42.21 130.88 2387.91 8073.38 9.3671 0.02 329 2212 100.0 10.62 6.3934
233 53 25.0028 0.6207 60.0 462.54 537.1 1260.88 1039.14 7.05 9.03 175.62 1915.27 8014.51 0.94 36.65 164.46 2028.23 7871.77 10.8572 0.02 308 1915 84.93 14.19 8.7041
233 54 10.0038 0.2517 100.0 489.05 604.59 1503.67 1306.4 10.52 15.49 394.59 2318.9 8780.54 1.26 45.33 371.87 2388.09 8128.18 8.6551 0.03 370 2319 100.0 28.75 17.1951
233 55 35.0043 0.8411 100.0 449.44 555.7 1365.67 1119.85 5.48 8.0 194.86 2222.89 8351.31 1.02 41.91 182.95 2387.99 8064.33 9.3313 0.02 333 2223 100.0 14.83 8.9552
233 56 9.9984 0.25 100.0 489.05 604.47 1490.15 1300.46 10.52 15.49 394.76 2318.91 8773.69 1.26 45.44 371.79 2388.11 8125.38 8.6402 0.03 369 2319 100.0 28.65 17.0944
233 57 0.0021 0.0 100.0 518.67 642.18 1587.21 1400.09 14.62 21.61 554.45 2388.04 9047.59 1.3 47.43 522.15 2388.03 8134.5 8.3839 0.03 392 2388 100.0 38.84 23.4694
233 58 35.0057 0.8407 100.0 449.44 555.57 1357.21 1135.97 5.48 8.0 194.93 2222.92 8346.51 1.02 41.87 183.0 2388.1 8063.66 9.3224 0.02 333 2223 100.0 14.83 8.811
233 59 41.9997 0.84 100.0 445.0 549.25 1353.53 1117.65 3.91 5.71 138.41 2211.84 8316.1 1.02 41.93 130.16 2387.87 8080.53 9.3438 0.02 329 2212 100.0 10.69 6.4717
233 60 0.0009 0.0017 100.0 518.67 642.62 1580.49 1409.05 14.62 21.61 554.01 2388.07 9056.25 1.3 47.39 521.79 2388.08 8131.78 8.4047 0.03 394 2388 100.0 38.91 23.3136
233 61 0.0014 0.0009 100.0 518.67 642.22 1587.48 1406.12 14.62 21.61 553.66 2388.06 9057.02 1.3 47.09 522.13 2388.06 8139.71 8.3977 0.03 392 2388 100.0 38.81 23.2537
233 62 25.0009 0.62 60.0 462.54 536.17 1260.93 1046.99 7.05 9.03 176.16 1915.27 8004.07 0.94 36.67 164.63 2028.16 7868.91 10.8587 0.02 307 1915 84.93 14.25 8.6311
233 63 0.0012 0.0 100.0 518.67 642.45 1589.78 1402.85 14.62 21.61 553.45 2388.1 9045.44 1.3 47.33 521.95 2388.09 8136.14 8.3857 0.03 393 2388 100.0 38.9 23.3256
233 64 42.0045 0.84 100.0 445.0 549.78 1345.48 1118.96 3.91 5.71 138.98 2211.85 8320.24 1.02 42.08 130.7 2387.92 8074.82 9.3515 0.02 331 2212 100.0 10.53 6.3137
233 65 10.0009 0.25 100.0 489.05 604.75 1495.28 1306.27 10.52 15.49 395.29 2318.86 8772.1 1.26 45.35 371.63 2388.09 8122.3 8.6513 0.03 371 2319 100.0 28.71 17.1422
233 66 35.0026 0.8411 100.0 449.44 555.92 1363.13 1127.06 5.48 8.0 194.78 2222.92 8353.0 1.02 41.81 182.89 2387.98 8065.11 9.2886 0.02 335 2223 100.0 14.81 8.9226
233 67 25.0058 0.62 60.0 462.54 536.93 1259.12 1050.83 7.05 9.02 175.94 1915.32 8004.87 0.94 36.82 165.47 2028.2 7874.64 10.8563 0.02 306 1915 84.93 14.27 8.4715
233 68 25.0007 0.62 60.0 462.54 537.55 1265.56 1049.9 7.05 9.02 175.42 1915.27 8011.59 0.94 36.68 164.73 2028.21 7877.02 10.8718 0.02 306 1915 84.93 14.29 8.5615
233 69 0.002 0.0 100.0 518.67 642.15 1587.51 1405.59 14.62 21.61 553.56 2388.06 9050.19 1.3 47.37 522.19 2388.09 8136.78 8.4095 0.03 393 2388 100.0 38.85 23.3006
233 70 10.0071 0.25 100.0 489.05 604.6 1499.75 1309.04 10.52 15.49 394.78 2318.86 8777.15 1.26 45.29 371.91 2388.1 8127.99 8.6447 0.03 370 2319 100.0 28.47 17.1424
233 71 25.0028 0.62 60.0 462.54 537.03 1262.0 1054.49 7.05 9.02 175.52 1915.29 8001.84 0.94 36.92 164.3 2028.18 7877.69 10.8785 0.02 308 1915 84.93 14.21 8.6274
233 72 9.9987 0.2507 100.0 489.05 604.57 1501.22 1305.89 10.52 15.49 394.54 2318.88 8772.94 1.26 45.44 371.89 2388.14 8132.65 8.6499 0.03 369 2319 100.0 28.59 17.1661
233 73 0.0007 0.0 100.0 518.67 642.8 1591.87 1403.46 14.62 21.61 554.26 2388.06 9049.2 1.3 47.54 521.77 2388.09 8134.36 8.3616 0.03 393 2388 100.0 38.97 23.3657
233 74 42.0062 0.8408 100.0 445.0 549.38 1349.18 1124.85 3.91 5.71 138.34 2211.92 8315.86 1.02 42.04 130.73 2387.96 8081.63 9.3665 0.02 329 2212 100.0 10.44 6.4068
233 75 41.9995 0.84 100.0 445.0 549.74 1355.13 1131.99 3.91 5.72 138.6 2211.86 8309.48 1.02 42.13 130.27 2387.95 8080.7 9.3432 0.02 331 2212 100.0 10.47 6.3893
233 76 42.0022 0.8403 100.0 445.0 549.53 1347.35 1124.52 3.91 5.72 139.18 2211.84 8316.37 1.02 42.01 130.56 2387.85 8076.93 9.3322 0.02 330 2212 100.0 10.68 6.4343
233 77 42.0036 0.84 100.0 445.0 550.53 1354.75 1120.61 3.91 5.72 138.73 2211.92 8319.77 1.02 42.12 130.7 2387.89 8078.86 9.374 0.02 331 2212 100.0 10.62 6.3715
233 78 35.0052 0.84 100.0 449.44 556.03 1360.55 1131.42 5.48 8.0 194.38 2222.93 8349.98 1.02 41.85 183.61 2388.1 8067.81 9.3123 0.02 332 2223 100.0 14.78 8.8679
233 79 0.0007 0.0004 100.0 518.67 642.44 1594.51 1393.42 14.62 21.61 554.16 2388.06 9050.44 1.3 47.44 522.06 2388.05 8140.18 8.4298 0.03 392 2388 100.0 38.71 23.292
233 80 20.0032 0.7017 100.0 491.19 607.53 1485.32 1246.67 9.35 13.66 334.96 2323.93 8722.44 1.08 44.63 314.56 2388.07 8060.45 9.2286 0.02 363 2324 100.0 24.59 14.7439
233 81 20.0063 0.7 100.0 491.19 607.15 1482.91 1250.2 9.35 13.65 334.75 2323.89 8720.27 1.08 44.28 314.91 2388.13 8059.67 9.1865 0.02 362 2324 100.0 24.66 14.6842
233 82 0.003 0.0 100.0 518.67 642.35 1591.1 1405.92 14.62 21.61 553.48 2388.16 9051.38 1.3 47.43 522.06 2388.1 8134.82 8.4092 0.03 393 2388 100.0 38.71 23.3009
233 83 25.0064 0.622 60.0 462.54 536.92 1265.03 1043.47 7.05 9.02 175.24 1915.33 8008.54 0.94 36.66 165.25 2028.16 7873.74 10.9125 0.02 307 1915 84.93 14.34 8.4726
233 84 10.0036 0.25 100.0 489.05 604.66 1502.7 1305.35 10.52 15.49 394.29 2318.86 8770.94 1.26 45.25 371.81 2388.09 8126.19 8.6533 0.03 369 2319 100.0 28.53 17.2121
233 85 20.0011 0.7011 100.0 491.19 607.33 1479.31 1246.28 9.35 13.66 334.26 2323.95 8728.35 1.08 44.21 315.2 2388.02 8058.27 9.2239 0.02 364 2324 100.0 24.55 14.6863
233 86 25.0037 0.62 60.0 462.54 536.99 1263.41 1043.32 7.05 9.02 174.69 1915.31 8002.53 0.94 36.84 164.58 2028.15 7875.38 10.8843 0.02 307 1915 84.93 14.2 8.524
233 87 25.0047 0.62 60.0 462.54 536.54 1263.21 1049.8 7.05 9.03 175.36 1915.39 8011.11 0.94 36.82 164.71 2028.22 7874.89 10.9109 0.02 305 1915 84.93 14.37 8.5749
233 88 0.0029 0.0 100.0 518.67 641.86 1589.55 1405.12 14.62 21.61 554.08 2388.11 9054.81 1.3 47.4 521.92 2388.07 8133.63 8.4406 0.03 393 2388 100.0 38.97 23.2788
233 89 10.0026 0.25 100.0 489.05 605.18 1501.31 1304.19 10.52 15.49 395.06 2318.88 8781.04 1.26 45.28 371.27 2388.08 8130.98 8.6287 0.03 368 2319 100.0 28.36 17.1075
233 90 42.0023 0.8412 100.0 445.0 549.45 1350.42 1121.02 3.91 5.72 139.8 2211.88 8316.61 1.02 41.85 130.47 2387.98 8083.85 9.3341 0.02 332 2212 100.0 10.69 6.4191
233 91 24.999 0.62 60.0 462.54 536.89 1255.58 1044.97 7.05 9.02 175.1 1915.34 8008.82 0.94 36.73 164.33 2028.21 7876.61 10.8769 0.02 307 1915 84.93 14.06 8.6672
233 92 42.0055 0.8405 100.0 445.0 549.38 1339.9 1123.26 3.91 5.72 139.06 2211.9 8325.59 1.02 42.03 130.96 2388.02 8082.47 9.3682 0.02 330 2212 100.0 10.5 6.3499
233 93 42.0058 0.8407 100.0 445.0 548.92 1354.14 1117.93 3.91 5.72 138.38 2211.86 8319.93 1.02 41.99 130.81 2387.94 8083.68 9.3519 0.02 330 2212 100.0 10.28 6.2625
233 94 24.9981 0.62 60.0 462.54 536.75 1250.69 1037.78 7.05 9.03 175.05 1915.34 8005.86 0.94 36.88 164.55 2028.26 7877.66 10.8929 0.02 307 1915 84.93 14.41 8.6488
233 95 10.0 0.25 100.0 489.05 604.89 1500.49 1309.75 10.52 15.49 394.94 2318.87 8776.55 1.26 45.55 371.23 2388.07 8130.3 8.6261 0.03 369 2319 100.0 28.53 17.1519
233 96 19.9993 0.7 100.0 491.19 607.36 1486.62 1251.13 9.35 13.66 333.95 2323.95 8726.56 1.08 44.22 314.95 2388.1 8059.47 9.1828 0.02 365 2324 100.0 24.55 14.7477
233 97 34.9987 0.84 100.0 449.44 555.09 1363.7 1127.88 5.48 8.0 194.3 2222.97 8355.41 1.02 41.77 183.3 2388.12 8064.8 9.343 0.02 334 2223 100.0 14.93 8.8545
233 98 10.0065 0.25 100.0 489.05 605.0 1510.2 1305.03 10.52 15.49 394.33 2318.86 8773.03 1.26 45.28 372.43 2388.08 8133.25 8.6336 0.03 369 2319 100.0 28.35 17.1888
233 99 42.003 0.84 100.0 445.0 548.76 1350.67 1124.61 3.91 5.71 137.86 2211.92 8328.24 1.02 42.17 130.77 2387.96 8083.39 9.3529 0.02 329 2212 100.0 10.69 6.396
233 100 41.9992 0.8413 100.0 445.0 549.4 1349.83 1128.79 3.91 5.72 138.34 2211.89 8325.28 1.02 42.11 130.41 2388.0 8082.46 9.3619 0.02 333 2212 100.0 10.61 6.3183
233 101 9.9991 0.2501 100.0 489.05 605.33 1498.05 1299.23 10.52 15.49 394.15 2318.89 8789.32 1.26 45.34 371.41 2388.08 8134.15 8.6416 0.03 370 2319 100.0 28.51 17.142
233 102 20.0053 0.7 100.0 491.19 607.02 1487.98 1255.48 9.35 13.66 335.06 2323.95 8717.28 1.08 44.46 315.0 2388.13 8062.71 9.1998 0.02 364 2324 100.0 24.43 14.7407
233 103 42.0064 0.8414 100.0 445.0 548.94 1360.17 1128.74 3.91 5.71 139.25 2211.9 8322.67 1.02 42.09 130.07 2387.96 8091.8 9.3636 0.02 332 2212 100.0 10.6 6.3973
233 104 35.0057 0.8415 100.0 449.44 555.49 1367.47 1123.7 5.48 8.0 193.75 2223.0 8348.44 1.02 41.79 182.78 2388.11 8067.69 9.3617 0.02 334 2223 100.0 14.85 8.8158
233 105 42.0063 0.8408 100.0 445.0 549.73 1353.32 1128.13 3.91 5.72 138.89 2211.98 8327.8 1.02 42.23 130.49 2388.04 8092.13 9.4031 0.02 332 2212 100.0 10.58 6.3801
233 106 25.0047 0.6209 60.0 462.54 536.47 1258.92 1042.62 7.05 9.03 175.48 1915.35 8009.57 0.94 36.74 164.58 2028.24 7877.73 10.8759 0.02 306 1915 84.93 14.14 8.6467
233 107 0.0005 0.0009 100.0 518.67 642.88 1585.71 1411.37 14.62 21.61 552.92 2388.05 9052.06 1.3 47.42 520.96 2388.05 8139.96 8.4371 0.03 392 2388 100.0 38.77 23.3094
233 108 19.9992 0.7 100.0 491.19 607.58 1474.54 1254.14 9.35 13.66 334.71 2323.97 8727.65 1.08 44.51 315.16 2388.12 8063.22 9.2274 0.02 364 2324 100.0 24.47 14.7807
233 109 42.0061 0.8415 100.0 445.0 550.11 1355.39 1128.24 3.91 5.72 138.06 2211.93 8323.91 1.02 42.12 130.94 2388.04 8093.24 9.3636 0.02 331 2212 100.0 10.43 6.2704
233 110 42.0045 0.84 100.0 445.0 549.99 1349.33 1124.28 3.91 5.72 138.86 2211.96 8323.1 1.02 42.12 130.71 2388.07 8083.37 9.3785 0.02 329 2212 100.0 10.4 6.3113
233 111 24.9993 0.6213 60.0 462.54 537.1 1264.27 1050.76 7.05 9.03 175.47 1915.39 8014.41 0.94 36.58 164.95 2028.28 7876.21 10.8677 0.02 307 1915 84.93 14.37 8.5637
233 112 9.9997 0.25 100.0 489.05 604.54 1503.68 1306.82 10.52 15.49 394.04 2318.87 8775.01 1.26 45.39 371.1 2388.09 8129.15 8.6966 0.03 369 2319 100.0 28.54 17.1595
233 113 42.0055 0.84 100.0 445.0 549.57 1353.43 1130.38 3.91 5.72 138.81 2211.97 8324.04 1.02 42.15 130.58 2388.09 8091.58 9.3675 0.02 330 2212 100.0 10.54 6.4243
233 114 0.0024 0.0 100.0 518.67 642.85 1593.18 1399.9 14.62 21.61 553.52 2388.11 9059.23 1.3 47.58 521.18 2388.06 8146.48 8.4141 0.03 392 2388 100.0 38.94 23.315
233 115 25.0028 0.6206 60.0 462.54 536.72 1254.37 1042.88 7.05 9.02 175.36 1915.41 8016.37 0.94 36.81 164.59 2028.28 7884.04 10.9145 0.02 307 1915 84.93 14.28 8.5564
233 116 19.9981 0.7001 100.0 491.19 607.55 1485.14 1250.66 9.35 13.65 333.97 2324.01 8731.24 1.08 44.39 315.06 2388.11 8065.06 9.2181 0.02 367 2324 100.0 24.54 14.705
233 117 20.0037 0.7016 100.0 491.19 607.36 1487.65 1253.82 9.35 13.65 334.28 2323.99 8727.68 1.08 44.49 314.81 2388.13 8069.18 9.2345 0.02 365 2324 100.0 24.59 14.7958
233 118 9.999 0.25 100.0 489.05 604.6 1506.92 1303.62 10.52 15.49 394.09 2318.94 8787.72 1.26 45.4 371.68 2388.18 8135.91 8.6185 0.03 370 2319 100.0 28.58 17.0986
233 119 0.0021 0.0019 100.0 518.67 642.82 1593.49 1415.47 14.62 21.61 553.58 2388.09 9064.39 1.3 47.44 520.91 2388.05 8142.78 8.4533 0.03 392 2388 100.0 38.68 23.3458
233 120 42.0069 0.8405 100.0 445.0 549.52 1351.18 1126.37 3.91 5.71 138.18 2212.03 8328.63 1.02 42.16 130.39 2388.02 8092.51 9.3575 0.02 331 2212 100.0 10.7 6.2474
233 121 25.0034 0.62 60.0 462.54 536.76 1254.76 1052.99 7.05 9.02 175.62 1915.44 8011.15 0.94 36.8 164.68 2028.33 7873.41 10.9108 0.02 308 1915 84.93 14.34 8.6446
233 122 0.0007 0.0 100.0 518.67 642.27 1585.03 1409.51 14.62 21.61 554.03 2388.09 9069.85 1.3 47.7 521.81 2388.02 8137.86 8.417 0.03 393 2388 100.0 39.12 23.3955
233 123 42.005 0.84 100.0 445.0 550.16 1350.91 1129.87 3.91 5.71 138.59 2212.03 8334.06 1.02 42.03 130.93 2388.13 8089.38 9.3513 0.02 331 2212 100.0 10.73 6.3242
233 124 35.0028 0.84 100.0 449.44 555.74 1369.87 1132.21 5.48 8.0 194.31 2223.03 8348.2 1.02 41.98 182.9 2388.18 8069.37 9.3147 0.02 335 2223 100.0 14.72 8.8908
233 125 0.0015 0.0018 100.0 518.67 642.73 1591.98 1399.28 14.62 21.61 553.62 2388.1 9059.32 1.3 47.52 521.89 2388.11 8140.3 8.4259 0.03 394 2388 100.0 38.88 23.1239
233 126 42.0027 0.84 100.0 445.0 549.67 1357.5 1122.57 3.91 5.71 138.92 2212.05 8330.64 1.02 42.04 130.85 2388.15 8091.68 9.3956 0.02 329 2212 100.0 10.36 6.2773
233 127 25.0064 0.6211 60.0 462.54 536.69 1256.97 1052.1 7.05 9.03 175.06 1915.47 8015.48 0.94 36.88 164.9 2028.35 7875.27 10.9072 0.02 307 1915 84.93 14.28 8.5445
233 128 25.0072 0.62 60.0 462.54 536.97 1263.74 1042.4 7.05 9.03 175.02 1915.46 8018.43 0.94 36.81 164.33 2028.38 7880.59 10.9082 0.02 308 1915 84.93 14.3 8.601
233 129 25.0034 0.6216 60.0 462.54 536.34 1267.26 1050.73 7.05 9.03 175.73 1915.47 8019.42 0.94 36.67 164.73 2028.41 7877.95 10.9078 0.02 307 1915 84.93 14.29 8.5992
233 130 10.0032 0.25 100.0 489.05 604.62 1500.2 1305.41 10.52 15.49 394.7 2318.91 8785.78 1.26 45.37 371.6 2388.2 8139.87 8.6653 0.03 369 2319 100.0 28.5 17.1153
233 131 25.0016 0.6215 60.0 462.54 536.85 1260.72 1052.22 7.05 9.03 176.32 1915.46 8012.89 0.94 36.83 164.58 2028.37 7878.39 10.9066 0.02 308 1915 84.93 14.27 8.6165
233 132 10.0 0.2512 100.0 489.05 605.09 1504.71 1307.95 10.52 15.49 394.94 2318.95 8789.97 1.26 45.32 371.67 2388.12 8142.47 8.6611 0.03 369 2319 100.0 28.57 17.1629
233 133 42.0025 0.8419 100.0 445.0 549.4 1361.57 1128.27 3.91 5.71 139.28 2212.08 8333.75 1.02 42.23 130.92 2388.11 8093.47 9.3561 0.02 330 2212 100.0 10.49 6.3813
233 134 25.0024 0.62 60.0 462.54 537.05 1261.93 1051.75 7.05 9.03 174.74 1915.54 8025.52 0.94 36.75 164.52 2028.46 7886.69 10.8935 0.02 307 1915 84.93 14.36 8.389
233 135 35.0064 0.84 100.0 449.44 555.58 1371.89 1137.56 5.48 8.0 194.71 2223.14 8365.66 1.02 42.06 183.17 2388.23 8078.67 9.3587 0.02 334 2223 100.0 14.88 8.8748
233 136 42.0005 0.84 100.0 445.0 550.02 1354.47 1128.14 3.91 5.72 138.95 2212.11 8338.79 1.02 42.16 130.17 2388.24 8096.83 9.3646 0.02 332 2212 100.0 10.57 6.3641
233 137 42.0029 0.84 100.0 445.0 549.67 1356.31 1129.76 3.91 5.72 139.11 2212.13 8341.36 1.02 42.28 130.73 2388.22 8092.99 9.3724 0.02 332 2212 100.0 10.74 6.2913
233 138 42.0072 0.84 100.0 445.0 549.27 1360.24 1126.87 3.91 5.72 138.76 2212.12 8342.5 1.02 42.31 130.88 2388.21 8102.14 9.3916 0.02 330 2212 100.0 10.66 6.4047
233 139 9.9985 0.25 100.0 489.05 604.72 1505.17 1308.34 10.52 15.49 393.79 2318.95 8796.82 1.26 45.48 371.43 2388.19 8139.86 8.6571 0.03 372 2319 100.0 28.57 17.0914
233 140 24.9988 0.62 60.0 462.54 536.62 1260.65 1052.51 7.05 9.03 175.63 1915.48 8018.34 0.94 36.83 164.74 2028.49 7888.61 10.9223 0.02 307 1915 84.93 14.27 8.5539
233 141 35.0029 0.8419 100.0 449.44 555.84 1371.77 1134.06 5.48 8.0 193.99 2223.23 8366.54 1.02 42.07 183.02 2388.25 8081.42 9.3215 0.02 336 2223 100.0 14.63 8.9501
233 142 25.0018 0.6209 60.0 462.54 536.84 1261.45 1051.73 7.05 9.03 175.27 1915.59 8027.95 0.94 36.87 164.54 2028.49 7885.92 10.9185 0.02 307 1915 84.93 14.19 8.6245
233 143 42.0076 0.84 100.0 445.0 550.44 1353.6 1122.7 3.91 5.72 138.45 2212.2 8336.11 1.02 42.33 130.64 2388.27 8096.67 9.3884 0.02 332 2212 100.0 10.62 6.2659
233 144 41.9988 0.8411 100.0 445.0 549.85 1359.17 1133.5 3.91 5.71 138.3 2212.15 8341.08 1.02 42.26 130.91 2388.31 8099.14 9.3801 0.02 332 2212 100.0 10.51 6.3413
233 145 10.0036 0.25 100.0 489.05 605.15 1497.56 1320.22 10.52 15.5 394.24 2319.03 8799.56 1.26 45.51 371.1 2388.22 8140.84 8.6516 0.03 370 2319 100.0 28.55 17.1137
233 146 10.0036 0.25 100.0 489.05 605.19 1500.66 1318.17 10.52 15.49 393.87 2318.99 8801.69 1.26 45.55 371.14 2388.21 8149.94 8.6556 0.03 371 2319 100.0 28.4 17.0961
233 147 20.0077 0.7007 100.0 491.19 607.77 1487.95 1255.76 9.35 13.66 334.47 2324.16 8740.14 1.08 44.58 314.45 2388.29 8079.91 9.3042 0.02 365 2324 100.0 24.47 14.7354
233 148 19.999 0.7 100.0 491.19 608.09 1489.59 1251.21 9.35 13.66 334.53 2324.15 8739.4 1.08 44.55 315.2 2388.28 8075.7 9.2105 0.02 365 2324 100.0 24.45 14.6192
233 149 20.0059 0.7 100.0 491.19 607.71 1486.7 1246.18 9.35 13.66 334.22 2324.17 8736.91 1.08 44.47 314.89 2388.25 8076.32 9.2321 0.03 365 2324 100.0 24.44 14.6584
233 150 20.0012 0.7001 100.0 491.19 607.89 1489.01 1248.65 9.35 13.66 334.93 2324.15 8746.18 1.08 44.6 314.52 2388.29 8078.64 9.2213 0.02 364 2324 100.0 24.21 14.646
233 151 20.0068 0.7 100.0 491.19 607.78 1488.02 1256.94 9.35 13.66 334.81 2324.09 8747.92 1.08 44.83 314.02 2388.28 8075.56 9.281 0.03 366 2324 100.0 24.49 14.5801
233 152 42.0025 0.84 100.0 445.0 549.92 1358.24 1132.31 3.91 5.72 139.44 2212.25 8347.84 1.02 42.09 130.81 2388.32 8109.63 9.3708 0.02 331 2212 100.0 10.48 6.315
233 153 0.0017 0.0005 100.0 518.67 642.91 1596.97 1420.17 14.62 21.61 552.65 2388.15 9084.48 1.3 47.7 520.93 2388.13 8160.41 8.4801 0.03 396 2388 100.0 38.87 23.1877
233 154 0.0028 0.0 100.0 518.67 643.22 1591.88 1414.67 14.62 21.61 552.13 2388.08 9083.65 1.3 47.73 520.82 2388.14 8156.33 8.4691 0.03 395 2388 100.0 38.62 23.1665
233 155 0.0021 0.0 100.0 518.67 642.44 1586.14 1414.66 14.62 21.61 553.11 2388.06 9082.0 1.3 47.63 520.96 2388.07 8155.97 8.419 0.03 395 2388 100.0 38.86 23.2552
233 156 35.0012 0.84 100.0 449.44 556.72 1374.72 1135.11 5.48 8.0 194.94 2223.37 8377.27 1.02 41.95 183.3 2388.46 8087.9 9.3527 0.02 333 2223 100.0 14.63 8.8257
233 157 35.004 0.84 100.0 449.44 556.05 1380.89 1142.51 5.48 8.0 194.98 2223.42 8371.92 1.02 42.03 182.87 2388.5 8095.09 9.3592 0.02 338 2223 100.0 14.6 8.9232
233 158 35.0055 0.8401 100.0 449.44 556.16 1370.88 1137.5 5.48 8.0 194.46 2223.4 8380.83 1.02 42.08 183.2 2388.55 8092.14 9.3494 0.02 336 2223 100.0 14.73 8.9458
233 159 35.0012 0.8408 100.0 449.44 555.81 1369.17 1135.8 5.48 8.0 194.33 2223.37 8373.23 1.02 42.21 183.41 2388.49 8089.57 9.3671 0.02 336 2223 100.0 14.87 8.9326
233 160 0.0027 0.0 100.0 518.67 643.14 1591.67 1417.43 14.62 21.61 552.75 2388.13 9090.56 1.3 47.83 520.51 2388.07 8161.08 8.4477 0.03 394 2388 100.0 38.76 23.2466
233 161 9.9999 0.2517 100.0 489.05 605.65 1500.66 1313.15 10.52 15.5 394.49 2319.07 8815.71 1.26 45.46 370.72 2388.21 8157.54 8.6647 0.03 371 2319 100.0 28.42 17.0342
233 162 24.9989 0.62 60.0 462.54 537.49 1262.12 1055.99 7.05 9.03 175.37 1915.81 8039.27 0.94 36.87 164.47 2028.77 7897.27 10.9515 0.02 308 1915 84.93 14.19 8.6649
233 163 42.0047 0.84 100.0 445.0 549.94 1352.49 1139.04 3.91 5.72 138.61 2212.45 8360.91 1.02 42.26 130.76 2388.59 8113.35 9.3729 0.02 332 2212 100.0 10.56 6.409
233 164 0.0002 0.0005 100.0 518.67 643.62 1593.08 1415.63 14.62 21.61 552.71 2388.11 9088.78 1.3 47.79 520.87 2388.14 8167.57 8.4679 0.03 395 2388 100.0 38.67 23.1529
233 165 42.0044 0.8411 100.0 445.0 550.23 1361.93 1140.36 3.91 5.72 138.59 2212.47 8359.04 1.02 42.52 130.1 2388.57 8115.38 9.4027 0.02 334 2212 100.0 10.65 6.2868
233 166 42.0021 0.84 100.0 445.0 549.81 1357.92 1136.67 3.91 5.72 138.41 2212.49 8359.94 1.02 42.4 129.96 2388.62 8122.33 9.3987 0.02 332 2212 100.0 10.58 6.2339
233 167 0.0015 0.001 100.0 518.67 642.83 1601.99 1415.31 14.62 21.61 552.31 2388.09 9096.55 1.3 47.88 520.24 2388.1 8175.02 8.4768 0.03 394 2388 100.0 38.5 23.2469
233 168 10.006 0.25 100.0 489.05 605.17 1507.74 1313.47 10.52 15.5 393.9 2319.01 8815.6 1.26 45.64 370.78 2388.24 8164.94 8.7023 0.03 370 2319 100.0 28.32 17.0574
233 169 0.002 0.0016 100.0 518.67 643.36 1596.46 1425.73 14.62 21.61 553.44 2388.09 9098.02 1.3 47.85 520.8 2388.09 8177.38 8.4893 0.03 395 2388 100.0 38.83 23.0986
233 170 35.0005 0.84 100.0 449.44 556.42 1371.13 1144.61 5.48 8.01 194.37 2223.6 8389.44 1.02 42.11 182.42 2388.83 8103.23 9.356 0.02 335 2223 100.0 14.91 8.7622
233 171 0.0016 0.0 100.0 518.67 643.45 1596.92 1421.21 14.62 21.61 552.44 2388.12 9101.49 1.3 47.72 520.51 2388.11 8173.73 8.4625 0.03 395 2388 100.0 38.38 23.0833
233 172 25.0069 0.62 60.0 462.54 536.98 1264.77 1052.62 7.05 9.03 175.19 1916.0 8039.86 0.94 37.01 164.68 2028.86 7907.42 11.0048 0.02 310 1915 84.93 14.11 8.4752
233 173 0.0026 0.0009 100.0 518.67 642.79 1605.49 1418.51 14.62 21.61 552.0 2388.15 9106.06 1.3 47.89 521.16 2388.14 8175.0 8.4839 0.03 396 2388 100.0 38.45 23.1949
233 174 35.0063 0.8403 100.0 449.44 556.34 1373.77 1138.23 5.48 8.01 194.09 2223.7 8389.18 1.02 42.4 182.91 2388.8 8112.32 9.3557 0.02 336 2223 100.0 14.71 8.825
233 175 42.0013 0.84 100.0 445.0 550.45 1359.2 1136.98 3.91 5.72 138.57 2212.66 8374.47 1.02 42.58 130.5 2388.79 8129.18 9.3659 0.02 331 2212 100.0 10.43 6.3871
233 176 25.0053 0.62 60.0 462.54 537.08 1267.21 1056.51 7.05 9.03 174.55 1916.01 8050.41 0.94 37.13 164.61 2028.99 7912.21 10.9747 0.02 309 1915 84.93 14.19 8.4868
233 177 0.0002 0.0 100.0 518.67 643.33 1598.44 1423.31 14.62 21.61 552.29 2388.15 9117.93 1.3 47.92 520.23 2388.14 8181.6 8.4919 0.03 397 2388 100.0 38.54 23.2837
233 178 10.0053 0.2508 100.0 489.05 605.63 1513.59 1321.05 10.52 15.5 392.75 2319.09 8831.82 1.26 45.96 370.61 2388.31 8178.23 8.6998 0.03 371 2319 100.0 28.4 17.0026
233 179 0.0003 0.0007 100.0 518.67 642.75 1601.22 1421.67 14.62 21.61 551.88 2388.13 9119.95 1.3 47.67 520.37 2388.09 8191.4 8.4592 0.03 397 2388 100.0 38.72 23.1135
233 180 34.9984 0.84 100.0 449.44 556.58 1368.82 1144.88 5.48 8.0 194.13 2223.91 8409.54 1.02 42.2 182.27 2389.05 8118.59 9.3638 0.02 335 2223 100.0 14.88 8.9341
233 181 0.0004 0.0 100.0 518.67 643.16 1600.34 1426.0 14.62 21.61 551.77 2388.1 9124.94 1.3 47.98 519.84 2388.14 8185.71 8.5378 0.03 395 2388 100.0 38.7 23.1817
233 182 41.9982 0.84 100.0 445.0 550.27 1371.82 1134.58 3.91 5.72 138.88 2212.79 8379.6 1.02 42.6 130.17 2388.97 8142.52 9.3858 0.02 334 2212 100.0 10.44 6.432
233 183 20.001 0.7 100.0 491.19 608.39 1489.03 1265.09 9.35 13.66 333.77 2324.48 8786.17 1.07 44.81 313.91 2388.63 8113.19 9.2918 0.03 369 2324 100.0 24.21 14.4178
233 184 42.0033 0.84 100.0 445.0 550.03 1367.15 1148.78 3.91 5.72 137.77 2212.91 8391.87 1.03 42.45 130.61 2389.05 8145.48 9.437 0.02 334 2212 100.0 10.36 6.3042
233 185 42.0003 0.8413 100.0 445.0 550.48 1368.11 1142.33 3.91 5.72 138.42 2212.93 8385.08 1.02 42.67 130.39 2389.05 8146.63 9.4141 0.02 335 2212 100.0 10.36 6.2775
233 186 0.0023 0.0 100.0 518.67 643.64 1602.0 1427.14 14.62 21.61 551.8 2388.11 9132.73 1.3 48.01 520.06 2388.16 8202.62 8.5242 0.03 397 2388 100.0 38.84 23.1128
233 187 20.0069 0.7 100.0 491.19 608.12 1495.27 1277.44 9.35 13.66 333.03 2324.61 8791.19 1.07 44.94 314.32 2388.71 8123.28 9.2815 0.03 369 2324 100.0 24.19 14.5944
233 188 0.0023 0.0 100.0 518.67 643.93 1602.34 1431.84 14.62 21.61 551.01 2388.16 9126.99 1.3 47.99 519.98 2388.19 8198.24 8.5134 0.03 398 2388 100.0 38.44 23.0784
233 189 34.9998 0.84 100.0 449.44 556.86 1376.25 1144.51 5.48 8.01 194.16 2224.17 8417.6 1.02 42.52 182.33 2389.35 8130.99 9.4108 0.02 340 2223 100.0 14.58 8.8329
233 190 42.0051 0.84 100.0 445.0 550.62 1373.34 1144.59 3.91 5.72 138.6 2213.04 8397.36 1.02 42.67 130.3 2389.19 8147.92 9.4206 0.02 335 2212 100.0 10.49 6.2084
