13 1 -0.0037 0.0002 100.0 518.67 642.83 1585.29 1408.93 14.62 21.61 553.42 2388.11 9048.2 1.3 47.45 521.45 2388.13 8132.09 8.4285 0.03 392 2388 100.0 38.98 23.242
13 2 0.0008 -0.0001 100.0 518.67 642.91 1586.78 1410.92 14.62 21.61 553.53 2388.08 9058.73 1.3 47.66 520.87 2388.09 8133.03 8.4303 0.03 393 2388 100.0 38.8 23.1838
13 3 0.0004 -0.0005 100.0 518.67 642.66 1589.91 1409.85 14.62 21.61 553.69 2388.12 9057.3 1.3 47.36 520.85 2388.15 8133.33 8.4294 0.03 391 2388 100.0 38.77 23.3545
13 4 0.0007 -0.0003 100.0 518.67 642.77 1591.48 1407.43 14.62 21.61 553.56 2388.12 9048.0 1.3 47.47 521.86 2388.08 8133.96 8.4261 0.03 392 2388 100.0 38.89 23.3078
13 5 -0.0032 -0.0001 100.0 518.67 642.12 1599.48 1407.37 14.62 21.61 553.27 2388.12 9058.01 1.3 47.47 521.68 2388.07 8139.6 8.4281 0.03 393 2388 100.0 38.75 23.3059
13 6 0.0011 0.0003 100.0 518.67 642.53 1589.24 1411.26 14.62 21.61 553.17 2388.14 9046.37 1.3 47.81 521.13 2388.09 8127.19 8.4733 0.03 395 2388 100.0 38.66 23.2547
13 7 0.0028 0.0005 100.0 518.67 642.67 1587.74 1411.81 14.62 21.61 553.8 2388.14 9056.34 1.3 47.57 521.26 2388.08 8131.89 8.4789 0.03 394 2388 100.0 38.73 23.3015
13 8 -0.0022 -0.0004 100.0 518.67 642.28 1586.41 1410.83 14.62 21.61 552.75 2388.12 9057.34 1.3 47.62 521.75 2388.12 8137.89 8.4427 0.03 394 2388 100.0 38.85 23.1677
13 9 0.0023 -0.0003 100.0 518.67 642.24 1581.23 1414.01 14.62 21.61 553.63 2388.09 9048.82 1.3 47.65 521.37 2388.05 8131.25 8.4259 0.03 393 2388 100.0 39.02 23.2994
13 10 0.0015 -0.0004 100.0 518.67 642.08 1585.63 1409.88 14.62 21.61 553.68 2388.11 9047.98 1.3 47.54 521.54 2388.07 8140.26 8.4284 0.03 395 2388 100.0 38.67 23.2718
13 11 -0.0028 0.0001 100.0 518.67 642.74 1585.26 1407.6 14.62 21.61 553.79 2388.12 9057.94 1.3 47.44 521.23 2388.12 8134.96 8.4208 0.03 394 2388 100.0 38.77 23.3433
13 12 -0.003 -0.0003 100.0 518.67 642.91 1588.12 1408.49 14.62 21.61 553.35 2388.11 9057.37 1.3 47.31 521.46 2388.1 8128.82 8.4138 0.03 395 2388 100.0 38.93 23.2375
13 13 -0.0002 0.0003 100.0 518.67 642.62 1591.71 1400.82 14.62 21.61 553.39 2388.07 9053.25 1.3 47.55 521.45 2388.11 8130.44 8.403 0.03 393 2388 100.0 38.94 23.3352
13 14 -0.0006 0.0001 100.0 518.67 642.84 1595.57 1409.67 14.62 21.61 553.36 2388.13 9054.2 1.3 47.58 520.95 2388.04 8128.78 8.4283 0.03 395 2388 100.0 38.64 23.2699
13 15 0.0023 0.0002 100.0 518.67 642.55 1592.54 1408.28 14.62 21.61 553.86 2388.05 9054.22 1.3 47.54 521.52 2388.1 8129.17 8.4462 0.03 394 2388 100.0 38.98 23.2354
13 16 -0.0 0.0003 100.0 518.67 642.62 1592.58 1407.29 14.62 21.61 553.56 2388.09 9063.34 1.3 47.58 521.19 2388.09 8136.52 8.4545 0.03 393 2388 100.0 38.75 23.276
13 17 -0.0003 0.0001 100.0 518.67 642.12 1591.91 1413.96 14.62 21.61 552.95 2388.15 9046.09 1.3 47.32 521.72 2388.1 8131.73 8.4389 0.03 393 2388 100.0 38.82 23.2483
13 18 0.0025 -0.0002 100.0 518.67 643.0 1594.79 1400.2 14.62 21.61 553.99 2388.14 9053.22 1.3 47.31 521.15 2388.15 8133.63 8.4253 0.03 393 2388 100.0 38.76 23.164
13 19 0.0 0.0003 100.0 518.67 642.99 1586.36 1410.04 14.62 21.61 553.24 2388.14 9057.96 1.3 47.62 521.64 2388.07 8134.93 8.4077 0.03 392 2388 100.0 38.9 23.2376
13 20 -0.002 -0.0001 100.0 518.67 642.85 1583.39 1411.76 14.62 21.61 553.49 2388.11 9054.89 1.3 47.57 521.21 2388.15 8136.58 8.4655 0.03 394 2388 100.0 38.74 23.3674
13 21 0.0008 -0.0003 100.0 518.67 642.78 1593.25 1400.59 14.62 21.61 553.44 2388.14 9054.16 1.3 47.63 521.61 2388.16 8132.91 8.4217 0.03 396 2388 100.0 38.58 23.3341
13 22 -0.0007 0.0001 100.0 518.67 642.83 1585.93 1419.67 14.62 21.61 554.09 2388.14 9045.55 1.3 47.65 520.95 2388.06 8140.05 8.4539 0.03 393 2388 100.0 38.9 23.2944
13 23 0.0006 0.0002 100.0 518.67 642.7 1589.55 1405.95 14.62 21.61 553.48 2388.01 9054.66 1.3 47.48 521.04 2388.13 8127.53 8.4671 0.03 393 2388 100.0 38.69 23.2419
13 24 0.0016 0.0002 100.0 518.67 642.24 1586.19 1414.53 14.62 21.61 553.07 2388.11 9046.3 1.3 47.47 521.37 2388.06 8132.88 8.4753 0.03 392 2388 100.0 38.78 23.3436
13 25 -0.0021 0.0001 100.0 518.67 642.71 1594.24 1407.47 14.62 21.61 553.3 2388.08 9050.3 1.3 47.59 521.14 2388.09 8130.37 8.4559 0.03 394 2388 100.0 38.82 23.2352
13 26 -0.0003 -0.0005 100.0 518.67 642.68 1586.23 1404.17 14.62 21.61 552.69 2388.14 9053.36 1.3 47.55 521.32 2388.12 8132.68 8.4657 0.03 393 2388 100.0 38.92 23.3092
13 27 0.0047 -0.0005 100.0 518.67 642.4 1598.2 1409.43 14.62 21.61 553.34 2388.09 9053.73 1.3 47.49 522.0 2388.13 8130.88 8.4349 0.03 393 2388 100.0 38.86 23.3738
13 28 -0.0002 -0.0001 100.0 518.67 642.04 1585.27 1412.24 14.62 21.61 553.01 2388.11 9055.22 1.3 47.48 521.33 2388.08 8135.63 8.407 0.03 392 2388 100.0 38.75 23.2864
13 29 0.0018 -0.0003 100.0 518.67 642.43 1593.29 1405.38 14.62 21.61 552.92 2388.1 9050.66 1.3 47.62 521.58 2388.16 8134.02 8.4257 0.03 395 2388 100.0 39.0 23.2575
13 30 -0.005 0.0003 100.0 518.67 642.65 1585.22 1409.87 14.62 21.61 553.39 2388.14 9054.27 1.3 47.44 521.01 2388.18 8135.04 8.4252 0.03 394 2388 100.0 38.82 23.2978
13 31 -0.002 0.0003 100.0 518.67 642.32 1588.28 1402.89 14.62 21.61 553.55 2388.09 9054.69 1.3 47.41 521.87 2388.07 8142.42 8.4523 0.03 393 2388 100.0 38.98 23.2404
13 32 0.0006 0.0 100.0 518.67 642.61 1587.77 1405.49 14.62 21.61 553.11 2388.13 9056.13 1.3 47.71 521.49 2388.12 8134.95 8.4368 0.03 394 2388 100.0 38.87 23.2924
13 33 0.0016 -0.0003 100.0 518.67 642.69 1589.38 1408.94 14.62 21.61 553.97 2388.11 9055.45 1.3 47.48 521.69 2388.11 8136.76 8.4756 0.03 393 2388 100.0 38.83 23.3016
13 34 -0.0004 0.0001 100.0 518.67 642.36 1591.8 1409.41 14.62 21.61 553.53 2388.09 9057.57 1.3 47.53 521.38 2388.07 8134.11 8.4462 0.03 393 2388 100.0 38.96 23.3451
13 35 0.0012 0.0001 100.0 518.67 642.49 1596.29 1410.51 14.62 21.61 553.3 2388.12 9056.47 1.3 47.66 521.29 2388.12 8134.6 8.436 0.03 394 2388 100.0 38.78 23.2236
13 36 0.0025 -0.0001 100.0 518.67 642.79 1590.07 1412.37 14.62 21.61 552.83 2388.14 9056.13 1.3 47.34 521.22 2388.12 8136.88 8.4489 0.03 394 2388 100.0 38.84 23.3891
13 37 -0.0055 -0.0003 100.0 518.67 642.65 1585.29 1408.99 14.62 21.61 553.89 2388.11 9055.54 1.3 47.53 521.16 2388.14 8133.29 8.3766 0.03 394 2388 100.0 38.83 23.3848
13 38 -0.0011 0.0003 100.0 518.67 642.47 1600.75 1411.91 14.62 21.61 552.44 2388.15 9042.3 1.3 47.61 521.89 2388.12 8133.05 8.3847 0.03 392 2388 100.0 38.71 23.212
13 39 -0.002 -0.0001 100.0 518.67 642.01 1589.55 1409.0 14.62 21.61 554.06 2388.08 9058.02 1.3 47.52 521.25 2388.13 8137.3 8.46 0.03 393 2388 100.0 38.87 23.3394
13 40 0.0002 -0.0005 100.0 518.67 642.92 1596.62 1411.44 14.62 21.61 553.36 2388.1 9053.24 1.3 47.41 521.48 2388.12 8136.41 8.4486 0.03 392 2388 100.0 38.63 23.2568
13 41 0.0049 0.0003 100.0 518.67 642.59 1587.68 1407.63 14.62 21.61 554.46 2388.05 9048.25 1.3 47.46 521.72 2388.15 8131.41 8.4377 0.03 393 2388 100.0 38.96 23.344
13 42 0.0029 -0.0001 100.0 518.67 642.75 1588.63 1406.1 14.62 21.61 553.54 2388.03 9056.93 1.3 47.48 521.41 2388.08 8142.08 8.4596 0.03 395 2388 100.0 38.84 23.2831
13 43 -0.004 -0.0005 100.0 518.67 642.82 1587.94 1417.03 14.62 21.61 553.49 2388.15 9054.74 1.3 47.6 521.48 2388.13 8140.84 8.4597 0.03 393 2388 100.0 38.89 23.3035
13 44 -0.0016 -0.0001 100.0 518.67 642.41 1585.77 1402.53 14.62 21.61 552.84 2388.13 9052.22 1.3 47.55 520.88 2388.1 8133.69 8.4405 0.03 394 2388 100.0 38.76 23.359
13 45 0.0029 -0.0005 100.0 518.67 643.1 1595.17 1403.15 14.62 21.61 553.03 2388.1 9049.19 1.3 47.71 521.31 2388.1 8133.52 8.4648 0.03 392 2388 100.0 38.78 23.1844
13 46 0.003 0.0003 100.0 518.67 643.08 1584.27 1404.39 14.62 21.61 553.45 2388.16 9056.37 1.3 47.38 521.53 2388.08 8136.98 8.4332 0.03 392 2388 100.0 38.74 23.4359
13 47 -0.0004 0.0 100.0 518.67 643.0 1588.77 1409.3 14.62 21.61 553.97 2388.12 9059.76 1.3 47.8 521.58 2388.13 8137.6 8.414 0.03 394 2388 100.0 38.58 23.2714
13 48 -0.0031 -0.0002 100.0 518.67 642.75 1592.05 1405.31 14.62 21.61 553.44 2388.12 9058.34 1.3 47.5 521.83 2388.05 8128.52 8.4275 0.03 396 2388 100.0 38.7 23.2476
13 49 0.0001 0.0003 100.0 518.67 642.76 1584.01 1406.84 14.62 21.61 553.19 2388.12 9053.1 1.3 47.47 521.69 2388.14 8133.28 8.4063 0.03 394 2388 100.0 38.79 23.3711
13 50 -0.0038 -0.0002 100.0 518.67 643.1 1586.89 1407.28 14.62 21.61 553.57 2388.11 9057.98 1.3 47.58 520.95 2388.11 8138.61 8.4595 0.03 394 2388 100.0 38.92 23.2084
13 51 0.0022 0.0002 100.0 518.67 642.79 1590.55 1410.18 14.62 21.61 553.1 2388.09 9054.03 1.3 47.45 521.04 2388.14 8131.93 8.4176 0.03 394 2388 100.0 38.81 23.2691
13 52 -0.0023 0.0 100.0 518.67 642.61 1589.33 1410.09 14.62 21.61 553.86 2388.08 9057.88 1.3 47.43 521.76 2388.14 8131.71 8.4502 0.03 395 2388 100.0 38.84 23.3316
13 53 0.0 -0.0002 100.0 518.67 643.16 1593.25 1410.08 14.62 21.61 553.89 2388.14 9054.58 1.3 47.57 521.62 2388.12 8136.3 8.4322 0.03 394 2388 100.0 39.07 23.2717
13 54 0.0035 0.0003 100.0 518.67 642.73 1596.29 1406.6 14.62 21.61 553.33 2388.12 9051.94 1.3 47.54 521.14 2388.03 8137.89 8.4643 0.03 392 2388 100.0 38.84 23.2898
13 55 -0.0005 0.0005 100.0 518.67 642.99 1588.63 1409.54 14.62 21.61 553.59 2388.14 9059.73 1.3 47.67 521.48 2388.13 8134.86 8.4426 0.03 393 2388 100.0 38.87 23.1338
13 56 -0.0022 0.0 100.0 518.67 642.68 1587.64 1408.46 14.62 21.61 552.95 2388.02 9050.29 1.3 47.63 521.33 2388.16 8133.87 8.4379 0.03 392 2388 100.0 38.74 23.323
13 57 -0.001 -0.0001 100.0 518.67 642.99 1593.1 1406.12 14.62 21.61 553.45 2388.11 9055.17 1.3 47.56 521.48 2388.19 8133.47 8.4233 0.03 393 2388 100.0 38.94 23.3243
13 58 -0.0015 -0.0 100.0 518.67 642.29 1583.36 1414.57 14.62 21.61 553.41 2388.12 9056.85 1.3 47.69 521.29 2388.13 8135.83 8.4502 0.03 393 2388 100.0 38.66 23.2331
13 59 -0.0009 0.0003 100.0 518.67 642.34 1588.05 1405.04 14.62 21.61 552.71 2388.13 9056.75 1.3 47.53 521.54 2388.09 8133.92 8.4196 0.03 393 2388 100.0 38.93 23.3019
13 60 -0.0008 0.0003 100.0 518.67 642.09 1592.65 1406.04 14.62 21.61 552.71 2388.12 9051.44 1.3 47.52 520.95 2388.18 8128.87 8.409 0.03 393 2388 100.0 38.91 23.2766
13 61 -0.0022 -0.0004 100.0 518.67 642.5 1591.77 1408.04 14.62 21.61 553.47 2388.11 9055.38 1.3 47.67 521.69 2388.14 8134.59 8.4334 0.03 393 2388 100.0 38.76 23.2757
13 62 -0.0064 0.0001 100.0 518.67 642.54 1587.95 1414.89 14.62 21.61 553.34 2388.14 9057.95 1.3 47.55 521.69 2388.14 8141.1 8.4703 0.03 395 2388 100.0 39.01 23.2911
13 63 0.0005 -0.0003 100.0 518.67 642.56 1589.85 1409.14 14.62 21.61 553.2 2388.11 9055.64 1.3 47.46 521.23 2388.09 8138.38 8.4287 0.03 393 2388 100.0 38.77 23.3813
13 64 0.0014 -0.0 100.0 518.67 642.6 1587.55 1416.22 14.62 21.61 552.49 2388.13 9053.86 1.3 47.5 521.65 2388.12 8134.12 8.4365 0.03 393 2388 100.0 38.86 23.2494
13 65 0.0029 0.0 100.0 518.67 642.65 1588.66 1403.33 14.62 21.61 553.27 2388.1 9059.41 1.3 47.43 521.62 2388.11 8136.57 8.4486 0.03 394 2388 100.0 38.97 23.1992
13 66 -0.0007 0.0001 100.0 518.67 642.92 1589.78 1405.69 14.62 21.61 553.33 2388.1 9058.64 1.3 47.63 521.21 2388.11 8137.25 8.4445 0.03 394 2388 100.0 38.75 23.2159
13 67 -0.0002 0.0003 100.0 518.67 642.44 1593.08 1415.29 14.62 21.61 552.99 2388.1 9057.49 1.3 47.52 521.41 2388.05 8133.0 8.4462 0.03 394 2388 100.0 38.92 23.2959
13 68 0.0027 0.0004 100.0 518.67 642.7 1599.21 1406.2 14.62 21.61 553.42 2388.11 9058.99 1.3 47.46 520.71 2388.12 8139.81 8.4284 0.03 392 2388 100.0 38.91 23.2368
13 69 0.0016 -0.0002 100.0 518.67 642.63 1593.29 1400.51 14.62 21.61 553.18 2388.08 9050.52 1.3 47.58 521.39 2388.07 8138.15 8.4673 0.03 393 2388 100.0 38.82 23.3044
13 70 0.0023 0.0005 100.0 518.67 642.85 1596.12 1413.17 14.62 21.61 553.23 2388.1 9060.49 1.3 47.53 521.67 2388.11 8135.37 8.4403 0.03 392 2388 100.0 38.8 23.2821
13 71 -0.0004 0.0003 100.0 518.67 642.54 1588.19 1412.97 14.62 21.61 552.94 2388.13 9058.68 1.3 47.45 520.95 2388.12 8133.62 8.4365 0.03 393 2388 100.0 38.86 23.2445
13 72 0.0012 0.0001 100.0 518.67 642.9 1592.35 1406.9 14.62 21.61 553.07 2388.04 9058.84 1.3 47.56 521.07 2388.09 8137.9 8.4398 0.03 394 2388 100.0 38.78 23.2849
13 73 -0.0012 -0.0003 100.0 518.67 642.73 1584.75 1404.46 14.62 21.61 553.45 2388.13 9061.25 1.3 47.59 521.4 2388.09 8134.25 8.49 0.03 393 2388 100.0 38.89 23.2109
13 74 0.0013 -0.0004 100.0 518.67 642.56 1589.33 1410.3 14.62 21.61 553.68 2388.13 9058.95 1.3 47.48 521.39 2388.14 8133.2 8.4465 0.03 394 2388 100.0 38.92 23.3142
13 75 0.0055 -0.0004 100.0 518.67 642.99 1589.18 1421.11 14.62 21.61 553.62 2388.05 9060.16 1.3 47.42 521.52 2388.06 8135.34 8.4706 0.03 394 2388 100.0 38.58 23.2946
13 76 -0.0022 -0.0003 100.0 518.67 642.83 1591.15 1407.69 14.62 21.61 553.04 2388.1 9063.94 1.3 47.54 521.32 2388.07 8138.3 8.4586 0.03 393 2388 100.0 38.89 23.1877
13 77 -0.0006 -0.0003 100.0 518.67 642.86 1596.97 1413.3 14.62 21.61 552.68 2388.06 9055.66 1.3 47.7 521.86 2388.1 8136.5 8.4514 0.03 393 2388 100.0 38.68 23.2391
13 78 -0.004 -0.0001 100.0 518.67 642.2 1598.71 1407.87 14.62 21.61 554.12 2388.09 9062.62 1.3 47.44 521.25 2388.12 8139.17 8.4394 0.03 392 2388 100.0 38.71 23.3232
13 79 -0.0015 -0.0003 100.0 518.67 642.39 1594.65 1405.25 14.62 21.61 553.25 2388.11 9057.15 1.3 47.52 521.22 2388.14 8139.21 8.4422 0.03 392 2388 100.0 38.66 23.2642
13 80 0.001 -0.0 100.0 518.67 642.71 1594.84 1407.79 14.62 21.61 553.82 2388.08 9065.25 1.3 47.78 521.13 2388.09 8142.29 8.415 0.03 394 2388 100.0 38.86 23.3376
13 81 0.0025 -0.0002 100.0 518.67 642.77 1588.63 1409.11 14.62 21.61 553.03 2388.08 9063.52 1.3 47.52 521.0 2388.08 8137.93 8.4331 0.03 394 2388 100.0 38.87 23.2311
13 82 0.002 0.0005 100.0 518.67 642.72 1594.21 1407.21 14.62 21.61 553.35 2388.14 9057.63 1.3 47.6 522.02 2388.13 8136.0 8.4545 0.03 394 2388 100.0 38.72 23.1988
13 83 0.0024 -0.0004 100.0 518.67 642.73 1590.02 1409.56 14.62 21.61 553.18 2388.13 9053.04 1.3 47.61 521.2 2388.15 8140.58 8.4255 0.03 395 2388 100.0 38.94 23.2278
13 84 0.0005 -0.0 100.0 518.67 643.15 1582.31 1411.96 14.62 21.61 553.29 2388.1 9059.97 1.3 47.64 521.32 2388.04 8141.77 8.4334 0.03 394 2388 100.0 38.88 23.2732
13 85 0.0007 -0.0 100.0 518.67 642.82 1590.6 1409.25 14.62 21.61 553.29 2388.08 9066.23 1.3 47.53 521.8 2388.1 8138.75 8.4539 0.03 394 2388 100.0 38.68 23.2924
13 86 0.0014 -0.0003 100.0 518.67 642.86 1585.8 1407.29 14.62 21.61 553.8 2388.11 9059.58 1.3 47.42 521.57 2388.14 8141.79 8.4323 0.03 395 2388 100.0 38.74 23.3131
13 87 -0.0019 -0.0003 100.0 518.67 643.04 1596.44 1410.45 14.62 21.61 553.58 2388.07 9060.34 1.3 47.61 521.34 2388.11 8137.26 8.4594 0.03 393 2388 100.0 38.68 23.2573
13 88 -0.0038 -0.0001 100.0 518.67 642.72 1599.15 1410.29 14.62 21.61 553.85 2388.15 9056.57 1.3 47.61 521.22 2388.08 8139.78 8.4404 0.03 393 2388 100.0 38.71 23.4033
13 89 0.0008 0.0003 100.0 518.67 642.91 1588.23 1417.01 14.62 21.61 552.99 2388.16 9057.3 1.3 47.52 521.21 2388.1 8142.24 8.4676 0.03 393 2388 100.0 38.78 23.2503
13 90 0.0016 0.0002 100.0 518.67 643.05 1592.33 1399.67 14.62 21.61 552.3 2388.1 9064.76 1.3 47.45 521.29 2388.09 8141.87 8.4695 0.03 393 2388 100.0 38.78 23.2731
13 91 -0.0034 -0.0004 100.0 518.67 642.48 1591.64 1412.16 14.62 21.61 553.25 2388.08 9061.34 1.3 47.56 521.53 2388.07 8140.56 8.4338 0.03 391 2388 100.0 38.76 23.1772
13 92 0.0026 0.0004 100.0 518.67 642.47 1589.66 1402.03 14.62 21.61 553.74 2388.13 9063.59 1.3 47.73 520.79 2388.12 8141.48 8.4756 0.03 392 2388 100.0 38.76 23.1965
13 93 0.0015 0.0002 100.0 518.67 642.74 1595.72 1411.56 14.62 21.61 554.54 2388.1 9056.19 1.3 47.59 521.29 2388.1 8144.84 8.4232 0.03 393 2388 100.0 38.88 23.3018
13 94 -0.0023 -0.0005 100.0 518.67 643.16 1593.48 1413.25 14.62 21.61 553.8 2388.12 9066.3 1.3 47.77 520.72 2388.11 8141.04 8.4508 0.03 393 2388 100.0 38.55 23.2649
13 95 0.0005 -0.0003 100.0 518.67 643.11 1596.53 1408.9 14.62 21.61 552.77 2388.09 9060.57 1.3 47.57 520.67 2388.08 8143.36 8.43 0.03 393 2388 100.0 38.9 23.2807
13 96 0.0006 0.0004 100.0 518.67 642.58 1578.08 1413.75 14.62 21.61 553.57 2388.09 9065.0 1.3 47.6 521.37 2388.14 8144.87 8.4373 0.03 393 2388 100.0 38.67 23.3941
13 97 -0.0016 -0.0005 100.0 518.67 642.63 1585.08 1405.71 14.62 21.61 553.5 2388.1 9070.06 1.3 47.77 521.56 2388.07 8138.76 8.4567 0.03 394 2388 100.0 38.98 23.2344
13 98 -0.0026 -0.0001 100.0 518.67 642.93 1593.34 1418.86 14.62 21.61 552.38 2388.09 9063.82 1.3 47.56 521.49 2388.14 8139.96 8.4379 0.03 394 2388 100.0 38.94 23.1698
13 99 -0.0004 0.0003 100.0 518.67 642.72 1587.64 1410.77 14.62 21.61 553.85 2388.1 9062.26 1.3 47.58 521.3 2388.06 8145.82 8.4319 0.03 393 2388 100.0 38.85 23.2867
13 100 0.0013 0.0001 100.0 518.67 642.77 1594.86 1404.48 14.62 21.61 553.09 2388.14 9059.38 1.3 47.42 520.84 2388.12 8140.47 8.4228 0.03 393 2388 100.0 38.76 23.3003
13 101 -0.0034 0.0 100.0 518.67 642.96 1594.61 1414.46 14.62 21.61 552.85 2388.13 9065.71 1.3 47.51 521.11 2388.11 8138.72 8.4518 0.03 393 2388 100.0 38.84 23.3478
13 102 -0.0002 -0.0003 100.0 518.67 642.91 1592.56 1413.18 14.62 21.61 552.69 2388.15 9061.95 1.3 47.42 520.96 2388.18 8139.08 8.4756 0.03 392 2388 100.0 38.74 23.3054
13 103 0.0 0.0003 100.0 518.67 642.8 1596.86 1404.57 14.62 21.61 552.61 2388.09 9060.67 1.3 47.66 521.47 2388.12 8146.05 8.4481 0.03 395 2388 100.0 38.64 23.2933
13 104 0.0018 0.0001 100.0 518.67 643.43 1599.71 1412.29 14.62 21.61 553.44 2388.04 9064.27 1.3 47.53 521.2 2388.12 8138.67 8.4384 0.03 393 2388 100.0 38.67 23.1993
13 105 0.0038 0.0003 100.0 518.67 642.61 1591.94 1409.59 14.62 21.61 553.3 2388.13 9064.06 1.3 47.64 521.48 2388.15 8142.08 8.4447 0.03 394 2388 100.0 38.9 23.2085
13 106 0.0025 0.0005 100.0 518.67 643.12 1590.82 1413.85 14.62 21.61 553.26 2388.12 9066.82 1.3 47.85 521.86 2388.13 8145.73 8.451 0.03 394 2388 100.0 38.73 23.2371
13 107 0.004 0.0002 100.0 518.67 642.33 1588.35 1407.28 14.62 21.61 552.95 2388.08 9069.14 1.3 47.66 521.46 2388.12 8147.28 8.4623 0.03 393 2388 100.0 38.84 23.3249
13 108 -0.0014 0.0002 100.0 518.67 642.91 1591.66 1412.19 14.62 21.61 552.76 2388.07 9064.81 1.3 47.67 521.06 2388.12 8146.4 8.4205 0.03 394 2388 100.0 38.94 23.3278
13 109 0.0015 -0.0002 100.0 518.67 642.89 1590.01 1409.64 14.62 21.61 553.89 2388.1 9065.03 1.3 47.61 521.09 2388.13 8141.34 8.4578 0.03 393 2388 100.0 38.73 23.1327
13 110 -0.0026 -0.0002 100.0 518.67 643.11 1591.75 1410.84 14.62 21.61 553.46 2388.15 9070.06 1.3 47.7 520.87 2388.16 8145.61 8.4518 0.03 394 2388 100.0 38.84 23.2692
13 111 -0.0034 0.0002 100.0 518.67 642.98 1593.79 1412.24 14.62 21.61 553.24 2388.13 9073.25 1.3 47.5 521.38 2388.15 8142.75 8.4549 0.03 394 2388 100.0 38.62 23.1584
13 112 0.0 -0.0003 100.0 518.67 642.96 1590.67 1422.46 14.62 21.61 552.84 2388.15 9068.67 1.3 47.59 520.7 2388.16 8145.01 8.4462 0.03 394 2388 100.0 38.92 23.2419
13 113 0.0026 -0.0003 100.0 518.67 642.74 1590.13 1418.07 14.62 21.61 553.32 2388.14 9072.28 1.3 47.63 521.16 2388.17 8145.06 8.4781 0.03 393 2388 100.0 38.79 23.227
13 114 0.0026 -0.0002 100.0 518.67 642.42 1589.88 1412.11 14.62 21.61 553.71 2388.12 9063.38 1.3 47.68 520.95 2388.1 8147.67 8.4847 0.03 396 2388 100.0 38.89 23.2208
13 115 -0.0008 0.0003 100.0 518.67 642.86 1593.73 1405.83 14.62 21.61 552.7 2388.09 9070.81 1.3 47.51 521.5 2388.08 8146.43 8.4723 0.03 394 2388 100.0 38.69 23.2244
13 116 0.0009 0.0001 100.0 518.67 642.96 1593.58 1413.05 14.62 21.61 553.12 2388.12 9069.13 1.3 47.71 521.27 2388.09 8146.77 8.451 0.03 394 2388 100.0 38.75 23.1782
13 117 -0.0013 -0.0001 100.0 518.67 642.79 1590.89 1408.08 14.62 21.61 553.02 2388.1 9067.37 1.3 47.57 521.14 2388.11 8148.09 8.464 0.03 394 2388 100.0 38.79 23.2209
13 118 0.0001 0.0004 100.0 518.67 642.78 1597.75 1405.98 14.62 21.61 553.21 2388.08 9071.92 1.3 47.74 521.29 2388.1 8143.46 8.4741 0.03 393 2388 100.0 38.7 23.3018
13 119 -0.0015 0.0002 100.0 518.67 642.88 1589.58 1410.83 14.62 21.61 553.1 2388.13 9072.59 1.3 47.73 520.76 2388.15 8149.23 8.4355 0.03 392 2388 100.0 38.91 23.2405
13 120 -0.0017 0.0003 100.0 518.67 643.03 1590.82 1409.31 14.62 21.61 552.45 2388.12 9068.73 1.3 47.71 521.41 2388.14 8149.75 8.4608 0.03 393 2388 100.0 38.8 23.2422
13 121 -0.0005 -0.0002 100.0 518.67 642.72 1593.93 1404.67 14.62 21.61 553.12 2388.15 9076.79 1.3 47.61 521.03 2388.13 8149.58 8.4342 0.03 394 2388 100.0 38.9 23.2505
13 122 -0.0004 -0.0003 100.0 518.67 642.04 1596.69 1409.81 14.62 21.61 553.38 2388.1 9073.42 1.3 47.67 520.75 2388.05 8152.22 8.463 0.03 394 2388 100.0 38.53 23.2549
13 123 0.0029 0.0003 100.0 518.67 642.88 1589.56 1412.4 14.62 21.61 553.22 2388.14 9072.9 1.3 47.49 521.05 2388.11 8154.49 8.4568 0.03 393 2388 100.0 38.71 23.1353
13 124 0.0018 0.0004 100.0 518.67 643.02 1587.4 1412.89 14.62 21.61 553.52 2388.09 9067.96 1.3 47.66 521.37 2388.1 8150.49 8.425 0.03 395 2388 100.0 38.67 23.1505
13 125 -0.0006 -0.0004 100.0 518.67 642.97 1598.44 1412.69 14.62 21.61 552.68 2388.13 9074.43 1.3 47.74 521.27 2388.14 8148.68 8.4379 0.03 396 2388 100.0 38.61 23.2176
13 126 -0.005 -0.0001 100.0 518.67 642.93 1592.84 1411.92 14.62 21.61 552.84 2388.1 9078.18 1.3 47.69 521.43 2388.09 8150.27 8.4692 0.03 394 2388 100.0 38.65 23.1824
13 127 0.0029 -0.0003 100.0 518.67 642.74 1592.53 1413.59 14.62 21.61 552.95 2388.12 9079.31 1.3 47.82 520.49 2388.13 8150.59 8.4749 0.03 395 2388 100.0 38.81 23.2707
13 128 -0.001 0.0005 100.0 518.67 642.67 1593.45 1418.83 14.62 21.61 552.39 2388.12 9072.71 1.3 47.65 520.87 2388.11 8147.3 8.4473 0.03 394 2388 100.0 38.61 23.2256
13 129 -0.0008 0.0002 100.0 518.67 642.67 1593.39 1418.11 14.62 21.61 552.76 2388.14 9076.97 1.3 47.81 520.92 2388.1 8151.24 8.4799 0.03 394 2388 100.0 38.94 23.2319
13 130 0.0007 -0.0002 100.0 518.67 642.73 1587.88 1413.94 14.62 21.61 552.92 2388.12 9080.51 1.3 47.73 520.88 2388.15 8152.46 8.4626 0.03 394 2388 100.0 38.72 23.2324
13 131 0.0006 -0.0001 100.0 518.67 642.98 1597.64 1411.52 14.62 21.61 552.8 2388.05 9072.69 1.3 47.88 521.21 2388.09 8159.51 8.4718 0.03 395 2388 100.0 38.75 23.2334
13 132 -0.0 -0.0001 100.0 518.67 642.68 1588.35 1419.75 14.62 21.61 552.69 2388.09 9074.45 1.3 47.71 520.71 2388.1 8152.99 8.4697 0.03 393 2388 100.0 38.67 23.2426
13 133 0.0015 -0.0001 100.0 518.67 642.78 1597.97 1409.99 14.62 21.61 553.15 2388.12 9075.84 1.3 47.71 520.87 2388.1 8155.6 8.4897 0.03 396 2388 100.0 38.6 23.0933
13 134 0.0009 0.0003 100.0 518.67 643.15 1591.18 1414.64 14.62 21.61 552.57 2388.08 9075.89 1.3 47.87 520.98 2388.04 8156.75 8.4694 0.03 393 2388 100.0 38.78 23.1911
13 135 -0.0025 -0.0002 100.0 518.67 643.43 1592.58 1414.48 14.62 21.61 553.08 2388.08 9084.52 1.3 47.63 521.27 2388.09 8155.25 8.4785 0.03 394 2388 100.0 38.76 23.3142
13 136 0.0016 0.0002 100.0 518.67 642.76 1592.12 1416.71 14.62 21.61 552.35 2388.08 9078.96 1.3 47.8 521.42 2388.16 8156.14 8.4553 0.03 393 2388 100.0 38.77 23.1846
13 137 -0.0037 0.0002 100.0 518.67 643.64 1595.13 1408.92 14.62 21.61 553.21 2388.07 9078.86 1.3 47.59 521.19 2388.07 8158.72 8.4598 0.03 393 2388 100.0 38.57 23.2466
13 138 -0.0029 0.0002 100.0 518.67 643.17 1597.17 1420.51 14.62 21.61 552.21 2388.11 9084.07 1.3 47.78 521.05 2388.15 8156.55 8.4879 0.03 394 2388 100.0 38.85 23.2635
13 139 0.0022 0.0003 100.0 518.67 642.73 1595.42 1417.75 14.62 21.61 552.45 2388.15 9083.51 1.3 47.72 520.51 2388.12 8158.81 8.4487 0.03 394 2388 100.0 38.67 23.2458
13 140 -0.0047 -0.0005 100.0 518.67 642.95 1586.46 1402.53 14.62 21.61 552.53 2388.11 9097.12 1.3 47.79 520.79 2388.14 8158.32 8.4865 0.03 394 2388 100.0 38.8 23.2268
13 141 -0.0044 0.0001 100.0 518.67 642.71 1595.99 1418.78 14.62 21.61 551.87 2388.13 9081.44 1.3 47.78 520.71 2388.14 8156.21 8.448 0.03 394 2388 100.0 38.84 23.2273
13 142 0.0022 -0.0 100.0 518.67 643.12 1590.61 1417.04 14.62 21.61 551.94 2388.13 9088.66 1.3 47.68 521.13 2388.12 8165.73 8.4693 0.03 393 2388 100.0 38.65 23.2522
13 143 -0.0005 -0.0005 100.0 518.67 643.35 1596.16 1420.51 14.62 21.61 552.61 2388.07 9098.52 1.3 47.75 521.3 2388.05 8167.76 8.4779 0.03 392 2388 100.0 38.66 23.1235
13 144 -0.0028 0.0004 100.0 518.67 643.18 1596.39 1421.1 14.62 21.61 552.48 2388.09 9084.55 1.3 47.61 520.93 2388.1 8161.7 8.47 0.03 395 2388 100.0 38.67 23.156
13 145 0.0004 -0.0002 100.0 518.67 642.68 1597.23 1419.75 14.62 21.61 552.1 2388.09 9088.16 1.3 47.75 520.7 2388.08 8163.54 8.4821 0.03 396 2388 100.0 38.63 23.2459
13 146 -0.0004 -0.0001 100.0 518.67 642.98 1596.46 1408.11 14.62 21.61 552.88 2388.17 9089.11 1.3 47.57 520.88 2388.06 8159.5 8.4567 0.03 396 2388 100.0 38.63 23.1952
13 147 -0.0005 -0.0001 100.0 518.67 643.12 1597.9 1419.18 14.62 21.61 553.21 2388.17 9098.74 1.3 47.74 520.39 2388.09 8163.36 8.4707 0.03 393 2388 100.0 38.58 23.2616
13 148 0.0003 -0.0002 100.0 518.67 642.83 1589.23 1414.66 14.62 21.61 552.59 2388.1 9093.75 1.3 47.63 520.51 2388.11 8159.14 8.4572 0.03 396 2388 100.0 38.76 23.06
13 149 0.0029 -0.0004 100.0 518.67 642.94 1595.93 1407.41 14.62 21.61 551.91 2388.14 9089.28 1.3 47.58 521.12 2388.15 8172.75 8.4862 0.03 394 2388 100.0 38.39 23.0921
13 150 0.0021 0.0004 100.0 518.67 643.34 1598.76 1419.93 14.62 21.61 552.77 2388.12 9094.94 1.3 47.67 520.31 2388.12 8168.99 8.491 0.03 396 2388 100.0 38.72 23.1952
13 151 0.0014 0.0003 100.0 518.67 642.67 1595.93 1418.35 14.62 21.61 552.15 2388.1 9089.46 1.3 47.79 520.56 2388.11 8167.93 8.4579 0.03 393 2388 100.0 38.78 23.2165
13 152 0.0015 -0.0004 100.0 518.67 643.12 1589.06 1412.87 14.62 21.61 552.42 2388.16 9100.43 1.3 47.62 520.93 2388.1 8173.04 8.4697 0.03 394 2388 100.0 38.69 23.1787
13 153 -0.0022 -0.0001 100.0 518.67 642.58 1600.39 1415.02 14.62 21.61 552.65 2388.14 9097.36 1.3 47.67 520.73 2388.14 8177.18 8.4851 0.03 394 2388 100.0 38.52 23.2197
13 154 -0.0008 -0.0005 100.0 518.67 643.1 1592.6 1420.19 14.62 21.61 552.99 2388.15 9100.52 1.3 47.68 521.3 2388.09 8177.23 8.5258 0.03 397 2388 100.0 38.71 23.1891
13 155 0.0006 -0.0002 100.0 518.67 643.08 1596.31 1418.19 14.62 21.61 552.79 2388.1 9100.0 1.3 47.84 520.69 2388.14 8171.05 8.4876 0.03 393 2388 100.0 38.61 23.1587
13 156 0.0034 -0.0 100.0 518.67 643.15 1597.33 1417.49 14.62 21.61 552.05 2388.09 9110.67 1.3 47.76 519.88 2388.1 8174.27 8.476 0.03 394 2388 100.0 38.63 23.122
13 157 0.0063 -0.0004 100.0 518.67 643.09 1594.62 1418.19 14.62 21.61 553.39 2388.12 9105.12 1.3 47.73 520.56 2388.17 8176.72 8.4722 0.03 395 2388 100.0 38.6 23.2293
13 158 -0.001 0.0004 100.0 518.67 642.88 1598.91 1429.89 14.62 21.61 553.29 2388.08 9104.94 1.3 47.98 520.92 2388.08 8178.15 8.4668 0.03 396 2388 100.0 38.71 23.2235
13 159 -0.0005 -0.0001 100.0 518.67 642.78 1592.93 1413.93 14.62 21.61 553.26 2388.12 9102.81 1.3 47.63 520.77 2388.13 8182.07 8.4563 0.03 393 2388 100.0 38.69 23.3128
13 160 -0.0001 -0.0002 100.0 518.67 642.82 1598.88 1420.48 14.62 21.61 552.5 2388.12 9111.49 1.3 47.73 520.43 2388.08 8187.91 8.4883 0.03 394 2388 100.0 38.65 23.2277
13 161 0.0003 -0.0004 100.0 518.67 643.28 1600.04 1424.2 14.62 21.61 552.43 2388.13 9111.3 1.3 47.85 521.12 2388.12 8180.97 8.4859 0.03 394 2388 100.0 38.65 23.0633
13 162 0.003 0.0002 100.0 518.67 643.26 1594.08 1417.0 14.62 21.61 552.15 2388.14 9113.36 1.3 47.73 521.11 2388.18 8180.99 8.4502 0.03 395 2388 100.0 38.73 23.2606
13 163 -0.0004 -0.0 100.0 518.67 643.13 1603.1 1421.52 14.62 21.61 551.98 2388.17 9119.68 1.3 47.78 520.51 2388.14 8188.33 8.4849 0.03 395 2388 100.0 38.65 23.0786
13 164 -0.003 0.0004 100.0 518.67 643.01 1600.11 1425.88 14.62 21.61 553.04 2388.14 9118.01 1.3 47.77 520.45 2388.14 8189.42 8.5156 0.03 398 2388 100.0 38.55 23.2945
13 165 -0.0059 0.0002 100.0 518.67 643.24 1599.92 1419.62 14.62 21.61 552.25 2388.11 9109.81 1.3 48.02 520.53 2388.1 8181.62 8.5193 0.03 397 2388 100.0 38.48 23.244
13 166 0.0023 0.0 100.0 518.67 643.1 1597.15 1433.12 14.62 21.61 552.38 2388.12 9117.04 1.3 48.06 520.34 2388.15 8184.78 8.4774 0.03 395 2388 100.0 38.49 23.1455
13 167 -0.0038 0.0005 100.0 518.67 642.96 1594.18 1425.25 14.62 21.61 552.71 2388.1 9125.1 1.3 47.99 520.32 2388.11 8192.9 8.4742 0.03 395 2388 100.0 38.63 23.1567
13 168 -0.0011 0.0001 100.0 518.67 643.1 1597.17 1413.63 14.62 21.61 552.46 2388.13 9122.18 1.3 47.61 520.77 2388.18 8190.1 8.5236 0.03 398 2388 100.0 38.59 23.0581
13 169 0.0007 0.0003 100.0 518.67 643.49 1591.79 1412.95 14.62 21.61 552.43 2388.16 9125.02 1.3 47.69 520.57 2388.12 8193.71 8.4968 0.03 394 2388 100.0 38.41 23.044
13 170 -0.0016 -0.0004 100.0 518.67 642.85 1605.68 1422.56 14.62 21.61 551.84 2388.14 9130.19 1.3 47.81 520.1 2388.11 8196.05 8.4906 0.03 396 2388 100.0 38.52 23.1321
13 171 -0.0016 -0.0002 100.0 518.67 643.1 1610.05 1424.4 14.62 21.61 552.52 2388.15 9128.12 1.3 47.94 520.72 2388.18 8199.82 8.4945 0.03 395 2388 100.0 38.63 23.1215
13 172 0.0009 0.0003 100.0 518.67 643.37 1597.39 1429.91 14.62 21.61 552.48 2388.09 9133.18 1.3 47.94 520.36 2388.09 8202.45 8.4826 0.03 396 2388 100.0 38.85 23.1178
13 173 -0.0018 -0.0001 100.0 518.67 643.66 1597.71 1423.66 14.62 21.61 552.49 2388.1 9133.37 1.3 48.08 520.04 2388.09 8206.13 8.4726 0.03 397 2388 100.0 38.6 23.1452
13 174 -0.0024 -0.0004 100.0 518.67 643.33 1594.93 1430.32 14.62 21.61 552.83 2388.12 9134.73 1.3 47.89 520.14 2388.11 8204.05 8.4943 0.03 397 2388 100.0 38.46 23.08
13 175 0.0041 0.0004 100.0 518.67 643.66 1597.18 1421.32 14.62 21.61 552.68 2388.12 9136.31 1.3 48.11 520.19 2388.12 8206.3 8.5118 0.03 395 2388 100.0 38.49 23.1666
13 176 0.0014 0.0001 100.0 518.67 643.13 1598.82 1428.12 14.62 21.61 551.61 2388.14 9140.69 1.3 47.87 520.38 2388.14 8202.66 8.497 0.03 395 2388 100.0 38.51 23.1507
13 177 -0.0004 0.0004 100.0 518.67 643.62 1603.61 1427.74 14.62 21.61 551.39 2388.19 9143.57 1.3 48.05 520.18 2388.14 8206.67 8.5093 0.03 396 2388 100.0 38.7 23.1497
13 178 0.0 0.0 100.0 518.67 643.6 1605.95 1430.14 14.62 21.61 552.21 2388.2 9154.24 1.3 47.96 520.37 2388.16 8212.59 8.5015 0.03 396 2388 100.0 38.48 23.2077
13 179 -0.0006 -0.0003 100.0 518.67 643.42 1596.76 1424.83 14.62 21.61 552.2 2388.12 9143.7 1.3 48.01 520.26 2388.17 8212.7 8.4859 0.03 398 2388 100.0 38.48 23.1576
13 180 0.0005 -0.0002 100.0 518.67 643.88 1602.86 1427.58 14.62 21.61 552.16 2388.17 9148.11 1.3 48.01 519.97 2388.19 8206.2 8.5076 0.03 396 2388 100.0 38.46 23.1453
13 181 0.0042 0.0002 100.0 518.67 643.86 1602.25 1422.32 14.62 21.61 552.41 2388.15 9154.54 1.3 48.02 520.74 2388.13 8218.51 8.5266 0.03 397 2388 100.0 38.46 23.1161
13 182 -0.0014 0.0004 100.0 518.67 643.78 1599.16 1429.69 14.62 21.61 551.85 2388.15 9158.3 1.3 47.98 520.37 2388.17 8221.98 8.5637 0.03 396 2388 100.0 38.43 23.0887
13 183 0.0018 -0.0 100.0 518.67 644.24 1598.74 1426.65 14.62 21.61 552.22 2388.17 9153.79 1.3 48.09 520.24 2388.12 8218.38 8.5587 0.03 396 2388 100.0 38.32 23.1135
13 184 -0.0024 0.0002 100.0 518.67 644.02 1603.27 1435.9 14.62 21.61 551.65 2388.18 9163.49 1.3 48.09 520.39 2388.21 8224.93 8.5135 0.03 398 2388 100.0 38.41 23.057
13 185 0.0015 -0.0 100.0 518.67 643.74 1606.61 1429.21 14.62 21.61 551.13 2388.23 9166.55 1.3 48.27 519.97 2388.2 8224.28 8.5094 0.03 398 2388 100.0 38.39 22.9698
77 1 0.0022 0.0002 100.0 518.67 642.24 1595.85 1402.61 14.62 21.61 554.77 2388.01 9054.28 1.3 47.17 521.98 2388.09 8129.7 8.4078 0.03 391 2388 100.0 39.06 23.3802
77 2 25.0041 0.62 60.0 462.54 536.98 1257.67 1042.63 7.05 9.02 175.47 1915.28 8007.24 0.94 36.5 165.09 2028.12 7867.44 10.8732 0.02 307 1915 84.93 14.46 8.6147
77 3 42.0005 0.84 100.0 445.0 549.75 1352.2 1123.14 3.91 5.71 138.49 2211.8 8303.62 1.02 42.16 130.5 2387.79 8082.21 9.3398 0.02 331 2212 100.0 10.37 6.3671
77 4 25.0064 0.62 60.0 462.54 537.19 1261.14 1044.55 7.05 9.02 175.58 1915.22 8003.45 0.94 36.69 165.34 2028.13 7870.12 10.8884 0.02 307 1915 84.93 14.36 8.5605
77 5 0.0008 0.0 100.0 518.67 642.35 1589.62 1404.3 14.62 21.61 553.17 2388.06 9050.05 1.3 47.43 522.09 2388.12 8130.98 8.3869 0.03 393 2388 100.0 39.0 23.3424
77 6 0.0014 0.0001 100.0 518.67 642.18 1587.42 1400.42 14.62 21.61 554.18 2388.12 9043.38 1.3 47.45 522.17 2388.04 8122.69 8.4437 0.03 392 2388 100.0 38.85 23.3125
77 7 0.003 0.0008 100.0 518.67 642.79 1585.22 1397.57 14.62 21.61 553.93 2388.08 9045.2 1.3 47.45 521.8 2388.11 8127.74 8.4468 0.03 392 2388 100.0 39.01 23.3402
77 8 41.9986 0.8409 100.0 445.0 549.6 1344.43 1127.2 3.91 5.71 138.36 2211.89 8318.4 1.02 42.03 130.63 2387.89 8076.44 9.3518 0.02 331 2212 100.0 10.45 6.4238
77 9 0.0023 0.001 100.0 518.67 642.62 1589.73 1404.54 14.62 21.61 554.75 2388.1 9047.88 1.3 47.37 521.83 2388.08 8133.44 8.4247 0.03 392 2388 100.0 38.87 23.4152
77 10 42.0011 0.84 100.0 445.0 549.68 1352.49 1123.34 3.91 5.71 138.69 2211.8 8322.25 1.02 42.02 130.45 2387.84 8079.61 9.3783 0.02 330 2212 100.0 10.56 6.2957
77 11 10.0002 0.25 100.0 489.05 604.74 1504.2 1297.6 10.52 15.49 395.41 2318.91 8771.45 1.26 45.39 372.02 2388.07 8130.78 8.6635 0.03 369 2319 100.0 28.79 17.2086
77 12 25.0049 0.6213 60.0 462.54 536.32 1258.21 1042.46 7.05 9.02 175.19 1915.32 8005.29 0.94 36.72 164.24 2028.12 7870.25 10.8974 0.02 306 1915 84.93 14.27 8.6768
77 13 42.0058 0.8403 100.0 445.0 549.39 1359.05 1127.23 3.91 5.71 139.71 2211.77 8324.52 1.02 41.9 130.5 2387.82 8077.27 9.3846 0.02 329 2212 100.0 10.64 6.4429
77 14 19.9991 0.7002 100.0 491.19 607.24 1478.29 1248.23 9.35 13.65 334.75 2323.91 8724.57 1.08 44.4 315.49 2388.02 8054.7 9.1754 0.02 365 2324 100.0 24.39 14.7634
77 15 0.0029 0.0016 100.0 518.67 642.23 1581.7 1399.92 14.62 21.61 554.08 2388.06 9040.83 1.3 47.35 522.04 2388.08 8128.21 8.3808 0.03 392 2388 100.0 38.94 23.2885
77 16 25.0068 0.6206 60.0 462.54 536.53 1261.39 1045.33 7.05 9.02 175.04 1915.29 8011.1 0.94 36.66 164.64 2028.14 7870.75 10.883 0.02 305 1915 84.93 14.44 8.554
77 17 10.0063 0.2511 100.0 489.05 604.43 1495.6 1302.42 10.52 15.49 394.84 2318.92 8768.69 1.26 45.45 371.49 2388.07 8122.68 8.6413 0.03 369 2319 100.0 28.63 17.2685
77 18 42.0029 0.84 100.0 445.0 549.66 1354.89 1118.58 3.91 5.71 138.72 2211.73 8316.3 1.02 41.96 129.95 2387.85 8078.01 9.3588 0.02 328 2212 100.0 10.69 6.3241
77 19 35.0008 0.8401 100.0 449.44 555.36 1368.83 1122.39 5.48 8.0 194.82 2222.97 8342.92 1.02 41.76 182.8 2387.94 8067.26 9.2989 0.02 334 2223 100.0 14.75 8.8395
77 20 20.0057 0.7 100.0 491.19 608.06 1485.89 1246.05 9.35 13.65 334.28 2323.96 8716.91 1.08 44.49 314.95 2388.07 8055.84 9.1772 0.02 364 2324 100.0 24.57 14.6553
77 21 0.0 0.0 100.0 518.67 642.47 1583.3 1407.56 14.62 21.61 553.72 2388.12 9045.3 1.3 47.47 521.8 2388.05 8134.15 8.4324 0.03 395 2388 100.0 39.03 23.3409
77 22 42.0078 0.8409 100.0 445.0 549.65 1353.17 1124.46 3.91 5.72 138.77 2211.79 8316.23 1.02 42.16 130.81 2387.89 8075.42 9.3562 0.02 330 2212 100.0 10.53 6.4519
77 23 42.0019 0.84 100.0 445.0 549.85 1349.5 1119.43 3.91 5.72 139.01 2211.77 8318.34 1.02 42.04 130.88 2387.88 8074.17 9.3454 0.02 331 2212 100.0 10.6 6.3152
77 24 41.9985 0.84 100.0 445.0 549.74 1350.29 1124.24 3.91 5.71 139.07 2211.76 8316.94 1.02 41.83 130.56 2387.88 8080.65 9.3835 0.02 329 2212 100.0 10.7 6.38
77 25 34.9986 0.84 100.0 449.44 555.51 1364.45 1125.74 5.48 8.0 194.05 2222.84 8345.93 1.02 41.84 183.13 2387.92 8065.06 9.2921 0.02 333 2223 100.0 14.82 8.9464
77 26 0.0021 0.0019 100.0 518.67 642.05 1584.68 1411.61 14.62 21.61 553.88 2388.08 9055.07 1.3 47.24 522.02 2388.1 8133.51 8.4278 0.03 391 2388 100.0 39.02 23.3742
77 27 42.0042 0.8406 100.0 445.0 549.79 1351.9 1133.44 3.91 5.72 138.61 2211.78 8317.69 1.02 42.04 130.65 2387.82 8080.91 9.3584 0.02 331 2212 100.0 10.52 6.3084
77 28 25.0033 0.6203 60.0 462.54 536.69 1260.08 1041.81 7.05 9.03 175.72 1915.3 8004.11 0.94 36.69 164.22 2028.14 7868.63 10.8662 0.02 306 1915 84.93 14.1 8.6156
77 29 10.0003 0.25 100.0 489.05 604.38 1509.02 1297.46 10.52 15.49 395.06 2318.96 8772.39 1.26 45.37 371.95 2388.14 8129.8 8.6508 0.03 368 2319 100.0 28.56 17.0891
77 30 20.0063 0.7008 100.0 491.19 607.47 1478.4 1248.13 9.35 13.66 334.95 2323.98 8709.46 1.08 44.25 315.19 2388.1 8057.37 9.2097 0.02 365 2324 100.0 24.5 14.8056
77 31 20.0018 0.7 100.0 491.19 607.5 1489.76 1249.67 9.35 13.65 335.12 2323.95 8717.68 1.08 44.29 315.17 2387.99 8053.06 9.2064 0.02 365 2324 100.0 24.61 14.8116
77 32 20.0019 0.7003 100.0 491.19 607.3 1487.27 1249.36 9.35 13.65 334.56 2323.94 8712.53 1.08 44.3 314.62 2388.07 8053.09 9.1836 0.02 364 2324 100.0 24.45 14.6632
77 33 0.0004 0.0007 100.0 518.67 641.87 1590.32 1399.98 14.62 21.61 553.67 2388.07 9048.8 1.3 47.43 521.69 2388.07 8127.99 8.4322 0.03 392 2388 100.0 38.8 23.3963
77 34 42.0045 0.84 100.0 445.0 549.51 1353.13 1125.81 3.91 5.72 138.55 2211.85 8317.77 1.02 41.89 130.86 2387.85 8079.64 9.3439 0.02 331 2212 100.0 10.54 6.3786
77 35 20.0005 0.7 100.0 491.19 606.98 1479.3 1255.3 9.35 13.65 334.8 2323.88 8727.66 1.08 44.39 315.35 2388.07 8057.03 9.2162 0.02 365 2324 100.0 24.45 14.7156
77 36 0.0028 0.0017 100.0 518.67 641.98 1590.49 1406.66 14.62 21.61 553.87 2388.07 9044.74 1.3 47.38 521.95 2388.06 8131.47 8.4168 0.03 392 2388 100.0 38.89 23.2795
77 37 35.0026 0.84 100.0 449.44 555.81 1364.5 1125.18 5.48 8.0 194.42 2222.85 8350.54 1.02 41.94 182.91 2387.94 8065.67 9.2809 0.02 334 2223 100.0 14.85 8.9831
77 38 42.0073 0.84 100.0 445.0 549.46 1351.49 1118.04 3.91 5.71 138.77 2211.85 8312.34 1.02 41.91 131.07 2387.87 8079.46 9.3481 0.02 330 2212 100.0 10.66 6.386
77 39 10.006 0.25 100.0 489.05 604.87 1498.44 1310.26 10.52 15.49 394.88 2318.89 8772.51 1.26 45.32 371.6 2388.11 8130.13 8.6631 0.03 368 2319 100.0 28.6 17.0979
77 40 10.0027 0.2518 100.0 489.05 604.71 1498.9 1299.65 10.52 15.49 394.89 2318.9 8783.8 1.26 45.23 371.48 2388.14 8122.67 8.6291 0.03 371 2319 100.0 28.63 17.2565
77 41 20.0071 0.7 100.0 491.19 607.23 1472.63 1245.61 9.35 13.66 335.36 2323.92 8708.35 1.08 44.33 315.52 2388.05 8059.32 9.2067 0.02 364 2324 100.0 24.65 14.6482
77 42 25.0009 0.621 60.0 462.54 537.2 1263.36 1037.25 7.05 9.03 175.31 1915.22 7997.05 0.94 36.68 164.7 2028.16 7872.26 10.8701 0.02 306 1915 84.93 14.14 8.5849
77 43 10.0045 0.25 100.0 489.05 604.91 1500.67 1306.74 10.52 15.49 394.7 2318.95 8770.12 1.26 45.42 371.47 2388.11 8125.68 8.6178 0.03 369 2319 100.0 28.75 17.1921
77 44 0.0018 0.0 100.0 518.67 642.2 1586.0 1400.05 14.62 21.61 553.71 2388.12 9049.84 1.3 47.33 521.47 2388.08 8133.03 8.4236 0.03 393 2388 100.0 38.92 23.3567
77 45 0.0012 0.0 100.0 518.67 642.47 1586.36 1407.35 14.62 21.61 554.14 2388.1 9055.64 1.3 47.43 522.12 2388.11 8128.22 8.4388 0.03 392 2388 100.0 38.78 23.3468
77 46 10.0057 0.2502 100.0 489.05 603.88 1501.09 1299.92 10.52 15.49 394.94 2318.85 8773.95 1.26 45.3 371.53 2388.09 8125.36 8.6441 0.03 370 2319 100.0 28.72 17.1455
77 47 34.999 0.8413 100.0 449.44 555.06 1356.98 1126.56 5.48 8.0 194.11 2222.82 8342.78 1.02 41.89 182.98 2387.92 8062.77 9.31 0.02 334 2223 100.0 14.98 8.8397
77 48 25.0014 0.6213 60.0 462.54 536.33 1255.64 1049.84 7.05 9.03 175.42 1915.24 8005.76 0.94 36.7 164.63 2028.18 7869.71 10.883 0.02 306 1915 84.93 14.15 8.577
77 49 20.0002 0.7006 100.0 491.19 607.87 1486.89 1245.61 9.35 13.66 335.14 2323.91 8711.31 1.08 44.28 315.27 2388.06 8049.67 9.1905 0.02 365 2324 100.0 24.7 14.7685
77 50 42.0044 0.84 100.0 445.0 549.64 1350.59 1125.44 3.91 5.71 138.45 2211.85 8315.28 1.02 41.98 130.54 2387.9 8080.09 9.3526 0.02 329 2212 100.0 10.55 6.4385
77 51 10.008 0.25 100.0 489.05 604.74 1492.57 1312.09 10.52 15.49 394.52 2318.9 8773.87 1.26 45.26 371.49 2388.13 8126.92 8.6285 0.03 368 2319 100.0 28.54 17.1255
77 52 10.006 0.2502 100.0 489.05 604.93 1496.79 1307.74 10.52 15.49 394.66 2318.91 8780.19 1.26 45.24 371.66 2388.05 8130.68 8.6746 0.03 370 2319 100.0 28.55 17.1299
77 53 42.0012 0.8411 100.0 445.0 549.65 1359.42 1122.66 3.91 5.71 137.82 2211.85 8315.31 1.02 41.88 130.76 2387.85 8079.6 9.3495 0.02 330 2212 100.0 10.66 6.3032
77 54 35.0069 0.8414 100.0 449.44 555.44 1361.75 1122.38 5.48 8.0 194.7 2222.88 8341.58 1.02 41.91 183.04 2387.96 8066.22 9.3097 0.02 333 2223 100.0 14.86 8.8766
77 55 20.0068 0.7002 100.0 491.19 607.05 1484.26 1248.08 9.35 13.66 334.7 2323.9 8716.29 1.08 44.3 315.15 2388.07 8062.73 9.2145 0.02 365 2324 100.0 24.59 14.724
77 56 10.0014 0.2518 100.0 489.05 604.53 1494.57 1309.44 10.52 15.49 394.47 2318.98 8768.09 1.26 45.4 371.79 2388.15 8126.09 8.6611 0.03 368 2319 100.0 28.84 17.0329
77 57 35.0059 0.8406 100.0 449.44 555.37 1371.9 1123.11 5.48 8.0 195.3 2222.85 8340.6 1.02 41.77 183.2 2387.92 8057.67 9.3007 0.02 334 2223 100.0 14.89 8.9653
77 58 35.0005 0.841 100.0 449.44 555.19 1365.34 1135.71 5.48 8.0 194.07 2222.92 8344.63 1.02 42.11 183.24 2387.95 8057.78 9.3156 0.02 333 2223 100.0 14.71 9.0276
77 59 42.0067 0.8402 100.0 445.0 549.65 1353.44 1125.57 3.91 5.72 139.24 2211.81 8321.12 1.02 42.06 130.74 2387.91 8077.81 9.3324 0.02 330 2212 100.0 10.53 6.3615
77 60 20.0075 0.7008 100.0 491.19 607.44 1486.3 1255.4 9.35 13.65 334.95 2323.87 8717.38 1.08 44.13 314.85 2388.09 8060.15 9.2304 0.02 364 2324 100.0 24.59 14.8787
77 61 20.0008 0.7 100.0 491.19 607.83 1491.11 1243.78 9.35 13.66 334.89 2323.9 8717.41 1.08 44.32 314.96 2388.03 8054.21 9.2176 0.02 364 2324 100.0 24.41 14.7304
77 62 41.9995 0.84 100.0 445.0 549.34 1359.09 1124.94 3.91 5.71 139.08 2211.8 8316.77 1.02 42.07 130.77 2387.84 8078.97 9.3593 0.02 331 2212 100.0 10.52 6.2384
77 63 0.0003 0.0009 100.0 518.67 641.81 1588.25 1406.33 14.62 21.61 553.83 2388.06 9047.56 1.3 47.48 521.81 2388.09 8130.34 8.4009 0.03 390 2388 100.0 38.94 23.43
77 64 42.0004 0.8404 100.0 445.0 549.53 1354.12 1122.86 3.91 5.72 138.63 2211.83 8321.36 1.02 42.06 131.03 2387.84 8084.45 9.373 0.02 329 2212 100.0 10.75 6.3886
77 65 25.0058 0.62 60.0 462.54 536.7 1266.09 1046.83 7.05 9.02 175.83 1915.31 8007.89 0.94 36.71 164.69 2028.09 7863.84 10.8747 0.02 308 1915 84.93 14.31 8.5628
77 66 25.0003 0.62 60.0 462.54 536.38 1255.14 1045.84 7.05 9.02 175.94 1915.25 8006.89 0.94 36.68 165.1 2028.14 7866.68 10.9002 0.02 305 1915 84.93 14.48 8.5347
77 67 42.008 0.84 100.0 445.0 549.13 1350.7 1127.8 3.91 5.71 138.81 2211.76 8310.72 1.02 41.98 130.7 2387.82 8077.44 9.3395 0.02 331 2212 100.0 10.41 6.3714
77 68 42.0022 0.84 100.0 445.0 549.7 1344.63 1124.99 3.91 5.72 138.51 2211.81 8311.09 1.02 42.14 130.74 2387.84 8079.06 9.3683 0.02 330 2212 100.0 10.64 6.3245
77 69 9.9982 0.2506 100.0 489.05 604.55 1509.96 1304.31 10.52 15.49 394.87 2318.92 8767.67 1.26 45.44 371.62 2388.13 8127.57 8.6518 0.03 368 2319 100.0 28.64 17.0677
77 70 10.0058 0.2504 100.0 489.05 604.5 1500.07 1320.5 10.52 15.49 395.62 2318.91 8771.02 1.26 45.28 371.82 2388.1 8122.82 8.659 0.03 368 2319 100.0 28.76 17.1377
77 71 42.0069 0.84 100.0 445.0 549.57 1355.11 1125.47 3.91 5.71 138.61 2211.75 8319.96 1.02 42.11 130.51 2387.86 8080.39 9.3819 0.02 329 2212 100.0 10.83 6.4163
77 72 10.0017 0.25 100.0 489.05 604.77 1495.62 1310.61 10.52 15.49 393.92 2318.95 8772.43 1.26 45.36 371.86 2388.11 8125.06 8.6467 0.03 369 2319 100.0 28.48 17.1636
77 73 42.0047 0.84 100.0 445.0 549.41 1354.12 1126.25 3.91 5.72 137.83 2211.74 8313.75 1.02 42.06 130.53 2387.82 8075.39 9.3459 0.02 330 2212 100.0 10.54 6.3337
77 74 42.0079 0.84 100.0 445.0 549.42 1356.62 1125.37 3.91 5.72 139.16 2211.82 8317.29 1.02 42.1 130.47 2387.92 8081.33 9.3816 0.02 333 2212 100.0 10.61 6.3524
77 75 35.0019 0.84 100.0 449.44 555.51 1357.37 1128.37 5.48 8.0 194.55 2222.83 8342.27 1.02 42.2 183.03 2387.9 8058.22 9.3264 0.02 333 2223 100.0 14.61 8.7717
77 76 42.0042 0.84 100.0 445.0 549.15 1353.56 1126.24 3.91 5.72 139.1 2211.79 8317.71 1.02 42.09 130.59 2387.92 8081.35 9.3298 0.02 330 2212 100.0 10.45 6.4351
77 77 0.0012 0.0 100.0 518.67 642.87 1584.96 1402.02 14.62 21.61 553.87 2388.08 9049.79 1.3 47.31 521.84 2388.04 8128.5 8.45 0.03 395 2388 100.0 38.7 23.3494
77 78 10.008 0.25 100.0 489.05 604.92 1499.5 1312.61 10.52 15.49 393.7 2318.93 8769.53 1.26 45.29 371.9 2388.13 8122.67 8.6482 0.03 368 2319 100.0 28.43 17.1381
77 79 10.0027 0.25 100.0 489.05 604.82 1499.71 1304.61 10.52 15.49 394.31 2318.91 8774.7 1.26 45.47 371.51 2388.13 8123.7 8.6909 0.03 369 2319 100.0 28.54 17.0898
77 80 41.9994 0.84 100.0 445.0 549.35 1345.14 1128.83 3.91 5.71 138.74 2211.76 8307.67 1.02 42.05 130.83 2387.84 8072.56 9.3551 0.02 330 2212 100.0 10.7 6.4182
77 81 9.9986 0.2503 100.0 489.05 603.98 1495.73 1305.85 10.52 15.49 394.49 2318.86 8776.49 1.26 45.41 371.47 2388.11 8130.75 8.6492 0.03 369 2319 100.0 28.58 17.0782
77 82 24.9992 0.62 60.0 462.54 536.84 1263.34 1048.77 7.05 9.02 175.1 1915.34 8014.15 0.94 36.62 165.21 2028.21 7869.41 10.8726 0.02 307 1915 84.93 14.28 8.5446
77 83 42.0027 0.84 100.0 445.0 548.8 1354.24 1128.62 3.91 5.71 138.81 2211.84 8313.09 1.02 42.07 130.65 2387.87 8080.92 9.3501 0.02 330 2212 100.0 10.65 6.4657
77 84 42.0056 0.8409 100.0 445.0 549.35 1350.67 1125.88 3.91 5.71 139.18 2211.78 8316.2 1.02 42.31 131.08 2387.84 8081.5 9.363 0.02 330 2212 100.0 10.68 6.3843
77 85 42.0011 0.84 100.0 445.0 549.37 1356.5 1128.15 3.91 5.72 138.45 2211.85 8323.37 1.02 41.91 129.99 2387.91 8077.18 9.3704 0.02 330 2212 100.0 10.76 6.3084
77 86 42.0068 0.84 100.0 445.0 549.75 1357.34 1119.84 3.91 5.71 139.2 2211.79 8318.74 1.02 42.26 131.18 2387.84 8076.61 9.361 0.02 330 2212 100.0 10.59 6.372
77 87 20.0025 0.7018 100.0 491.19 607.02 1485.15 1251.43 9.35 13.65 333.91 2323.96 8713.56 1.07 44.49 314.92 2388.08 8054.79 9.2561 0.02 365 2324 100.0 24.48 14.7551
77 88 25.0014 0.62 60.0 462.54 536.93 1265.34 1050.92 7.05 9.03 175.56 1915.22 8004.18 0.94 36.75 164.54 2028.12 7868.3 10.9144 0.02 307 1915 84.93 14.27 8.6199
77 89 34.9995 0.84 100.0 449.44 555.57 1371.52 1131.66 5.48 8.0 194.97 2222.9 8346.11 1.02 41.84 182.75 2387.94 8062.96 9.2723 0.02 332 2223 100.0 14.96 8.8947
77 90 0.0029 0.0014 100.0 518.67 642.57 1586.39 1408.99 14.62 21.61 553.52 2388.08 9047.92 1.3 47.43 521.38 2388.09 8127.59 8.4413 0.03 394 2388 100.0 38.7 23.1775
77 91 25.001 0.6218 60.0 462.54 536.86 1261.64 1046.57 7.05 9.03 175.19 1915.27 8011.05 0.94 36.84 164.53 2028.17 7870.44 10.8759 0.02 305 1915 84.93 14.26 8.5706
77 92 42.0047 0.84 100.0 445.0 549.2 1352.4 1121.82 3.91 5.72 139.0 2211.77 8315.91 1.02 42.03 130.45 2387.82 8076.46 9.358 0.02 331 2212 100.0 10.51 6.3523
77 93 0.0012 0.0 100.0 518.67 642.34 1590.23 1407.43 14.62 21.61 552.91 2388.1 9051.24 1.3 47.69 521.35 2388.13 8130.08 8.4434 0.03 393 2388 100.0 38.81 23.3649
77 94 25.0004 0.62 60.0 462.54 536.7 1267.56 1052.84 7.05 9.03 176.01 1915.27 8005.94 0.94 36.68 165.09 2028.16 7869.76 10.9118 0.02 307 1915 84.93 14.33 8.5536
77 95 0.0021 0.0 100.0 518.67 642.85 1588.59 1407.16 14.62 21.61 554.31 2388.08 9054.7 1.3 47.58 521.52 2388.12 8134.68 8.421 0.03 394 2388 100.0 38.91 23.2626
77 96 0.0014 0.0007 100.0 518.67 643.07 1590.67 1407.98 14.62 21.61 553.21 2388.15 9049.31 1.3 47.51 521.97 2388.13 8138.75 8.4664 0.03 394 2388 100.0 39.04 23.296
77 97 0.002 0.0015 100.0 518.67 643.27 1587.41 1406.71 14.62 21.61 553.28 2388.12 9053.54 1.3 47.65 521.73 2388.15 8131.24 8.4591 0.03 393 2388 100.0 38.89 23.2399
77 98 19.998 0.7 100.0 491.19 607.26 1482.79 1260.87 9.35 13.66 334.76 2323.98 8719.83 1.08 44.46 314.96 2388.09 8062.72 9.2184 0.02 364 2324 100.0 24.4 14.7079
77 99 24.9991 0.62 60.0 462.54 536.78 1261.74 1050.98 7.05 9.03 175.08 1915.26 8012.16 0.94 36.77 164.94 2028.13 7866.68 10.884 0.02 309 1915 84.93 14.32 8.5325
77 100 34.9992 0.84 100.0 449.44 555.71 1366.37 1129.03 5.48 8.0 193.8 2222.87 8340.37 1.02 42.06 182.8 2387.96 8061.54 9.3222 0.02 334 2223 100.0 14.89 8.8733
77 101 41.9982 0.8406 100.0 445.0 549.25 1349.35 1133.81 3.91 5.72 138.8 2211.88 8313.21 1.02 42.12 130.4 2387.86 8079.17 9.3783 0.02 332 2212 100.0 10.32 6.3666
77 102 25.007 0.621 60.0 462.54 537.14 1270.71 1048.4 7.05 9.03 174.93 1915.26 8005.67 0.94 36.67 165.0 2028.16 7866.05 10.9033 0.02 307 1915 84.93 14.2 8.5596
77 103 42.0076 0.8412 100.0 445.0 549.48 1358.77 1128.27 3.91 5.72 138.53 2211.77 8319.28 1.02 42.02 130.76 2387.92 8080.57 9.338 0.02 330 2212 100.0 10.49 6.4094
77 104 20.001 0.7007 100.0 491.19 607.33 1483.19 1248.48 9.35 13.66 334.86 2323.95 8724.67 1.08 44.56 314.35 2388.09 8058.35 9.1982 0.02 365 2324 100.0 24.47 14.6376
77 105 20.0056 0.7 100.0 491.19 607.82 1480.35 1251.54 9.35 13.66 334.42 2323.97 8726.27 1.07 44.48 314.85 2388.06 8059.56 9.2065 0.02 364 2324 100.0 24.53 14.6206
77 106 42.0066 0.8413 100.0 445.0 550.25 1360.14 1124.72 3.91 5.72 138.93 2211.84 8318.75 1.02 42.12 130.26 2387.96 8080.98 9.3699 0.02 332 2212 100.0 10.79 6.3007
77 107 10.0045 0.2514 100.0 489.05 604.78 1504.16 1307.17 10.52 15.49 394.23 2318.96 8771.61 1.26 45.5 371.86 2388.19 8123.42 8.6277 0.03 369 2319 100.0 28.46 17.1487
77 108 24.9999 0.6213 60.0 462.54 537.03 1255.28 1047.68 7.05 9.03 175.55 1915.29 8009.57 0.94 36.7 164.78 2028.19 7873.29 10.8992 0.02 307 1915 84.93 14.39 8.5419
77 109 42.0016 0.84 100.0 445.0 549.52 1354.49 1124.69 3.91 5.72 138.55 2211.75 8309.8 1.02 42.18 131.04 2387.83 8077.3 9.385 0.02 330 2212 100.0 10.62 6.3647
77 110 0.0029 0.0008 100.0 518.67 642.8 1594.46 1413.88 14.62 21.61 552.85 2388.14 9045.33 1.3 47.68 521.21 2388.16 8131.97 8.4553 0.03 394 2388 100.0 38.91 23.3423
77 111 42.0005 0.84 100.0 445.0 549.89 1361.01 1125.43 3.91 5.71 138.68 2211.83 8320.11 1.02 42.3 130.89 2387.84 8079.77 9.3725 0.02 330 2212 100.0 10.64 6.3596
77 112 0.0014 0.0015 100.0 518.67 642.18 1588.71 1410.11 14.62 21.61 553.38 2388.16 9045.8 1.3 47.67 521.75 2388.12 8134.72 8.48 0.03 392 2388 100.0 39.02 23.3172
77 113 42.0004 0.84 100.0 445.0 549.18 1347.03 1126.56 3.91 5.71 138.19 2211.8 8320.44 1.02 42.16 130.2 2387.83 8083.88 9.3828 0.02 333 2212 100.0 10.56 6.3426
77 114 24.9988 0.6206 60.0 462.54 536.45 1264.79 1046.19 7.05 9.03 174.93 1915.24 8001.98 0.94 36.8 164.62 2028.18 7871.05 10.9323 0.02 307 1915 84.93 14.31 8.4945
77 115 35.0051 0.84 100.0 449.44 556.02 1361.85 1135.56 5.48 8.0 194.85 2222.96 8345.59 1.02 42.04 182.62 2388.0 8057.74 9.321 0.02 335 2223 100.0 14.9 8.9356
77 116 0.0012 0.0 100.0 518.67 643.01 1591.13 1403.56 14.62 21.61 553.88 2388.1 9046.27 1.3 47.6 521.06 2388.16 8135.18 8.4232 0.03 393 2388 100.0 38.97 23.1849
77 117 42.0062 0.8405 100.0 445.0 549.41 1363.35 1129.19 3.91 5.72 137.85 2211.8 8319.22 1.02 42.17 130.48 2387.85 8082.94 9.3955 0.02 332 2212 100.0 10.66 6.3552
77 118 10.006 0.2506 100.0 489.05 605.07 1505.41 1302.49 10.52 15.49 393.73 2318.91 8780.81 1.26 45.58 371.35 2388.17 8127.16 8.6574 0.03 368 2319 100.0 28.5 17.145
77 119 10.0076 0.25 100.0 489.05 605.13 1510.53 1310.74 10.52 15.5 394.09 2318.98 8778.36 1.26 45.44 371.47 2388.2 8123.9 8.6932 0.03 370 2319 100.0 28.38 17.1113
77 120 35.0011 0.8416 100.0 449.44 556.2 1365.38 1133.22 5.48 8.0 194.36 2222.88 8349.5 1.02 41.9 182.64 2387.93 8063.69 9.2861 0.02 334 2223 100.0 14.79 8.884
77 121 42.0046 0.8405 100.0 445.0 549.38 1355.78 1122.32 3.91 5.72 138.42 2211.79 8319.66 1.02 42.18 130.38 2387.85 8082.73 9.3517 0.02 330 2212 100.0 10.51 6.3779
77 122 10.0018 0.2509 100.0 489.05 605.35 1499.42 1316.17 10.52 15.49 393.47 2318.95 8779.66 1.26 45.42 370.85 2388.16 8130.88 8.6418 0.03 369 2319 100.0 28.42 17.1411
77 123 20.0074 0.7011 100.0 491.19 607.34 1486.85 1255.94 9.35 13.66 334.95 2324.0 8722.55 1.08 44.53 314.86 2388.14 8058.38 9.2274 0.02 365 2324 100.0 24.39 14.6329
77 124 42.0038 0.84 100.0 445.0 549.39 1351.1 1131.0 3.91 5.72 139.08 2211.78 8318.7 1.02 42.27 130.61 2387.83 8078.22 9.3833 0.02 330 2212 100.0 10.54 6.361
77 125 19.9982 0.7003 100.0 491.19 608.22 1490.51 1252.37 9.35 13.66 334.45 2324.03 8720.44 1.08 44.56 315.4 2388.12 8056.74 9.2689 0.02 365 2324 100.0 24.63 14.6083
77 126 35.0045 0.8404 100.0 449.44 555.97 1368.69 1137.41 5.48 8.0 194.01 2222.86 8350.61 1.02 41.9 182.98 2387.96 8062.83 9.3313 0.02 334 2223 100.0 14.86 8.9599
77 127 9.9995 0.2512 100.0 489.05 605.41 1509.31 1316.61 10.52 15.5 393.91 2318.94 8766.71 1.26 45.67 371.45 2388.16 8124.14 8.6533 0.03 370 2319 100.0 28.46 17.083
77 128 10.0044 0.25 100.0 489.05 604.81 1506.34 1314.78 10.52 15.49 394.54 2319.02 8780.23 1.26 45.74 371.41 2388.19 8127.71 8.7033 0.03 371 2319 100.0 28.51 17.1687
77 129 10.0039 0.2517 100.0 489.05 605.11 1498.34 1318.51 10.52 15.49 394.05 2318.97 8782.37 1.26 45.57 371.53 2388.15 8128.99 8.6893 0.03 371 2319 100.0 28.65 17.0921
77 130 41.9989 0.84 100.0 445.0 549.76 1354.93 1128.3 3.91 5.71 138.45 2211.73 8325.12 1.02 42.09 130.62 2387.85 8080.24 9.3511 0.02 330 2212 100.0 10.57 6.3352
77 131 42.0051 0.84 100.0 445.0 550.09 1360.94 1129.81 3.91 5.72 138.38 2211.82 8325.98 1.02 42.2 130.59 2387.88 8082.6 9.3541 0.02 330 2212 100.0 10.59 6.3811
77 132 42.0078 0.84 100.0 445.0 550.06 1355.55 1134.15 3.91 5.71 138.62 2211.78 8324.76 1.02 42.33 130.1 2387.83 8082.67 9.408 0.02 330 2212 100.0 10.72 6.4631
77 133 41.999 0.84 100.0 445.0 549.66 1349.24 1133.47 3.91 5.72 138.51 2211.8 8326.33 1.02 42.39 130.59 2387.82 8078.95 9.3942 0.02 332 2212 100.0 10.6 6.3046
77 134 0.0002 0.0015 100.0 518.67 642.83 1592.75 1413.02 14.62 21.61 552.95 2388.15 9047.67 1.3 47.59 520.14 2388.12 8136.41 8.4602 0.03 394 2388 100.0 38.94 23.0963
77 135 25.0003 0.62 60.0 462.54 536.34 1270.72 1050.23 7.05 9.02 175.18 1915.27 8011.67 0.94 36.74 164.16 2028.19 7875.73 10.9414 0.02 307 1915 84.93 14.29 8.4403
77 136 20.0078 0.7005 100.0 491.19 607.61 1488.63 1263.32 9.35 13.66 333.94 2324.03 8723.73 1.07 44.53 314.1 2388.13 8052.0 9.2682 0.02 366 2324 100.0 24.33 14.6765
77 137 0.0013 0.0 100.0 518.67 643.3 1591.87 1413.09 14.62 21.61 552.72 2388.11 9054.44 1.3 47.66 520.88 2388.16 8133.49 8.4747 0.03 395 2388 100.0 38.8 23.3136
77 138 10.0014 0.2503 100.0 489.05 605.13 1503.97 1317.95 10.52 15.5 394.11 2319.03 8783.15 1.26 45.58 371.14 2388.23 8125.48 8.6674 0.03 371 2319 100.0 28.44 17.1175
77 139 19.999 0.7 100.0 491.19 607.63 1484.85 1257.13 9.35 13.66 335.28 2324.0 8723.71 1.08 44.51 314.66 2388.11 8058.33 9.2837 0.03 366 2324 100.0 24.31 14.6133
77 140 10.004 0.25 100.0 489.05 605.46 1504.57 1318.51 10.52 15.49 393.46 2319.02 8777.06 1.26 45.67 371.17 2388.21 8123.25 8.6928 0.03 372 2319 100.0 28.34 17.0778
77 141 42.0018 0.8402 100.0 445.0 549.95 1356.7 1129.0 3.91 5.72 138.19 2211.75 8315.7 1.02 42.42 130.52 2387.82 8079.1 9.4097 0.02 332 2212 100.0 10.58 6.355
77 142 25.0002 0.6217 60.0 462.54 536.72 1272.92 1056.57 7.05 9.03 175.13 1915.29 8008.96 0.94 36.75 164.88 2028.15 7868.06 10.9172 0.02 307 1915 84.93 14.37 8.3944
77 143 24.9986 0.62 60.0 462.54 537.07 1267.9 1049.63 7.05 9.03 175.19 1915.22 8006.43 0.94 36.92 164.72 2028.15 7872.33 10.9618 0.02 308 1915 84.93 14.36 8.5577
77 144 35.0073 0.8403 100.0 449.44 556.02 1369.19 1139.57 5.48 8.0 194.42 2222.91 8352.3 1.02 42.11 183.02 2387.96 8064.99 9.365 0.02 334 2223 100.0 14.72 8.8371
77 145 42.0032 0.84 100.0 445.0 549.91 1352.32 1131.79 3.91 5.72 137.91 2211.82 8323.19 1.02 42.32 130.73 2387.88 8083.09 9.4078 0.02 332 2212 100.0 10.5 6.3625
77 146 35.0071 0.842 100.0 449.44 555.8 1369.59 1138.07 5.48 8.0 193.7 2222.86 8355.5 1.02 42.18 182.84 2387.9 8059.48 9.3567 0.02 335 2223 100.0 14.95 8.9384
77 147 25.0037 0.6202 60.0 462.54 537.01 1265.37 1058.37 7.05 9.03 174.91 1915.31 8012.69 0.94 37.02 164.26 2028.18 7870.51 10.9305 0.02 307 1915 84.93 14.21 8.4892
77 148 20.0032 0.7002 100.0 491.19 607.84 1482.33 1252.5 9.35 13.66 334.26 2324.01 8728.9 1.08 44.68 314.75 2388.17 8055.22 9.3003 0.03 365 2324 100.0 24.33 14.5846
77 149 42.0064 0.84 100.0 445.0 550.48 1356.25 1132.0 3.91 5.71 138.85 2211.83 8323.45 1.02 42.45 129.61 2387.87 8081.78 9.389 0.02 333 2212 100.0 10.28 6.3472
77 150 0.0008 0.0005 100.0 518.67 642.56 1598.84 1417.25 14.62 21.61 552.48 2388.17 9055.63 1.3 47.85 521.14 2388.14 8125.78 8.475 0.03 394 2388 100.0 38.58 23.2925
77 151 20.0035 0.7014 100.0 491.19 608.11 1480.37 1251.05 9.35 13.66 334.14 2324.0 8730.73 1.07 44.62 314.36 2388.14 8057.47 9.2453 0.02 366 2324 100.0 24.42 14.603
77 152 20.0077 0.7 100.0 491.19 607.51 1491.14 1262.98 9.35 13.66 334.15 2324.01 8715.58 1.07 44.77 314.34 2388.14 8057.1 9.259 0.02 368 2324 100.0 24.57 14.6863
77 153 19.9983 0.7 100.0 491.19 607.78 1490.15 1265.43 9.35 13.66 333.54 2324.05 8726.19 1.08 44.69 314.87 2388.17 8056.87 9.2841 0.03 366 2324 100.0 24.49 14.5684
77 154 0.0024 0.0017 100.0 518.67 643.37 1591.55 1418.07 14.62 21.61 551.95 2388.21 9058.92 1.3 47.76 520.79 2388.19 8130.76 8.4557 0.03 394 2388 100.0 38.71 23.2245
77 155 0.0015 0.0 100.0 518.67 643.49 1597.82 1425.59 14.62 21.61 552.82 2388.22 9070.88 1.3 47.92 520.63 2388.14 8133.31 8.4939 0.03 396 2388 100.0 38.52 23.125
77 156 42.0075 0.8419 100.0 445.0 550.07 1365.68 1133.12 3.91 5.71 138.65 2211.75 8321.34 1.02 42.26 130.2 2387.77 8079.26 9.4135 0.02 332 2212 100.0 10.51 6.3748
77 157 25.0014 0.62 60.0 462.54 536.98 1262.73 1061.26 7.05 9.03 174.4 1915.22 8013.54 0.94 37.18 164.65 2028.16 7872.0 10.9683 0.02 307 1915 84.93 14.18 8.501
77 158 42.0071 0.8417 100.0 445.0 550.16 1360.13 1131.26 3.91 5.72 138.07 2211.81 8321.52 1.02 42.18 130.49 2387.89 8083.65 9.4254 0.02 332 2212 100.0 10.6 6.3467
77 159 25.0024 0.62 60.0 462.54 537.25 1269.19 1052.26 7.05 9.03 175.44 1915.27 8010.65 0.94 36.87 164.02 2028.14 7876.17 10.9233 0.02 308 1915 84.93 14.12 8.5092
77 160 20.003 0.7003 100.0 491.19 608.17 1493.64 1254.25 9.35 13.66 333.45 2324.01 8722.95 1.08 44.82 314.8 2388.14 8057.04 9.2739 0.03 367 2324 100.0 24.33 14.5711
77 161 10.007 0.25 100.0 489.05 605.23 1508.05 1315.0 10.52 15.5 393.43 2319.09 8771.95 1.26 45.91 370.75 2388.29 8125.49 8.7174 0.03 370 2319 100.0 28.44 17.0874
77 162 20.007 0.7 100.0 491.19 608.11 1501.8 1266.49 9.35 13.66 334.58 2324.03 8718.83 1.08 44.73 314.44 2388.17 8052.74 9.2869 0.03 368 2324 100.0 24.26 14.4777
77 163 42.0067 0.841 100.0 445.0 549.92 1361.97 1138.02 3.91 5.72 138.55 2211.72 8324.67 1.02 42.52 129.95 2387.8 8081.5 9.4607 0.02 332 2212 100.0 10.54 6.2602
77 164 10.0017 0.2506 100.0 489.05 605.58 1504.81 1321.3 10.52 15.5 394.15 2319.1 8770.5 1.26 45.7 370.63 2388.32 8128.81 8.6938 0.03 371 2319 100.0 28.48 17.0499
77 165 35.007 0.8419 100.0 449.44 556.11 1375.9 1145.02 5.48 8.0 194.03 2222.94 8354.83 1.02 42.3 182.49 2388.03 8057.16 9.3752 0.02 336 2223 100.0 14.55 8.7686
77 166 10.0017 0.25 100.0 489.05 605.9 1512.61 1321.6 10.52 15.5 392.88 2319.06 8781.79 1.26 45.72 371.44 2388.33 8126.44 8.6894 0.03 370 2319 100.0 28.36 16.9707
77 167 9.9982 0.251 100.0 489.05 605.96 1502.75 1325.58 10.52 15.5 393.86 2319.1 8779.65 1.26 45.82 370.69 2388.28 8120.67 8.7426 0.03 370 2319 100.0 28.39 16.9961
77 168 34.9989 0.84 100.0 449.44 556.19 1365.69 1148.24 5.48 8.0 194.22 2222.93 8355.39 1.02 42.31 182.65 2387.89 8064.86 9.3713 0.02 335 2223 100.0 14.7 8.8412
77 169 0.0023 0.0018 100.0 518.67 643.92 1598.37 1426.98 14.62 21.61 551.35 2388.21 9054.5 1.3 47.72 520.39 2388.27 8133.94 8.5322 0.03 397 2388 100.0 38.7 23.0888
77 170 10.0071 0.2509 100.0 489.05 605.73 1504.12 1320.2 10.52 15.5 393.02 2319.16 8779.32 1.26 45.84 370.19 2388.36 8121.81 8.7146 0.03 372 2319 100.0 28.26 17.0071
77 171 20.0025 0.7009 100.0 491.19 608.07 1493.39 1263.21 9.35 13.66 333.56 2324.11 8724.12 1.08 44.85 313.91 2388.27 8059.48 9.2929 0.03 366 2324 100.0 24.26 14.6354
77 172 25.0026 0.6217 60.0 462.54 537.03 1268.71 1066.61 7.05 9.03 175.39 1915.26 8012.34 0.94 37.03 164.28 2028.15 7869.62 10.9777 0.02 309 1915 84.93 13.99 8.5447
77 173 9.9992 0.2514 100.0 489.05 606.15 1505.86 1332.72 10.52 15.5 394.18 2319.19 8777.49 1.26 45.99 370.34 2388.3 8127.38 8.6829 0.03 372 2319 100.0 28.24 17.0512
77 174 35.0067 0.84 100.0 449.44 556.16 1375.27 1139.64 5.48 8.0 193.63 2222.94 8355.53 1.02 42.41 182.58 2388.03 8067.07 9.3996 0.02 336 2223 100.0 14.6 8.7334
77 175 10.0033 0.251 100.0 489.05 605.45 1517.58 1329.72 10.52 15.5 393.13 2319.11 8785.11 1.26 45.97 370.58 2388.3 8122.63 8.7173 0.03 373 2319 100.0 28.34 16.9332
77 176 20.0017 0.7004 100.0 491.19 608.59 1493.08 1270.31 9.35 13.66 333.47 2324.08 8728.52 1.07 44.88 313.58 2388.21 8059.33 9.3298 0.03 368 2324 100.0 24.4 14.5502
77 177 41.9983 0.84 100.0 445.0 551.03 1362.36 1140.04 3.91 5.72 137.58 2211.73 8317.48 1.02 42.51 130.22 2387.76 8076.9 9.4821 0.02 334 2212 100.0 10.29 6.367
77 178 41.9992 0.8418 100.0 445.0 550.9 1373.18 1136.64 3.91 5.71 138.48 2211.75 8320.93 1.02 42.56 130.06 2387.79 8080.65 9.4139 0.02 334 2212 100.0 10.57 6.3292
77 179 25.0023 0.6203 60.0 462.54 536.81 1273.29 1074.97 7.05 9.03 174.72 1915.25 8004.32 0.94 37.25 164.01 2028.15 7876.45 10.983 0.02 311 1915 84.93 14.15 8.5866
77 180 35.0061 0.84 100.0 449.44 556.83 1376.06 1150.0 5.48 8.0 194.35 2222.93 8350.52 1.02 42.46 182.65 2387.99 8064.76 9.4053 0.02 335 2223 100.0 14.69 8.8734
77 181 35.0063 0.84 100.0 449.44 556.18 1373.31 1141.04 5.48 8.0 193.06 2222.93 8354.93 1.02 42.51 182.42 2388.05 8056.71 9.3677 0.02 337 2223 100.0 14.78 8.8819
77 182 10.0053 0.2502 100.0 489.05 605.78 1512.76 1329.95 10.52 15.5 392.54 2319.2 8780.83 1.26 46.12 369.98 2388.39 8121.57 8.7407 0.03 372 2319 100.0 28.21 17.0714
77 183 20.0065 0.7 100.0 491.19 608.84 1488.56 1271.07 9.35 13.66 333.57 2324.14 8727.13 1.07 44.97 313.64 2388.24 8059.48 9.289 0.03 368 2324 100.0 24.3 14.5337
77 184 35.0037 0.8407 100.0 449.44 556.71 1369.42 1147.62 5.48 8.0 193.38 2222.88 8354.88 1.02 42.66 182.75 2387.97 8059.21 9.4371 0.02 337 2223 100.0 14.79 8.7983
77 185 0.0009 0.0019 100.0 518.67 643.8 1599.54 1435.08 14.62 21.61 550.63 2388.29 9053.06 1.3 48.34 519.46 2388.27 8122.42 8.5073 0.03 397 2388 100.0 38.3 23.0522
235 1 35.0078 0.84 100.0 449.44 554.74 1360.77 1122.43 5.48 7.99 195.69 2223.01 8350.57 1.03 41.67 183.91 2388.14 8073.58 9.2498 0.02 333 2223 100.0 14.88 8.8661
235 2 9.9994 0.2515 100.0 489.05 604.28 1493.88 1300.02 10.52 15.48 396.99 2318.91 8787.57 1.26 45.23 373.03 2388.09 8139.77 8.6424 0.03 368 2319 100.0 28.7 17.2417
235 3 41.9998 0.84 100.0 445.0 549.71 1351.56 1121.02 3.91 5.71 139.33 2212.01 8325.36 1.03 42.06 130.87 2388.11 8096.07 9.2844 0.02 331 2212 100.0 10.56 6.455
235 4 25.0056 0.6202 60.0 462.54 536.35 1253.92 1045.34 7.05 9.02 176.39 1915.4 8012.29 0.94 36.36 165.7 2028.33 7873.68 10.8159 0.02 305 1915 84.93 14.19 8.5871
235 5 25.0018 0.62 60.0 462.54 536.86 1256.8 1041.4 7.05 9.02 176.62 1915.39 8013.67 0.94 36.52 165.33 2028.32 7880.43 10.8023 0.02 307 1915 84.93 14.38 8.6597
235 6 0.002 0.0 100.0 518.67 642.43 1584.1 1397.06 14.62 21.6 556.36 2388.03 9051.7 1.3 47.25 524.4 2388.02 8144.28 8.38 0.03 392 2388 100.0 39.2 23.4443
235 7 35.0042 0.84 100.0 449.44 555.29 1360.91 1126.22 5.48 7.99 195.26 2222.99 8358.24 1.03 41.77 184.25 2388.12 8076.1 9.2536 0.02 333 2223 100.0 14.85 9.009
235 8 20.0057 0.7 100.0 491.19 606.94 1484.81 1241.93 9.35 13.64 336.27 2324.01 8731.33 1.08 44.13 316.78 2388.12 8064.5 9.1127 0.02 364 2324 100.0 24.71 14.7763
235 9 0.0003 0.0003 100.0 518.67 641.79 1589.14 1398.68 14.62 21.6 556.02 2388.07 9064.62 1.3 47.2 524.85 2388.1 8143.84 8.346 0.03 394 2388 100.0 39.15 23.507
235 10 9.9993 0.25 100.0 489.05 604.53 1490.28 1304.31 10.52 15.48 396.17 2318.88 8781.9 1.26 45.26 373.07 2388.1 8135.75 8.6053 0.03 368 2319 100.0 28.93 17.1611
235 11 25.0076 0.6203 60.0 462.54 536.03 1251.49 1051.33 7.05 9.02 175.72 1915.4 8012.24 0.94 36.7 165.45 2028.29 7873.61 10.7927 0.02 305 1915 84.93 14.51 8.6228
235 12 10.0045 0.25 100.0 489.05 604.05 1495.2 1296.54 10.52 15.48 396.71 2318.92 8789.89 1.26 45.15 373.27 2388.12 8136.61 8.5486 0.03 369 2319 100.0 28.88 17.2138
235 13 35.0077 0.8404 100.0 449.44 554.98 1365.08 1127.4 5.48 7.99 195.61 2223.03 8351.51 1.03 41.77 183.51 2388.11 8072.55 9.2661 0.02 335 2223 100.0 14.92 8.9377
235 14 25.0079 0.6212 60.0 462.54 536.85 1257.98 1041.76 7.05 9.02 176.76 1915.42 8017.98 0.94 36.67 165.0 2028.29 7881.85 10.8416 0.02 306 1915 84.93 14.31 8.6406
235 15 10.004 0.25 100.0 489.05 604.68 1498.94 1302.77 10.52 15.48 396.49 2318.94 8776.91 1.26 45.29 373.55 2388.03 8134.31 8.5633 0.03 370 2319 100.0 28.81 17.3091
235 16 25.0071 0.6218 60.0 462.54 536.64 1260.98 1043.87 7.05 9.02 176.08 1915.36 8008.96 0.94 36.5 165.67 2028.28 7882.68 10.8257 0.02 306 1915 84.93 14.51 8.5644
235 17 35.006 0.84 100.0 449.44 555.72 1369.32 1128.25 5.48 7.99 196.09 2223.09 8350.52 1.03 41.66 184.13 2388.14 8078.71 9.2387 0.02 332 2223 100.0 14.87 8.9874
235 18 0.0016 0.0 100.0 518.67 641.86 1590.1 1402.11 14.62 21.6 557.1 2388.04 9064.55 1.3 47.02 524.62 2388.11 8145.94 8.3463 0.03 390 2388 100.0 39.16 23.3646
235 19 35.0054 0.84 100.0 449.44 555.74 1362.48 1126.32 5.48 7.99 195.46 2223.0 8353.62 1.03 41.76 183.7 2388.1 8073.3 9.2571 0.02 334 2223 100.0 15.1 8.9874
235 20 0.0012 0.0 100.0 518.67 642.52 1585.92 1398.58 14.62 21.6 557.69 2388.07 9063.19 1.3 47.2 524.89 2388.13 8149.99 8.3263 0.03 392 2388 100.0 39.06 23.4263
235 21 41.9986 0.84 100.0 445.0 549.11 1351.83 1119.54 3.91 5.71 139.34 2211.99 8330.94 1.03 41.97 131.17 2388.03 8092.58 9.2816 0.02 329 2212 100.0 10.8 6.3614
235 22 34.9995 0.84 100.0 449.44 555.5 1359.9 1121.39 5.48 7.99 194.76 2223.0 8347.79 1.03 41.77 184.03 2388.14 8077.35 9.1749 0.02 333 2223 100.0 14.76 8.9964
235 23 10.0036 0.25 100.0 489.05 604.6 1496.43 1298.42 10.52 15.48 396.55 2318.88 8784.88 1.26 45.24 373.05 2388.03 8135.24 8.5992 0.03 367 2319 100.0 28.64 17.2738
235 24 42.0007 0.84 100.0 445.0 549.49 1349.53 1123.06 3.91 5.71 139.0 2212.04 8324.75 1.03 41.9 131.07 2388.09 8093.02 9.3053 0.02 329 2212 100.0 10.7 6.4673
235 25 20.0003 0.7 100.0 491.19 606.82 1480.51 1247.57 9.35 13.64 336.3 2323.96 8725.82 1.08 44.2 315.84 2388.08 8063.55 9.152 0.02 364 2324 100.0 24.53 14.8444
235 26 25.0016 0.62 60.0 462.54 536.83 1254.56 1042.11 7.05 9.01 176.19 1915.4 8007.77 0.94 36.75 165.68 2028.32 7880.39 10.8311 0.02 306 1915 84.93 14.46 8.704
235 27 20.0013 0.7019 100.0 491.19 606.76 1488.5 1247.53 9.35 13.64 336.82 2324.05 8726.77 1.08 44.04 316.21 2388.09 8070.77 9.1746 0.02 364 2324 100.0 24.79 14.917
235 28 20.0074 0.7 100.0 491.19 606.82 1481.09 1235.63 9.35 13.64 335.95 2323.99 8725.47 1.08 44.05 316.67 2388.12 8066.93 9.1235 0.02 365 2324 100.0 24.45 14.6606
235 29 35.0046 0.8413 100.0 449.44 555.27 1363.2 1124.32 5.48 7.99 195.48 2223.07 8354.49 1.03 41.8 184.4 2388.11 8068.65 9.2274 0.02 331 2223 100.0 14.95 8.8871
235 30 35.0019 0.8411 100.0 449.44 555.08 1352.15 1128.3 5.48 7.99 195.59 2223.03 8353.76 1.03 41.7 184.13 2388.06 8076.25 9.2494 0.02 334 2223 100.0 14.8 9.0164
235 31 9.9998 0.25 100.0 489.05 604.57 1492.99 1310.93 10.52 15.48 396.28 2318.87 8789.26 1.26 45.23 373.21 2388.12 8137.73 8.5836 0.03 368 2319 100.0 28.92 17.2958
235 32 35.0068 0.8414 100.0 449.44 555.18 1365.25 1128.7 5.48 7.99 195.76 2223.0 8355.22 1.03 41.63 183.85 2388.09 8076.61 9.2019 0.02 335 2223 100.0 14.94 9.0236
235 33 42.004 0.8403 100.0 445.0 549.52 1348.91 1125.75 3.91 5.71 139.91 2212.08 8327.23 1.03 41.97 131.19 2388.12 8089.3 9.2659 0.02 329 2212 100.0 10.77 6.4055
235 34 9.9994 0.2505 100.0 489.05 604.75 1503.49 1312.49 10.52 15.48 396.25 2318.96 8794.05 1.26 45.19 373.18 2388.15 8138.56 8.5617 0.03 368 2319 100.0 28.69 17.3507
235 35 10.0035 0.25 100.0 489.05 604.13 1500.04 1300.73 10.52 15.48 396.47 2318.91 8787.19 1.26 45.14 373.81 2388.19 8134.55 8.5976 0.03 367 2319 100.0 28.79 17.2294
235 36 42.0019 0.8404 100.0 445.0 548.64 1345.04 1114.98 3.91 5.71 139.15 2212.04 8324.93 1.03 41.83 131.23 2388.08 8092.53 9.2992 0.02 328 2212 100.0 10.62 6.3503
235 37 10.0065 0.25 100.0 489.05 603.9 1495.47 1303.32 10.52 15.48 397.6 2318.91 8789.6 1.26 45.19 373.67 2388.05 8141.05 8.5295 0.03 367 2319 100.0 28.63 17.2856
235 38 10.0002 0.2508 100.0 489.05 604.8 1491.57 1301.67 10.52 15.48 397.23 2318.97 8785.28 1.26 45.44 374.09 2388.13 8135.1 8.5595 0.03 367 2319 100.0 28.84 17.3726
235 39 10.0021 0.25 100.0 489.05 604.01 1497.72 1308.69 10.52 15.48 396.19 2318.9 8780.28 1.26 45.23 373.68 2388.12 8138.01 8.5526 0.03 368 2319 100.0 28.82 17.2319
235 40 35.003 0.84 100.0 449.44 554.92 1366.32 1118.67 5.48 7.99 195.87 2222.97 8357.03 1.03 41.8 184.13 2388.17 8071.39 9.2335 0.02 333 2223 100.0 14.87 9.0069
235 41 35.003 0.842 100.0 449.44 555.48 1360.54 1122.32 5.48 7.99 195.15 2223.06 8351.53 1.03 41.71 184.57 2388.16 8078.05 9.2517 0.02 333 2223 100.0 14.9 9.025
235 42 42.0077 0.84 100.0 445.0 549.16 1355.83 1118.95 3.91 5.71 139.41 2212.03 8322.61 1.03 42.01 131.62 2388.11 8096.46 9.2929 0.02 332 2212 100.0 10.59 6.4911
235 43 9.9997 0.2519 100.0 489.05 604.11 1490.29 1300.59 10.52 15.48 396.16 2318.96 8781.58 1.26 45.16 373.36 2388.15 8140.4 8.6001 0.03 369 2319 100.0 28.79 17.2272
235 44 10.0073 0.25 100.0 489.05 604.4 1493.58 1307.99 10.52 15.48 397.16 2318.89 8784.86 1.26 45.03 373.86 2388.16 8141.32 8.5803 0.03 369 2319 100.0 28.74 17.2644
235 45 25.0056 0.6209 60.0 462.54 536.38 1258.79 1037.96 7.05 9.01 176.48 1915.4 8016.56 0.94 36.59 165.23 2028.38 7876.68 10.8277 0.02 307 1915 84.93 14.5 8.6057
235 46 0.0028 0.0018 100.0 518.67 642.1 1584.06 1387.85 14.62 21.6 556.52 2388.12 9066.81 1.3 47.36 524.59 2388.12 8143.47 8.3532 0.03 391 2388 100.0 38.99 23.5047
235 47 42.0037 0.8407 100.0 445.0 548.92 1346.79 1118.74 3.91 5.71 139.59 2212.05 8328.03 1.03 42.0 131.58 2388.14 8089.24 9.2335 0.02 329 2212 100.0 10.66 6.4138
235 48 42.0 0.84 100.0 445.0 549.3 1354.95 1123.76 3.91 5.71 139.65 2212.02 8330.82 1.03 42.03 130.72 2388.12 8094.75 9.3188 0.02 331 2212 100.0 10.76 6.3741
235 49 25.0078 0.62 60.0 462.54 536.95 1256.69 1046.76 7.05 9.02 176.01 1915.46 8016.31 0.94 36.7 165.7 2028.35 7883.32 10.816 0.02 306 1915 84.93 14.25 8.6313
235 50 0.0012 0.0 100.0 518.67 641.73 1587.41 1400.62 14.62 21.6 556.8 2388.09 9056.72 1.3 47.36 523.95 2388.01 8147.63 8.3614 0.03 392 2388 100.0 39.11 23.5286
235 51 25.0015 0.6204 60.0 462.54 536.22 1256.49 1037.24 7.05 9.02 175.81 1915.49 8017.59 0.94 36.47 164.97 2028.32 7876.7 10.8475 0.02 307 1915 84.93 14.48 8.6677
235 52 41.9988 0.8403 100.0 445.0 548.68 1351.72 1122.9 3.91 5.71 139.61 2212.01 8332.96 1.02 41.92 131.19 2388.09 8094.15 9.2845 0.02 329 2212 100.0 10.73 6.3403
235 53 19.9989 0.7 100.0 491.19 607.51 1475.45 1246.83 9.35 13.64 336.32 2324.01 8731.12 1.08 44.3 316.49 2388.16 8070.94 9.1379 0.02 364 2324 100.0 24.65 14.9065
235 54 0.0008 0.0016 100.0 518.67 642.3 1587.07 1404.17 14.62 21.6 557.43 2388.1 9066.69 1.3 47.33 524.81 2388.04 8143.63 8.3644 0.03 393 2388 100.0 39.25 23.6794
235 55 35.0041 0.8404 100.0 449.44 554.86 1369.95 1121.07 5.48 7.99 196.21 2223.09 8362.9 1.03 41.78 183.96 2388.17 8073.24 9.2364 0.02 332 2223 100.0 14.92 9.0444
235 56 9.9997 0.252 100.0 489.05 604.57 1499.26 1301.62 10.52 15.48 396.82 2318.89 8783.9 1.26 45.3 373.55 2388.09 8135.85 8.55 0.03 369 2319 100.0 28.66 17.2468
235 57 0.0028 0.0 100.0 518.67 642.15 1582.62 1398.49 14.62 21.6 556.49 2388.05 9062.54 1.3 47.31 524.73 2388.03 8148.82 8.3688 0.03 392 2388 100.0 39.27 23.3692
235 58 20.0044 0.7008 100.0 491.19 606.9 1478.1 1245.14 9.35 13.64 337.09 2323.98 8727.73 1.08 44.27 316.68 2388.16 8074.97 9.1286 0.02 364 2324 100.0 24.59 14.8319
235 59 10.003 0.25 100.0 489.05 604.96 1495.23 1306.05 10.52 15.48 396.68 2318.93 8779.85 1.26 45.26 373.47 2388.11 8134.54 8.5742 0.03 367 2319 100.0 28.86 17.2401
235 60 20.0043 0.7 100.0 491.19 606.98 1483.15 1249.75 9.35 13.64 336.07 2323.97 8726.48 1.08 44.3 316.36 2388.15 8066.88 9.1591 0.02 363 2324 100.0 24.53 14.6792
235 61 0.0018 0.0008 100.0 518.67 642.41 1588.81 1409.51 14.62 21.6 557.16 2388.07 9067.72 1.3 47.31 524.45 2388.04 8141.41 8.367 0.03 393 2388 100.0 39.2 23.4859
235 62 25.0043 0.6211 60.0 462.54 536.83 1261.49 1039.65 7.05 9.01 175.85 1915.39 8012.4 0.94 36.6 165.34 2028.36 7878.53 10.8009 0.02 307 1915 84.93 14.44 8.7138
235 63 10.0056 0.25 100.0 489.05 604.52 1492.94 1300.02 10.52 15.48 396.78 2318.89 8799.79 1.26 45.22 373.42 2388.13 8139.88 8.5407 0.03 367 2319 100.0 28.77 17.2465
235 64 24.999 0.621 60.0 462.54 536.53 1263.85 1041.41 7.05 9.02 175.78 1915.39 8010.82 0.94 36.36 166.18 2028.28 7884.09 10.8013 0.02 306 1915 84.93 14.17 8.6637
235 65 10.0059 0.2511 100.0 489.05 604.81 1494.45 1307.4 10.52 15.48 396.52 2318.89 8781.7 1.26 45.32 372.79 2388.09 8133.9 8.6013 0.03 368 2319 100.0 28.86 17.262
235 66 42.0048 0.84 100.0 445.0 549.58 1353.89 1123.12 3.91 5.71 139.37 2212.02 8327.83 1.03 41.99 131.82 2388.12 8096.06 9.2973 0.02 331 2212 100.0 10.82 6.3775
235 67 24.9984 0.6216 60.0 462.54 536.21 1252.71 1044.01 7.05 9.02 176.08 1915.42 8014.66 0.94 36.46 165.21 2028.32 7877.41 10.8145 0.02 307 1915 84.93 14.35 8.6049
235 68 0.0019 0.0 100.0 518.67 642.19 1587.93 1400.82 14.62 21.6 556.93 2388.13 9060.36 1.3 47.38 525.18 2388.08 8144.19 8.3808 0.03 392 2388 100.0 39.13 23.5792
235 69 0.0024 0.0 100.0 518.67 642.16 1583.33 1403.3 14.62 21.6 557.05 2388.09 9060.08 1.3 47.08 525.31 2388.15 8140.56 8.3823 0.03 391 2388 100.0 39.33 23.5198
235 70 35.0004 0.8404 100.0 449.44 555.55 1364.02 1130.19 5.48 7.99 196.6 2223.06 8353.01 1.03 41.73 183.99 2388.16 8078.69 9.1895 0.02 333 2223 100.0 15.11 9.1046
235 71 0.0014 0.0 100.0 518.67 641.83 1586.69 1401.99 14.62 21.6 556.41 2388.11 9066.67 1.3 47.34 525.26 2388.1 8143.66 8.3911 0.03 393 2388 100.0 39.12 23.5058
235 72 0.0027 0.001 100.0 518.67 642.52 1581.39 1404.65 14.62 21.6 556.77 2388.08 9068.33 1.3 47.31 525.04 2388.11 8145.77 8.3489 0.03 391 2388 100.0 39.12 23.4672
235 73 25.0045 0.6219 60.0 462.54 536.46 1258.46 1047.72 7.05 9.01 176.57 1915.4 8007.64 0.94 36.68 165.16 2028.39 7880.76 10.796 0.02 308 1915 84.93 14.53 8.6569
235 74 35.0052 0.8417 100.0 449.44 555.85 1359.25 1126.11 5.48 7.99 195.61 2223.01 8360.52 1.03 41.77 184.51 2388.16 8080.03 9.2803 0.02 334 2223 100.0 15.07 8.9048
235 75 0.0009 0.0 100.0 518.67 642.31 1593.25 1400.89 14.62 21.6 557.01 2388.1 9057.23 1.3 47.33 524.68 2388.09 8147.67 8.3947 0.03 393 2388 100.0 39.21 23.4853
235 76 10.0049 0.2518 100.0 489.05 604.82 1492.54 1304.04 10.52 15.48 396.6 2318.95 8786.2 1.26 45.14 374.56 2388.13 8139.03 8.608 0.03 367 2319 100.0 28.95 17.2736
235 77 0.0025 0.0 100.0 518.67 642.41 1584.15 1395.0 14.62 21.6 557.31 2388.09 9066.37 1.3 47.45 524.89 2388.07 8143.47 8.3901 0.03 393 2388 100.0 39.1 23.5462
235 78 20.0073 0.7008 100.0 491.19 607.6 1478.0 1243.68 9.35 13.64 335.99 2324.05 8719.51 1.08 44.26 317.62 2388.16 8064.38 9.174 0.02 365 2324 100.0 24.8 14.7099
235 79 41.9985 0.8407 100.0 445.0 549.38 1349.26 1118.5 3.91 5.71 139.32 2211.99 8324.58 1.02 42.02 131.5 2388.15 8095.9 9.2719 0.02 330 2212 100.0 10.54 6.4412
235 80 35.0046 0.84 100.0 449.44 555.45 1360.68 1119.16 5.48 8.0 196.23 2223.07 8359.96 1.03 41.82 184.32 2388.17 8082.54 9.2297 0.02 333 2223 100.0 15.07 8.9689
235 81 41.9991 0.8412 100.0 445.0 549.4 1348.36 1116.99 3.91 5.71 139.9 2212.04 8327.11 1.03 41.9 131.43 2388.07 8094.9 9.304 0.02 331 2212 100.0 10.8 6.3958
235 82 10.0 0.252 100.0 489.05 604.69 1498.22 1300.41 10.52 15.48 396.27 2318.9 8781.8 1.26 45.34 373.38 2388.08 8138.83 8.5504 0.03 367 2319 100.0 28.6 17.3293
235 83 0.0014 0.001 100.0 518.67 642.43 1580.08 1402.86 14.62 21.6 558.2 2388.1 9067.86 1.3 47.13 525.72 2388.11 8146.71 8.3237 0.03 392 2388 100.0 39.19 23.5397
235 84 10.001 0.25 100.0 489.05 604.45 1496.0 1303.32 10.52 15.48 396.04 2318.93 8791.36 1.26 45.3 373.53 2388.09 8139.24 8.5681 0.03 369 2319 100.0 28.78 17.19
235 85 10.0022 0.2504 100.0 489.05 604.13 1498.65 1300.89 10.52 15.48 397.53 2318.92 8782.17 1.26 45.24 373.82 2388.17 8146.65 8.5659 0.03 370 2319 100.0 28.92 17.2594
235 86 25.0014 0.621 60.0 462.54 536.91 1264.74 1041.92 7.05 9.01 175.58 1915.4 8009.12 0.94 36.58 164.96 2028.31 7875.76 10.8165 0.02 306 1915 84.93 14.47 8.5039
235 87 35.0022 0.84 100.0 449.44 555.79 1361.71 1121.52 5.48 7.99 194.82 2223.05 8358.67 1.03 41.7 183.86 2388.13 8075.38 9.2095 0.02 331 2223 100.0 14.89 8.9881
235 88 34.9995 0.84 100.0 449.44 554.91 1362.97 1130.99 5.48 7.99 195.53 2223.11 8354.39 1.03 41.86 184.19 2388.17 8078.67 9.234 0.02 333 2223 100.0 14.94 8.9426
235 89 10.0066 0.25 100.0 489.05 604.36 1494.92 1304.71 10.52 15.48 396.9 2318.95 8794.15 1.26 45.21 373.5 2388.13 8144.65 8.5938 0.03 368 2319 100.0 28.84 17.3198
235 90 41.9995 0.8405 100.0 445.0 549.72 1350.1 1125.75 3.91 5.71 139.76 2212.1 8332.49 1.03 41.98 131.21 2388.07 8095.46 9.2927 0.02 330 2212 100.0 10.67 6.4702
235 91 25.0006 0.62 60.0 462.54 536.41 1258.97 1038.54 7.05 9.02 176.38 1915.47 8018.88 0.94 36.43 165.43 2028.3 7879.43 10.7806 0.02 305 1915 84.93 14.36 8.6061
235 92 10.007 0.2506 100.0 489.05 604.37 1501.48 1297.14 10.52 15.48 397.18 2318.91 8781.03 1.26 45.31 374.43 2388.06 8137.56 8.5438 0.03 369 2319 100.0 28.7 17.3293
235 93 20.0017 0.7 100.0 491.19 606.7 1476.32 1248.64 9.35 13.64 336.54 2324.12 8732.13 1.08 44.29 316.18 2388.12 8073.0 9.1044 0.02 364 2324 100.0 24.59 14.7673
235 94 10.0059 0.25 100.0 489.05 604.39 1494.08 1301.45 10.52 15.48 396.63 2318.94 8794.34 1.26 45.13 374.2 2388.21 8140.34 8.5785 0.03 367 2319 100.0 28.81 17.2464
235 95 0.0016 0.0001 100.0 518.67 642.35 1588.56 1407.21 14.62 21.6 558.03 2388.11 9064.31 1.3 47.36 525.65 2388.09 8143.32 8.3557 0.03 391 2388 100.0 39.21 23.5502
235 96 20.002 0.7 100.0 491.19 607.1 1479.47 1246.24 9.35 13.64 335.99 2324.02 8737.92 1.08 44.11 316.88 2388.2 8066.76 9.1652 0.02 365 2324 100.0 24.94 14.9058
235 97 19.9999 0.7002 100.0 491.19 607.31 1480.73 1252.01 9.35 13.64 336.75 2324.07 8744.44 1.08 44.09 316.47 2388.15 8069.21 9.167 0.02 367 2324 100.0 24.71 14.8412
235 98 25.0011 0.6219 60.0 462.54 536.95 1254.69 1044.36 7.05 9.01 176.65 1915.46 8020.59 0.94 36.66 165.69 2028.33 7875.14 10.7767 0.02 305 1915 84.93 14.41 8.5858
235 99 20.0064 0.7011 100.0 491.19 606.23 1478.82 1241.49 9.35 13.64 336.74 2324.03 8725.98 1.08 44.23 316.78 2388.11 8065.59 9.1692 0.02 365 2324 100.0 24.66 14.8274
235 100 41.9991 0.84 100.0 445.0 549.6 1357.19 1116.74 3.91 5.71 139.6 2212.11 8330.84 1.03 41.96 132.03 2388.19 8096.09 9.2698 0.02 329 2212 100.0 10.62 6.3391
235 101 42.0012 0.8414 100.0 445.0 549.07 1351.86 1123.41 3.91 5.71 140.49 2212.09 8332.9 1.03 41.84 132.07 2388.14 8099.15 9.2488 0.02 330 2212 100.0 10.57 6.4768
235 102 20.0054 0.7 100.0 491.19 608.0 1478.63 1247.07 9.35 13.64 336.49 2324.0 8732.53 1.08 44.14 316.99 2388.17 8070.33 9.1364 0.02 366 2324 100.0 24.75 14.8744
235 103 10.0047 0.2508 100.0 489.05 604.09 1490.37 1305.74 10.52 15.48 397.65 2318.99 8788.67 1.26 45.39 374.06 2388.16 8146.55 8.6055 0.03 370 2319 100.0 28.83 17.2063
235 104 0.0002 0.0007 100.0 518.67 642.28 1590.54 1393.85 14.62 21.6 558.73 2388.11 9070.84 1.3 47.52 525.19 2388.06 8148.69 8.3675 0.03 394 2388 100.0 39.08 23.529
235 105 34.9981 0.84 100.0 449.44 555.28 1365.31 1123.89 5.48 7.99 196.08 2223.1 8359.31 1.03 41.64 185.09 2388.19 8077.21 9.2057 0.02 334 2223 100.0 14.91 9.0551
235 106 35.0036 0.8419 100.0 449.44 555.19 1359.34 1122.94 5.48 7.99 196.31 2223.1 8367.2 1.03 41.73 184.95 2388.21 8074.66 9.2213 0.02 333 2223 100.0 14.89 8.9821
235 107 35.0056 0.8418 100.0 449.44 555.08 1355.67 1131.9 5.48 7.99 195.7 2223.09 8354.96 1.03 41.93 183.91 2388.19 8083.2 9.2244 0.02 332 2223 100.0 14.98 9.0249
235 108 0.0013 0.0015 100.0 518.67 642.16 1590.25 1404.2 14.62 21.6 558.77 2388.13 9078.37 1.3 47.18 525.47 2388.14 8145.54 8.3122 0.03 392 2388 100.0 39.28 23.4943
235 109 42.0077 0.84 100.0 445.0 549.55 1347.76 1120.51 3.91 5.71 139.26 2212.13 8327.67 1.03 42.06 131.3 2388.16 8096.17 9.3017 0.02 330 2212 100.0 10.66 6.4642
235 110 10.0012 0.2512 100.0 489.05 604.0 1505.06 1302.22 10.52 15.48 397.37 2318.95 8788.27 1.26 45.43 373.92 2388.12 8139.93 8.5368 0.03 369 2319 100.0 28.8 17.3519
235 111 42.0067 0.84 100.0 445.0 549.18 1356.4 1125.15 3.91 5.71 140.27 2212.1 8334.11 1.03 41.92 131.21 2388.17 8094.8 9.2867 0.02 329 2212 100.0 10.64 6.3278
235 112 42.0073 0.84 100.0 445.0 548.95 1355.52 1122.09 3.91 5.71 139.19 2212.03 8334.24 1.03 42.0 131.29 2388.19 8097.06 9.2561 0.02 330 2212 100.0 10.63 6.4681
235 113 42.0076 0.84 100.0 445.0 549.69 1358.35 1123.06 3.91 5.71 139.79 2212.05 8335.43 1.03 41.9 132.1 2388.21 8101.13 9.2521 0.02 330 2212 100.0 10.68 6.3746
235 114 42.0025 0.84 100.0 445.0 549.58 1355.98 1122.97 3.91 5.71 139.55 2212.08 8337.86 1.03 41.98 131.44 2388.14 8101.08 9.2796 0.02 329 2212 100.0 10.75 6.4185
235 115 25.0059 0.6207 60.0 462.54 536.25 1256.99 1042.61 7.05 9.02 176.69 1915.5 8018.01 0.94 36.76 166.1 2028.41 7877.46 10.7864 0.02 306 1915 84.93 14.27 8.6527
235 116 24.9984 0.6213 60.0 462.54 536.71 1253.05 1049.21 7.05 9.01 176.2 1915.41 8017.33 0.94 36.68 165.51 2028.38 7875.43 10.8289 0.02 304 1915 84.93 14.21 8.6635
235 117 10.0015 0.2503 100.0 489.05 604.47 1499.16 1310.84 10.52 15.48 397.88 2319.0 8787.03 1.26 45.3 374.72 2388.26 8140.55 8.5514 0.03 369 2319 100.0 28.85 17.1986
235 118 20.0011 0.7 100.0 491.19 607.27 1483.14 1254.23 9.35 13.64 337.22 2324.08 8737.63 1.08 44.31 317.86 2388.16 8076.75 9.1025 0.02 364 2324 100.0 24.7 14.8593
235 119 42.0055 0.84 100.0 445.0 549.38 1351.98 1120.98 3.91 5.71 139.91 2212.05 8331.85 1.03 42.04 131.56 2388.17 8097.86 9.2304 0.02 331 2212 100.0 10.62 6.3403
235 120 25.0024 0.62 60.0 462.54 536.73 1259.76 1046.35 7.05 9.01 176.47 1915.52 8014.65 0.94 36.5 165.89 2028.4 7882.28 10.8006 0.02 306 1915 84.93 14.43 8.7509
235 121 10.0051 0.25 100.0 489.05 604.88 1494.79 1303.85 10.52 15.48 397.19 2318.91 8801.07 1.26 45.19 374.08 2388.18 8136.79 8.5313 0.03 368 2319 100.0 28.76 17.2495
235 122 20.0043 0.701 100.0 491.19 606.77 1476.85 1245.19 9.35 13.64 337.27 2324.11 8736.22 1.08 44.16 318.14 2388.25 8076.21 9.1254 0.02 363 2324 100.0 24.67 14.7602
235 123 35.002 0.84 100.0 449.44 555.2 1361.49 1129.55 5.48 7.99 196.53 2223.13 8370.28 1.03 41.94 184.77 2388.23 8084.68 9.2176 0.02 335 2223 100.0 15.16 8.9342
235 124 42.0023 0.84 100.0 445.0 549.07 1349.68 1118.02 3.91 5.7 139.85 2212.05 8325.65 1.03 41.98 131.67 2388.22 8102.85 9.234 0.02 329 2212 100.0 10.53 6.4414
235 125 10.005 0.2514 100.0 489.05 604.51 1498.5 1301.55 10.52 15.48 397.33 2319.01 8787.96 1.26 45.34 373.96 2388.19 8140.66 8.5399 0.03 368 2319 100.0 28.95 17.3284
235 126 24.9995 0.62 60.0 462.54 536.49 1263.81 1042.84 7.05 9.01 176.89 1915.53 8011.5 0.94 36.6 165.89 2028.36 7884.52 10.8141 0.02 306 1915 84.93 14.47 8.5016
235 127 35.0055 0.8406 100.0 449.44 555.04 1366.72 1126.1 5.48 7.99 195.83 2223.11 8366.03 1.03 41.92 184.5 2388.21 8085.19 9.2083 0.02 334 2223 100.0 15.09 9.0306
235 128 20.0046 0.7001 100.0 491.19 606.57 1481.98 1253.32 9.35 13.64 338.26 2324.06 8739.2 1.08 44.44 317.76 2388.21 8075.47 9.1151 0.02 364 2324 100.0 24.51 14.8345
235 129 35.0023 0.8413 100.0 449.44 554.74 1363.11 1124.47 5.48 7.99 196.84 2223.14 8365.77 1.03 41.89 184.9 2388.28 8085.92 9.2284 0.02 333 2223 100.0 15.05 9.0281
235 130 35.0015 0.8406 100.0 449.44 555.32 1368.92 1127.94 5.48 7.99 196.51 2223.19 8369.02 1.03 41.79 184.59 2388.25 8082.0 9.1986 0.02 333 2223 100.0 15.23 8.9626
235 131 42.0015 0.84 100.0 445.0 549.82 1353.96 1116.61 3.91 5.71 140.21 2212.1 8338.66 1.03 42.09 131.87 2388.16 8097.8 9.2515 0.02 331 2212 100.0 10.81 6.3979
235 132 20.002 0.7007 100.0 491.19 607.37 1479.85 1248.44 9.35 13.64 337.49 2324.13 8736.73 1.08 44.31 317.83 2388.23 8075.48 9.1148 0.02 365 2324 100.0 24.86 14.8988
235 133 41.9992 0.84 100.0 445.0 549.1 1355.83 1125.86 3.91 5.71 140.72 2212.13 8345.49 1.03 42.1 131.6 2388.18 8102.05 9.2364 0.02 330 2212 100.0 10.81 6.3839
235 134 35.0006 0.84 100.0 449.44 554.61 1356.02 1127.35 5.48 7.99 196.37 2223.11 8366.97 1.03 41.81 184.65 2388.28 8085.85 9.1978 0.02 334 2223 100.0 14.94 8.9458
235 135 0.0007 0.0 100.0 518.67 642.29 1593.7 1402.29 14.62 21.6 559.67 2388.17 9073.17 1.3 47.43 526.36 2388.17 8156.38 8.3309 0.03 394 2388 100.0 39.25 23.5921
235 136 35.0026 0.841 100.0 449.44 555.76 1364.26 1124.72 5.48 7.99 196.12 2223.11 8374.12 1.03 41.78 184.7 2388.24 8087.07 9.2023 0.02 335 2223 100.0 15.0 8.8758
235 137 42.0021 0.84 100.0 445.0 549.2 1347.92 1121.5 3.91 5.7 140.33 2212.13 8335.42 1.03 42.01 132.02 2388.23 8102.64 9.2445 0.02 331 2212 100.0 10.79 6.3675
235 138 24.9983 0.6214 60.0 462.54 536.62 1262.5 1045.29 7.05 9.02 177.42 1915.54 8014.27 0.94 36.66 166.39 2028.44 7882.34 10.7763 0.02 306 1915 84.93 14.57 8.6968
235 139 0.0029 0.0 100.0 518.67 642.44 1589.31 1400.88 14.62 21.6 559.47 2388.17 9074.47 1.31 47.34 527.21 2388.17 8148.96 8.3642 0.03 391 2388 100.0 39.17 23.5968
235 140 10.0077 0.2502 100.0 489.05 605.01 1499.77 1307.59 10.52 15.48 398.67 2319.09 8798.57 1.26 45.45 374.82 2388.26 8139.58 8.5792 0.03 368 2319 100.0 28.79 17.2736
235 141 19.9992 0.7017 100.0 491.19 607.18 1486.04 1254.98 9.35 13.64 337.7 2324.2 8737.72 1.08 44.49 318.82 2388.33 8080.45 9.0981 0.02 365 2324 100.0 24.81 14.8785
235 142 20.0037 0.7 100.0 491.19 606.51 1487.78 1250.65 9.35 13.64 339.23 2324.14 8737.59 1.08 44.49 318.11 2388.31 8074.46 9.1284 0.02 365 2324 100.0 24.74 14.7153
235 143 35.0018 0.84 100.0 449.44 555.32 1363.18 1133.44 5.48 7.99 197.05 2223.18 8369.56 1.03 41.92 185.16 2388.34 8082.78 9.2143 0.02 334 2223 100.0 14.7 9.0729
235 144 10.0077 0.25 100.0 489.05 604.64 1500.99 1307.2 10.52 15.48 398.62 2319.08 8798.12 1.26 45.41 375.28 2388.27 8146.44 8.5504 0.03 370 2319 100.0 28.74 17.3342
235 145 25.0063 0.6213 60.0 462.54 536.7 1264.83 1049.01 7.05 9.02 176.31 1915.54 8025.62 0.94 36.8 166.53 2028.46 7887.51 10.7826 0.02 307 1915 84.93 14.4 8.558
235 146 0.0024 0.0001 100.0 518.67 642.66 1586.35 1407.61 14.62 21.6 559.87 2388.22 9075.49 1.31 47.5 527.44 2388.23 8150.29 8.3432 0.03 394 2388 100.0 39.25 23.5699
235 147 35.0026 0.8404 100.0 449.44 555.59 1371.61 1130.06 5.48 7.99 196.28 2223.17 8365.02 1.03 41.74 184.79 2388.28 8082.35 9.2178 0.02 334 2223 100.0 14.89 8.931
235 148 10.0071 0.2504 100.0 489.05 604.61 1501.68 1307.07 10.52 15.49 399.47 2319.08 8805.47 1.27 45.31 375.39 2388.25 8153.03 8.5752 0.03 369 2319 100.0 28.81 17.305
235 149 35.0073 0.8418 100.0 449.44 555.61 1369.79 1130.59 5.48 7.99 197.22 2223.24 8377.49 1.03 41.86 185.03 2388.36 8089.65 9.1632 0.02 334 2223 100.0 15.08 9.0333
235 150 42.003 0.84 100.0 445.0 549.59 1357.61 1124.65 3.91 5.71 140.4 2212.15 8344.09 1.03 42.09 132.54 2388.25 8106.36 9.2698 0.02 333 2212 100.0 10.82 6.4148
235 151 35.0014 0.84 100.0 449.44 555.73 1364.67 1129.46 5.48 7.99 197.36 2223.21 8376.39 1.03 42.11 185.0 2388.35 8088.18 9.231 0.02 334 2223 100.0 15.08 9.0443
235 152 35.0008 0.8415 100.0 449.44 555.86 1362.67 1123.11 5.48 7.99 196.56 2223.25 8371.11 1.03 41.96 185.37 2388.34 8094.71 9.1955 0.02 335 2223 100.0 15.28 8.9538
235 153 41.9994 0.841 100.0 445.0 549.88 1352.76 1125.01 3.91 5.71 140.23 2212.14 8344.09 1.03 42.17 132.52 2388.21 8108.98 9.2089 0.02 330 2212 100.0 10.79 6.3558
235 154 25.0048 0.621 60.0 462.54 536.97 1265.53 1053.27 7.05 9.01 177.66 1915.55 8025.83 0.94 36.7 165.99 2028.42 7884.14 10.7396 0.02 308 1915 84.93 14.48 8.6808
235 155 20.0059 0.702 100.0 491.19 607.93 1480.7 1250.14 9.35 13.64 338.54 2324.17 8749.31 1.08 44.4 318.71 2388.4 8079.76 9.0693 0.02 366 2324 100.0 24.68 14.8789
235 156 0.0021 0.0008 100.0 518.67 643.09 1600.25 1407.23 14.62 21.6 560.66 2388.18 9077.34 1.31 47.54 528.2 2388.18 8151.52 8.3211 0.03 394 2388 100.0 39.38 23.6248
235 157 10.0006 0.2504 100.0 489.05 605.2 1505.88 1315.34 10.52 15.48 399.02 2319.1 8805.09 1.26 45.45 376.02 2388.4 8150.3 8.5429 0.03 369 2319 100.0 28.87 17.3254
235 158 42.0044 0.8406 100.0 445.0 549.48 1352.77 1127.51 3.91 5.71 141.21 2212.17 8356.83 1.03 42.25 132.7 2388.24 8107.49 9.2118 0.02 332 2212 100.0 10.62 6.393
235 159 42.0018 0.8417 100.0 445.0 549.63 1358.87 1129.38 3.91 5.71 141.6 2212.15 8340.95 1.03 42.22 132.4 2388.25 8108.86 9.1974 0.02 330 2212 100.0 10.89 6.5324
235 160 35.0027 0.84 100.0 449.44 555.54 1372.6 1134.72 5.48 7.99 196.93 2223.32 8373.72 1.04 42.03 185.56 2388.42 8087.78 9.1538 0.02 334 2223 100.0 15.11 9.0603
235 161 0.0001 0.0 100.0 518.67 642.58 1590.9 1401.42 14.62 21.6 560.97 2388.28 9081.13 1.31 47.59 529.3 2388.22 8165.0 8.3201 0.03 394 2388 100.0 39.4 23.5756
235 162 0.0015 0.0015 100.0 518.67 642.55 1594.4 1403.7 14.62 21.6 561.61 2388.24 9087.16 1.31 47.6 529.01 2388.2 8165.37 8.3162 0.03 394 2388 100.0 39.43 23.6361
235 163 42.0074 0.84 100.0 445.0 549.4 1355.78 1128.36 3.91 5.71 141.46 2212.2 8346.52 1.04 42.1 132.53 2388.27 8112.3 9.2158 0.02 333 2212 100.0 10.85 6.4135
235 164 25.005 0.6211 60.0 462.54 536.69 1263.04 1052.15 7.05 9.02 177.39 1915.63 8032.66 0.94 36.67 166.84 2028.55 7893.96 10.7587 0.02 309 1915 84.93 14.53 8.7316
235 165 9.9987 0.25 100.0 489.05 604.86 1498.4 1317.62 10.52 15.48 400.14 2319.19 8802.97 1.27 45.67 376.11 2388.38 8155.16 8.5613 0.03 371 2319 100.0 29.15 17.3208
235 166 0.0014 0.0 100.0 518.67 643.31 1592.91 1407.68 14.62 21.6 562.22 2388.28 9080.81 1.31 47.67 529.73 2388.26 8167.72 8.2849 0.03 395 2388 100.0 39.42 23.5527
235 167 35.0069 0.8414 100.0 449.44 555.29 1365.37 1123.83 5.48 7.99 197.64 2223.34 8377.29 1.04 42.16 186.34 2388.45 8101.08 9.1574 0.02 334 2223 100.0 14.91 9.0249
235 168 42.0003 0.84 100.0 445.0 549.67 1352.34 1129.02 3.91 5.71 140.83 2212.24 8344.87 1.04 42.2 133.08 2388.33 8115.87 9.1597 0.02 332 2212 100.0 10.76 6.5515
235 169 42.0039 0.8415 100.0 445.0 549.14 1352.86 1129.62 3.91 5.71 141.54 2212.2 8344.6 1.04 42.43 132.89 2388.32 8116.22 9.2186 0.02 331 2212 100.0 10.99 6.4651
235 170 42.0016 0.8401 100.0 445.0 549.5 1367.63 1122.66 3.91 5.71 141.81 2212.26 8358.35 1.04 42.26 132.59 2388.37 8116.07 9.1705 0.02 332 2212 100.0 10.73 6.4196
235 171 25.008 0.62 60.0 462.54 536.9 1258.92 1048.44 7.05 9.01 177.79 1915.59 8031.87 0.94 36.71 166.95 2028.54 7895.66 10.7479 0.02 308 1915 84.93 14.48 8.5884
235 172 20.0031 0.7011 100.0 491.19 607.12 1483.6 1256.41 9.35 13.64 339.84 2324.37 8754.8 1.09 44.55 320.22 2388.5 8095.7 9.0925 0.02 367 2324 100.0 24.92 14.8679
235 173 24.9988 0.62 60.0 462.54 536.87 1256.86 1048.7 7.05 9.02 178.35 1915.69 8037.11 0.94 36.82 167.64 2028.56 7889.15 10.6915 0.02 309 1915 84.93 14.45 8.8046
235 174 0.0004 0.0013 100.0 518.67 642.9 1598.13 1412.3 14.62 21.6 563.88 2388.29 9094.67 1.31 47.67 530.92 2388.34 8167.43 8.2894 0.03 394 2388 100.0 39.46 23.6254
235 175 25.0044 0.6207 60.0 462.54 537.38 1250.85 1045.67 7.05 9.02 178.1 1915.68 8035.28 0.94 36.77 167.7 2028.57 7890.88 10.6784 0.02 307 1915 84.93 14.52 8.5756
235 176 25.0064 0.62 60.0 462.54 537.47 1264.73 1053.05 7.05 9.01 178.31 1915.67 8028.14 0.94 36.73 166.98 2028.6 7894.49 10.7724 0.02 308 1915 84.93 14.46 8.7805
235 177 42.0058 0.8404 100.0 445.0 549.42 1359.22 1136.38 3.91 5.71 141.93 2212.28 8361.24 1.04 42.34 133.73 2388.41 8114.39 9.1964 0.02 334 2212 100.0 10.83 6.3957
235 178 25.005 0.62 60.0 462.54 536.79 1266.01 1051.03 7.05 9.01 178.4 1915.64 8033.83 0.94 36.77 167.31 2028.55 7893.99 10.7264 0.02 308 1915 84.93 14.51 8.6646
235 179 10.002 0.2505 100.0 489.05 605.24 1503.81 1312.52 10.52 15.48 402.31 2319.35 8815.07 1.27 45.8 378.57 2388.54 8168.85 8.5155 0.03 369 2319 100.0 28.9 17.2682
235 180 20.0071 0.7019 100.0 491.19 607.21 1489.26 1256.49 9.35 13.64 341.26 2324.41 8747.43 1.09 44.59 321.22 2388.55 8093.61 9.0704 0.02 366 2324 100.0 24.86 14.9669
235 181 42.0015 0.841 100.0 445.0 549.63 1356.16 1137.21 3.91 5.71 141.66 2212.32 8363.59 1.04 42.39 133.38 2388.44 8121.95 9.1268 0.02 331 2212 100.0 10.64 6.3395
235 182 10.0029 0.25 100.0 489.05 605.39 1506.69 1313.94 10.52 15.48 402.1 2319.36 8824.13 1.27 45.65 379.06 2388.61 8164.03 8.4917 0.03 371 2319 100.0 29.06 17.3487
235 183 41.999 0.842 100.0 445.0 549.73 1366.98 1130.56 3.91 5.71 142.53 2212.35 8366.32 1.04 42.49 133.29 2388.41 8129.02 9.1805 0.02 333 2212 100.0 10.72 6.4603
235 184 19.9999 0.7 100.0 491.19 607.24 1492.69 1263.52 9.35 13.64 341.77 2324.49 8760.29 1.09 44.74 321.29 2388.61 8094.25 9.0382 0.02 366 2324 100.0 25.03 14.9267
235 185 20.0019 0.7013 100.0 491.19 607.46 1490.93 1264.31 9.35 13.64 341.59 2324.51 8771.81 1.09 44.72 322.04 2388.75 8100.65 9.0518 0.03 366 2324 100.0 24.84 14.9193
235 186 10.0074 0.25 100.0 489.05 605.11 1513.33 1325.03 10.52 15.48 402.17 2319.41 8827.87 1.27 45.71 379.35 2388.64 8175.55 8.4886 0.03 372 2319 100.0 29.07 17.472
235 187 35.0048 0.8414 100.0 449.44 556.3 1379.44 1140.97 5.48 7.99 198.96 2223.59 8395.09 1.04 42.38 187.13 2388.67 8113.62 9.1233 0.02 336 2223 100.0 15.1 9.0353
235 188 20.0066 0.7004 100.0 491.19 607.8 1491.31 1266.63 9.35 13.64 342.39 2324.59 8771.29 1.09 44.82 321.7 2388.72 8101.07 9.0449 0.03 367 2324 100.0 25.02 14.9002
235 189 20.0034 0.7002 100.0 491.19 607.91 1495.27 1259.51 9.35 13.65 342.99 2324.64 8777.61 1.09 44.72 322.64 2388.76 8102.24 9.0334 0.03 367 2324 100.0 24.89 14.9387
235 190 42.0013 0.84 100.0 445.0 550.15 1365.25 1140.0 3.91 5.71 141.7 2212.38 8375.81 1.05 42.54 134.99 2388.5 8140.23 9.1278 0.02 334 2212 100.0 10.79 6.5784
235 191 34.9986 0.8408 100.0 449.44 555.78 1372.29 1142.49 5.48 7.99 199.34 2223.65 8400.74 1.05 42.42 187.41 2388.77 8114.96 9.1113 0.02 336 2223 100.0 15.12 9.1341
235 192 10.0033 0.2512 100.0 489.05 605.38 1505.21 1325.11 10.52 15.48 403.57 2319.49 8827.87 1.27 45.89 379.16 2388.74 8168.35 8.498 0.03 372 2319 100.0 29.13 17.3587
235 193 42.0008 0.84 100.0 445.0 549.19 1364.43 1149.45 3.91 5.71 143.22 2212.38 8380.4 1.05 42.65 134.15 2388.49 8136.79 9.1022 0.02 333 2212 100.0 10.84 6.4927
235 194 42.0048 0.8412 100.0 445.0 549.91 1360.77 1146.32 3.91 5.71 143.37 2212.38 8380.66 1.05 42.55 134.62 2388.5 8134.98 9.0866 0.02 334 2212 100.0 10.95 6.3278
235 195 35.0025 0.8401 100.0 449.44 555.66 1379.92 1147.07 5.48 7.99 200.99 2223.74 8403.54 1.05 42.7 188.54 2388.82 8120.43 9.0898 0.02 338 2223 100.0 15.32 9.1146
235 196 20.0013 0.7 100.0 491.19 608.0 1497.18 1271.27 9.35 13.64 343.33 2324.73 8783.53 1.1 44.85 323.21 2388.87 8110.11 9.0048 0.03 368 2324 100.0 24.95 15.0363
235 197 20.0008 0.7019 100.0 491.19 607.85 1499.27 1272.49 9.35 13.64 344.36 2324.76 8787.67 1.1 44.91 323.74 2388.91 8111.75 8.9922 0.03 368 2324 100.0 24.92 15.0693
235 198 20.0022 0.7012 100.0 491.19 608.1 1503.58 1264.25 9.35 13.64 344.39 2324.79 8786.78 1.1 44.93 324.02 2388.89 8112.11 9.0043 0.03 368 2324 100.0 24.83 14.9702
235 199 41.999 0.84 100.0 445.0 550.12 1367.68 1152.06 3.91 5.71 143.54 2212.41 8378.97 1.05 42.71 134.54 2388.58 8141.84 9.1115 0.02 334 2212 100.0 10.78 6.5899
