83 1 0.0016 0.0 100.0 518.67 641.98 1586.89 1396.4 14.62 21.61 554.11 2388.02 9045.71 1.3 47.3 522.23 2388.03 8126.55 8.4322 0.03 392 2388 100.0 38.95 23.3173
83 2 20.0003 0.7 100.0 491.19 606.89 1486.12 1248.82 9.35 13.65 335.72 2323.92 8717.82 1.08 44.42 314.62 2388.07 8057.91 9.2012 0.02 364 2324 100.0 24.34 14.6209
83 3 0.0016 0.0015 100.0 518.67 641.76 1581.83 1400.45 14.62 21.61 553.54 2388.07 9048.85 1.3 47.21 522.24 2388.01 8130.12 8.4151 0.03 393 2388 100.0 38.96 23.2746
83 4 42.0025 0.8419 100.0 445.0 549.8 1344.92 1124.14 3.91 5.71 138.87 2211.84 8313.51 1.02 41.91 130.43 2387.95 8082.56 9.3364 0.02 329 2212 100.0 10.65 6.377
83 5 0.0013 0.0 100.0 518.67 642.31 1585.08 1401.1 14.62 21.61 553.99 2388.03 9049.8 1.3 47.27 521.92 2388.1 8135.86 8.4159 0.03 393 2388 100.0 38.91 23.262
83 6 25.0056 0.622 60.0 462.54 536.73 1268.41 1046.53 7.05 9.02 175.26 1915.28 8002.61 0.94 36.65 164.73 2028.13 7867.27 10.868 0.02 305 1915 84.93 14.46 8.6426
83 7 24.9998 0.62 60.0 462.54 536.78 1257.0 1050.79 7.05 9.03 175.4 1915.3 8008.77 0.94 36.59 164.58 2028.11 7870.33 10.8636 0.02 306 1915 84.93 14.29 8.5825
83 8 9.9985 0.2503 100.0 489.05 604.41 1489.56 1315.44 10.52 15.49 394.64 2318.9 8781.22 1.26 45.31 371.82 2388.07 8126.96 8.6205 0.03 368 2319 100.0 28.53 17.1917
83 9 35.0034 0.8407 100.0 449.44 555.4 1359.12 1127.05 5.48 8.0 194.26 2222.88 8341.55 1.02 41.67 182.86 2387.99 8062.94 9.2997 0.02 333 2223 100.0 14.94 8.9799
83 10 42.0063 0.84 100.0 445.0 549.47 1354.49 1123.47 3.91 5.71 138.96 2211.89 8321.47 1.02 42.04 130.5 2387.96 8077.82 9.3204 0.02 328 2212 100.0 10.57 6.3655
83 11 9.9982 0.2519 100.0 489.05 604.29 1494.87 1305.47 10.52 15.49 394.35 2318.85 8782.04 1.26 45.17 371.83 2388.07 8128.89 8.6494 0.03 369 2319 100.0 28.83 17.1729
83 12 0.0006 0.0 100.0 518.67 642.33 1587.92 1399.24 14.62 21.61 553.8 2388.05 9055.98 1.3 47.29 521.94 2388.0 8130.5 8.4089 0.03 392 2388 100.0 38.95 23.3458
83 13 42.0078 0.8418 100.0 445.0 549.43 1357.03 1122.7 3.91 5.71 137.99 2211.8 8315.34 1.02 41.99 130.34 2387.86 8081.84 9.373 0.02 329 2212 100.0 10.62 6.3639
83 14 20.0066 0.7 100.0 491.19 607.18 1483.32 1240.28 9.35 13.65 335.03 2323.92 8720.35 1.08 44.19 315.62 2388.11 8056.5 9.1845 0.02 363 2324 100.0 24.62 14.6783
83 15 0.0008 0.0014 100.0 518.67 642.31 1582.46 1392.53 14.62 21.61 553.71 2388.08 9056.4 1.3 47.17 522.02 2388.03 8129.24 8.399 0.03 391 2388 100.0 39.02 23.3913
83 16 41.9989 0.84 100.0 445.0 549.27 1355.28 1117.19 3.91 5.72 138.63 2211.81 8315.77 1.02 42.07 130.71 2387.93 8079.54 9.3153 0.02 329 2212 100.0 10.72 6.3692
83 17 0.0013 0.0012 100.0 518.67 642.55 1583.38 1404.43 14.62 21.61 554.5 2388.08 9053.28 1.3 47.26 522.58 2388.05 8132.33 8.4113 0.03 393 2388 100.0 38.74 23.3335
83 18 42.0067 0.8409 100.0 445.0 549.2 1347.6 1117.03 3.91 5.71 138.79 2211.81 8316.17 1.02 42.0 130.78 2387.85 8080.56 9.3265 0.02 330 2212 100.0 10.66 6.3783
83 19 10.0059 0.25 100.0 489.05 604.68 1493.49 1301.83 10.52 15.49 394.98 2318.89 8766.76 1.26 45.3 371.87 2388.08 8126.78 8.639 0.03 369 2319 100.0 28.56 17.0563
83 20 41.9985 0.84 100.0 445.0 549.47 1351.06 1119.48 3.91 5.71 138.85 2211.88 8316.96 1.02 41.87 130.53 2387.89 8079.75 9.358 0.02 331 2212 100.0 10.51 6.4139
83 21 35.0 0.8407 100.0 449.44 556.03 1358.46 1124.49 5.48 8.0 193.97 2222.88 8344.18 1.03 41.74 183.23 2388.04 8062.63 9.3032 0.02 334 2223 100.0 14.97 8.88
83 22 41.9989 0.84 100.0 445.0 549.62 1351.75 1122.59 3.91 5.71 138.69 2211.82 8313.89 1.02 41.85 130.42 2387.9 8079.49 9.3622 0.02 330 2212 100.0 10.64 6.3403
83 23 0.0017 0.0 100.0 518.67 641.8 1589.36 1396.41 14.62 21.61 554.44 2388.05 9053.73 1.3 47.46 521.88 2388.12 8137.28 8.4164 0.03 393 2388 100.0 38.89 23.3466
83 24 35.007 0.8407 100.0 449.44 554.95 1360.15 1125.05 5.48 8.0 194.57 2222.83 8342.98 1.02 41.76 183.36 2388.02 8062.59 9.2904 0.02 332 2223 100.0 14.73 8.9174
83 25 34.9998 0.84 100.0 449.44 555.34 1363.93 1129.97 5.48 8.0 194.55 2222.93 8342.23 1.02 41.71 183.36 2387.97 8061.69 9.3183 0.02 333 2223 100.0 14.98 8.8209
83 26 20.0055 0.7 100.0 491.19 607.05 1477.94 1244.08 9.35 13.65 334.43 2323.93 8722.27 1.07 44.31 315.44 2388.03 8060.53 9.2016 0.02 363 2324 100.0 24.43 14.7186
83 27 25.0012 0.62 60.0 462.54 536.79 1259.75 1042.29 7.05 9.02 175.29 1915.25 8000.04 0.94 36.73 164.55 2028.13 7865.08 10.8722 0.02 306 1915 84.93 14.24 8.606
83 28 9.9998 0.25 100.0 489.05 604.5 1504.27 1305.14 10.52 15.49 394.56 2318.85 8774.91 1.26 45.35 371.4 2388.13 8127.11 8.6364 0.03 368 2319 100.0 28.52 17.2676
83 29 19.9991 0.7002 100.0 491.19 606.69 1480.84 1241.5 9.35 13.65 334.87 2323.92 8713.24 1.08 44.37 315.62 2388.04 8059.14 9.2685 0.02 362 2324 100.0 24.56 14.6389
83 30 10.0012 0.2511 100.0 489.05 604.77 1496.66 1305.66 10.52 15.49 394.82 2318.9 8771.0 1.26 45.42 371.88 2388.08 8128.92 8.6476 0.03 367 2319 100.0 28.65 17.2194
83 31 25.0021 0.62 60.0 462.54 536.37 1262.95 1045.22 7.05 9.02 175.7 1915.29 7999.02 0.94 36.63 164.82 2028.13 7868.67 10.8627 0.02 308 1915 84.93 14.13 8.6112
83 32 10.0002 0.25 100.0 489.05 604.34 1499.64 1301.42 10.52 15.49 394.82 2318.91 8771.74 1.26 45.21 371.19 2388.12 8130.21 8.6064 0.03 368 2319 100.0 28.66 17.1987
83 33 10.002 0.25 100.0 489.05 604.52 1504.58 1306.77 10.52 15.49 394.84 2318.85 8769.52 1.26 45.15 371.82 2388.1 8123.56 8.6079 0.03 368 2319 100.0 28.52 17.2444
83 34 25.0017 0.62 60.0 462.54 536.28 1249.75 1047.55 7.05 9.02 175.93 1915.29 8008.08 0.94 36.6 164.97 2028.2 7873.77 10.884 0.02 307 1915 84.93 14.22 8.5517
83 35 35.0068 0.84 100.0 449.44 555.63 1361.35 1120.6 5.48 8.0 194.71 2222.91 8343.11 1.03 41.82 182.99 2387.92 8062.73 9.3131 0.02 333 2223 100.0 15.13 8.9494
83 36 25.0071 0.6203 60.0 462.54 536.64 1261.37 1047.34 7.05 9.02 175.11 1915.28 8006.99 0.94 36.52 164.94 2028.2 7867.41 10.8686 0.02 305 1915 84.93 14.49 8.6063
83 37 42.0006 0.84 100.0 445.0 549.18 1344.62 1121.19 3.91 5.72 138.99 2211.83 8326.77 1.02 41.96 130.36 2387.98 8082.64 9.3549 0.02 331 2212 100.0 10.65 6.364
83 38 20.0005 0.7 100.0 491.19 607.48 1486.21 1247.05 9.35 13.65 334.4 2323.93 8715.88 1.08 44.34 315.46 2388.0 8055.34 9.1952 0.02 365 2324 100.0 24.51 14.8609
83 39 42.0004 0.8413 100.0 445.0 549.41 1342.46 1126.22 3.91 5.71 138.52 2211.74 8313.98 1.02 42.05 131.15 2387.88 8078.54 9.334 0.02 331 2212 100.0 10.65 6.426
83 40 20.0061 0.7 100.0 491.19 606.98 1480.74 1243.03 9.35 13.66 335.18 2323.89 8726.72 1.08 44.19 315.2 2388.09 8060.29 9.203 0.02 366 2324 100.0 24.69 14.7643
83 41 19.9999 0.7 100.0 491.19 607.61 1484.98 1249.81 9.35 13.66 335.61 2323.91 8717.57 1.08 44.32 315.15 2388.04 8055.51 9.2027 0.02 365 2324 100.0 24.56 14.8096
83 42 25.0033 0.6218 60.0 462.54 536.54 1251.8 1044.26 7.05 9.02 175.91 1915.25 8013.89 0.94 36.54 164.81 2028.15 7867.88 10.899 0.02 305 1915 84.93 14.48 8.5399
83 43 35.0041 0.8412 100.0 449.44 554.96 1363.77 1123.73 5.48 8.0 195.37 2222.87 8344.17 1.02 41.85 183.19 2387.98 8060.58 9.3201 0.02 334 2223 100.0 14.88 8.8881
83 44 10.0055 0.2507 100.0 489.05 604.82 1501.65 1298.58 10.52 15.49 394.47 2318.86 8773.46 1.26 45.33 371.69 2388.06 8128.15 8.6356 0.03 371 2319 100.0 28.7 17.2185
83 45 10.0023 0.25 100.0 489.05 604.14 1497.17 1298.33 10.52 15.49 395.13 2318.92 8776.65 1.26 45.08 371.4 2388.05 8130.33 8.6114 0.03 367 2319 100.0 28.81 17.1898
83 46 25.0014 0.6207 60.0 462.54 536.4 1263.22 1046.86 7.05 9.02 175.26 1915.23 8009.68 0.94 36.53 164.33 2028.17 7869.86 10.8673 0.02 306 1915 84.93 14.43 8.5019
83 47 10.0063 0.25 100.0 489.05 604.52 1497.06 1303.95 10.52 15.49 394.54 2318.88 8768.49 1.26 45.4 371.39 2388.07 8124.63 8.659 0.03 369 2319 100.0 28.74 17.1925
83 48 35.0059 0.84 100.0 449.44 555.69 1365.88 1126.31 5.48 8.0 194.95 2222.9 8351.56 1.02 41.72 183.13 2387.96 8065.84 9.3349 0.02 333 2223 100.0 14.87 8.9705
83 49 25.0067 0.62 60.0 462.54 536.42 1258.51 1046.32 7.05 9.03 175.09 1915.24 8010.2 0.94 36.54 164.95 2028.15 7871.01 10.894 0.02 307 1915 84.93 14.36 8.6563
83 50 42.0002 0.8401 100.0 445.0 550.01 1348.08 1125.56 3.91 5.72 139.08 2211.76 8314.89 1.02 42.09 130.48 2387.86 8081.78 9.3536 0.02 331 2212 100.0 10.69 6.2256
83 51 9.999 0.25 100.0 489.05 604.71 1502.6 1301.6 10.52 15.49 395.21 2318.84 8770.36 1.26 45.27 372.03 2388.12 8129.66 8.6546 0.03 369 2319 100.0 28.63 17.0803
83 52 42.0048 0.8418 100.0 445.0 549.38 1346.07 1125.59 3.91 5.71 138.84 2211.87 8317.58 1.02 41.86 130.5 2387.93 8083.07 9.3269 0.02 329 2212 100.0 10.71 6.3762
83 53 35.0043 0.84 100.0 449.44 555.21 1365.53 1122.31 5.48 8.0 194.7 2222.82 8346.11 1.02 41.84 183.15 2387.97 8059.71 9.2664 0.02 334 2223 100.0 14.81 8.8562
83 54 42.0049 0.84 100.0 445.0 549.66 1355.31 1126.42 3.91 5.72 138.79 2211.78 8322.44 1.02 41.92 130.47 2387.87 8082.47 9.3183 0.02 331 2212 100.0 10.62 6.4864
83 55 25.0056 0.6203 60.0 462.54 536.58 1260.48 1046.47 7.05 9.02 175.95 1915.24 8000.02 0.94 36.49 165.25 2028.12 7872.25 10.8713 0.02 307 1915 84.93 14.25 8.5868
83 56 0.0028 0.0 100.0 518.67 642.0 1580.99 1407.46 14.62 21.61 554.65 2388.07 9046.33 1.3 47.35 521.72 2388.07 8134.04 8.3859 0.03 392 2388 100.0 38.92 23.3943
83 57 41.9989 0.84 100.0 445.0 549.61 1351.67 1127.56 3.91 5.71 138.95 2211.83 8312.77 1.02 41.98 130.89 2387.91 8082.4 9.3203 0.02 331 2212 100.0 10.6 6.344
83 58 0.0003 0.0 100.0 518.67 642.87 1582.76 1405.92 14.62 21.61 553.11 2388.01 9045.54 1.3 47.41 521.82 2388.07 8129.51 8.3784 0.03 392 2388 100.0 39.08 23.3238
83 59 0.0016 0.0 100.0 518.67 642.53 1590.77 1396.66 14.62 21.61 554.2 2388.0 9054.56 1.3 47.37 521.73 2388.06 8133.79 8.4149 0.03 393 2388 100.0 39.03 23.2812
83 60 10.0031 0.2501 100.0 489.05 604.36 1501.69 1309.32 10.52 15.49 394.93 2318.9 8776.07 1.26 45.25 371.65 2388.12 8125.21 8.644 0.03 370 2319 100.0 28.65 17.2036
83 61 42.0013 0.84 100.0 445.0 549.18 1350.96 1119.66 3.91 5.72 139.12 2211.82 8314.99 1.02 42.07 130.97 2387.8 8079.74 9.3769 0.02 330 2212 100.0 10.59 6.3949
83 62 0.0011 0.0006 100.0 518.67 642.12 1588.85 1398.69 14.62 21.61 553.76 2388.03 9049.94 1.3 47.41 521.55 2388.03 8126.88 8.408 0.03 392 2388 100.0 38.9 23.3752
83 63 25.0044 0.6208 60.0 462.54 536.62 1257.12 1042.19 7.05 9.02 175.8 1915.28 8011.92 0.94 36.52 164.38 2028.14 7865.61 10.8748 0.02 307 1915 84.93 14.25 8.6909
83 64 19.9989 0.7 100.0 491.19 607.52 1477.54 1252.5 9.35 13.66 335.25 2323.94 8717.0 1.08 44.24 314.71 2388.02 8058.36 9.1936 0.02 363 2324 100.0 24.5 14.7275
83 65 10.0024 0.25 100.0 489.05 604.44 1501.8 1300.8 10.52 15.49 394.05 2318.9 8771.55 1.26 45.22 372.2 2388.13 8128.98 8.6283 0.03 371 2319 100.0 28.57 17.1433
83 66 20.0001 0.7008 100.0 491.19 607.34 1478.1 1249.06 9.35 13.66 335.52 2323.98 8721.03 1.08 44.2 315.39 2388.04 8058.51 9.1676 0.02 364 2324 100.0 24.69 14.7169
83 67 25.0067 0.6217 60.0 462.54 536.44 1263.91 1048.28 7.05 9.02 175.28 1915.26 8004.72 0.94 36.81 164.9 2028.11 7873.67 10.8771 0.02 306 1915 84.93 14.32 8.4922
83 68 20.0064 0.7 100.0 491.19 607.43 1482.64 1245.8 9.35 13.65 334.33 2323.96 8719.49 1.08 44.18 315.04 2387.98 8058.81 9.1839 0.02 365 2324 100.0 24.45 14.7398
83 69 20.0056 0.7 100.0 491.19 607.18 1484.13 1247.89 9.35 13.66 335.3 2323.9 8718.56 1.08 44.35 314.79 2387.99 8053.88 9.2227 0.02 365 2324 100.0 24.47 14.817
83 70 35.0039 0.84 100.0 449.44 555.42 1362.38 1129.47 5.48 8.0 194.56 2222.87 8343.91 1.02 41.87 183.03 2387.88 8064.58 9.3215 0.02 333 2223 100.0 14.82 8.9982
83 71 42.0006 0.8403 100.0 445.0 549.32 1358.09 1119.1 3.91 5.72 139.66 2211.85 8315.27 1.02 42.0 130.45 2387.89 8080.5 9.3636 0.02 331 2212 100.0 10.49 6.4621
83 72 0.0027 0.0 100.0 518.67 642.25 1588.45 1405.2 14.62 21.61 553.48 2388.05 9046.69 1.3 47.22 521.78 2388.08 8127.44 8.4267 0.03 394 2388 100.0 38.95 23.2647
83 73 25.0011 0.62 60.0 462.54 536.6 1256.96 1042.57 7.05 9.03 175.73 1915.31 8002.45 0.94 36.71 165.25 2028.15 7874.68 10.8567 0.02 306 1915 84.93 14.45 8.4552
83 74 25.0033 0.62 60.0 462.54 536.42 1258.44 1047.63 7.05 9.03 175.34 1915.26 8009.71 0.94 36.55 164.79 2028.16 7861.84 10.8612 0.02 308 1915 84.93 14.38 8.504
83 75 24.999 0.62 60.0 462.54 536.62 1258.53 1046.14 7.05 9.03 176.06 1915.21 8006.36 0.94 36.61 164.86 2028.14 7873.09 10.8603 0.02 308 1915 84.93 14.22 8.635
83 76 0.0009 0.0015 100.0 518.67 642.56 1591.15 1407.16 14.62 21.61 553.88 2388.06 9046.8 1.3 47.42 521.78 2388.06 8129.51 8.4247 0.03 393 2388 100.0 38.85 23.2179
83 77 0.0027 0.0 100.0 518.67 642.49 1585.68 1400.07 14.62 21.61 553.72 2388.11 9053.23 1.3 47.28 522.13 2388.07 8132.42 8.4055 0.03 392 2388 100.0 39.13 23.4118
83 78 10.0036 0.25 100.0 489.05 604.38 1491.81 1306.67 10.52 15.49 394.61 2318.96 8777.83 1.26 45.13 371.9 2388.18 8129.69 8.6449 0.03 369 2319 100.0 28.69 17.0934
83 79 34.9997 0.8405 100.0 449.44 555.25 1361.38 1127.52 5.48 8.0 194.58 2222.88 8347.07 1.02 41.73 183.06 2387.94 8063.27 9.3228 0.02 334 2223 100.0 14.96 8.8229
83 80 24.9989 0.6213 60.0 462.54 536.72 1261.91 1048.05 7.05 9.02 175.56 1915.32 8003.22 0.94 36.77 163.89 2028.15 7870.81 10.883 0.02 307 1915 84.93 14.37 8.6542
83 81 25.007 0.6209 60.0 462.54 536.87 1264.94 1046.07 7.05 9.03 175.73 1915.23 8010.21 0.94 36.54 164.3 2028.15 7868.24 10.8973 0.02 308 1915 84.93 14.33 8.5774
83 82 10.0066 0.2513 100.0 489.05 604.72 1499.42 1306.22 10.52 15.49 394.36 2318.91 8767.21 1.26 45.4 371.66 2388.11 8123.57 8.6476 0.03 369 2319 100.0 28.47 17.1869
83 83 0.002 0.0002 100.0 518.67 642.32 1587.68 1407.16 14.62 21.61 553.92 2388.1 9051.74 1.3 47.39 521.86 2388.06 8131.34 8.4302 0.03 392 2388 100.0 38.98 23.44
83 84 10.0043 0.2514 100.0 489.05 604.61 1501.69 1307.74 10.52 15.49 394.93 2318.87 8768.28 1.26 45.41 371.93 2388.09 8124.72 8.672 0.03 367 2319 100.0 28.47 17.0974
83 85 10.0046 0.25 100.0 489.05 604.89 1500.6 1310.3 10.52 15.49 394.37 2318.95 8777.25 1.26 45.42 371.61 2388.09 8127.55 8.6707 0.03 368 2319 100.0 28.58 17.1831
83 86 42.006 0.8417 100.0 445.0 549.66 1355.84 1127.79 3.91 5.71 139.07 2211.74 8319.13 1.02 41.87 130.52 2387.84 8076.32 9.3826 0.02 331 2212 100.0 10.53 6.3819
83 87 42.0032 0.8403 100.0 445.0 549.06 1352.67 1122.73 3.91 5.71 138.28 2211.76 8313.81 1.02 42.01 130.3 2387.86 8079.01 9.3698 0.02 330 2212 100.0 10.54 6.3735
83 88 20.0064 0.7012 100.0 491.19 607.48 1478.24 1241.96 9.35 13.66 334.37 2323.95 8709.03 1.08 44.37 314.7 2388.01 8056.03 9.1925 0.02 365 2324 100.0 24.53 14.7602
83 89 20.0061 0.7001 100.0 491.19 607.56 1481.81 1253.43 9.35 13.66 334.43 2323.86 8717.47 1.08 44.49 315.48 2388.0 8056.0 9.1977 0.02 365 2324 100.0 24.37 14.6828
83 90 20.0054 0.7 100.0 491.19 607.25 1483.09 1253.39 9.35 13.65 334.91 2323.94 8710.7 1.08 44.45 314.52 2388.08 8055.13 9.2187 0.02 366 2324 100.0 24.38 14.6369
83 91 9.9994 0.2519 100.0 489.05 604.83 1496.25 1302.96 10.52 15.49 394.56 2318.89 8773.89 1.26 45.5 372.06 2388.09 8125.82 8.6628 0.03 370 2319 100.0 28.5 17.14
83 92 34.9981 0.84 100.0 449.44 556.03 1365.92 1133.17 5.48 8.0 194.16 2222.83 8344.91 1.02 41.88 183.16 2387.93 8060.65 9.3412 0.02 332 2223 100.0 14.85 8.9065
83 93 35.0055 0.8403 100.0 449.44 555.53 1369.7 1129.62 5.48 8.0 194.62 2222.86 8343.16 1.02 41.8 182.86 2387.88 8060.4 9.3216 0.02 334 2223 100.0 14.8 8.9113
83 94 0.0004 0.0015 100.0 518.67 642.8 1592.95 1406.48 14.62 21.61 553.97 2388.07 9053.62 1.3 47.44 521.47 2388.13 8129.63 8.3949 0.03 394 2388 100.0 38.77 23.3018
83 95 42.0024 0.8416 100.0 445.0 548.98 1360.73 1122.07 3.91 5.72 138.43 2211.75 8314.21 1.02 42.1 130.44 2387.81 8077.79 9.3638 0.02 331 2212 100.0 10.65 6.4653
83 96 10.0024 0.2508 100.0 489.05 604.65 1503.9 1312.12 10.52 15.49 394.43 2318.94 8770.02 1.26 45.29 371.63 2388.12 8123.67 8.6638 0.03 370 2319 100.0 28.62 17.1422
83 97 0.0021 0.0019 100.0 518.67 642.38 1583.6 1404.42 14.62 21.61 554.0 2388.08 9051.94 1.3 47.28 521.86 2388.11 8128.69 8.4522 0.03 392 2388 100.0 38.9 23.2835
83 98 10.0048 0.25 100.0 489.05 604.49 1497.97 1304.66 10.52 15.49 393.74 2318.97 8774.16 1.26 45.49 372.02 2388.13 8121.03 8.6565 0.03 369 2319 100.0 28.51 17.1446
83 99 0.0022 0.0002 100.0 518.67 642.38 1583.93 1411.17 14.62 21.61 553.62 2388.09 9052.55 1.3 47.34 521.9 2388.14 8130.21 8.4704 0.03 394 2388 100.0 39.04 23.3454
83 100 9.999 0.25 100.0 489.05 604.67 1503.29 1310.07 10.52 15.49 394.98 2318.94 8774.93 1.26 45.42 371.76 2388.07 8128.86 8.6378 0.03 370 2319 100.0 28.57 17.0891
83 101 35.0042 0.8404 100.0 449.44 555.79 1362.05 1128.66 5.48 8.0 194.76 2222.86 8342.22 1.02 41.9 183.24 2387.94 8067.68 9.2662 0.02 333 2223 100.0 14.98 8.893
83 102 20.0064 0.7 100.0 491.19 607.4 1482.52 1247.47 9.35 13.65 334.48 2323.93 8708.65 1.08 44.29 315.48 2388.13 8058.1 9.2088 0.02 365 2324 100.0 24.42 14.655
83 103 42.0069 0.8403 100.0 445.0 549.8 1353.93 1125.04 3.91 5.71 138.51 2211.72 8314.73 1.02 41.97 130.62 2387.82 8074.27 9.3715 0.02 329 2212 100.0 10.75 6.4647
83 104 25.0072 0.6204 60.0 462.54 535.94 1253.38 1043.37 7.05 9.03 175.72 1915.26 8005.87 0.94 36.66 164.08 2028.12 7871.16 10.8724 0.02 307 1915 84.93 14.2 8.6694
83 105 42.0068 0.8419 100.0 445.0 549.96 1349.48 1132.19 3.91 5.72 139.01 2211.78 8310.88 1.02 42.26 130.4 2387.88 8078.66 9.3559 0.02 330 2212 100.0 10.72 6.3744
83 106 41.9994 0.84 100.0 445.0 549.35 1354.59 1119.97 3.91 5.72 138.81 2211.79 8310.65 1.02 42.01 130.64 2387.82 8078.05 9.368 0.02 330 2212 100.0 10.72 6.4344
83 107 0.0001 0.0008 100.0 518.67 642.5 1596.11 1405.75 14.62 21.61 554.05 2388.12 9042.91 1.3 47.42 521.39 2388.12 8129.27 8.438 0.03 392 2388 100.0 39.01 23.352
83 108 25.005 0.6201 60.0 462.54 537.14 1265.73 1045.29 7.05 9.03 175.05 1915.2 8005.19 0.94 36.65 164.93 2028.13 7867.83 10.8913 0.02 307 1915 84.93 14.3 8.5838
83 109 20.0011 0.7 100.0 491.19 607.5 1482.9 1253.1 9.35 13.66 334.63 2323.9 8717.21 1.08 44.45 315.19 2388.09 8049.51 9.1788 0.02 365 2324 100.0 24.46 14.7258
83 110 42.0023 0.8412 100.0 445.0 549.83 1353.63 1129.65 3.91 5.71 137.79 2211.73 8322.29 1.02 42.09 130.88 2387.86 8076.13 9.3641 0.02 331 2212 100.0 10.48 6.4052
83 111 41.9985 0.84 100.0 445.0 549.37 1349.44 1122.38 3.91 5.71 138.85 2211.72 8317.97 1.02 42.17 130.36 2387.76 8075.04 9.3659 0.02 330 2212 100.0 10.67 6.3267
83 112 42.0016 0.8416 100.0 445.0 549.38 1350.09 1124.18 3.91 5.71 137.98 2211.74 8314.89 1.02 42.19 130.73 2387.8 8079.3 9.3369 0.02 330 2212 100.0 10.58 6.395
83 113 42.0037 0.8415 100.0 445.0 549.58 1347.77 1126.75 3.91 5.71 138.52 2211.73 8314.97 1.02 42.03 130.28 2387.83 8076.02 9.4015 0.02 331 2212 100.0 10.79 6.3149
83 114 20.0042 0.7 100.0 491.19 607.65 1481.39 1251.49 9.35 13.65 334.72 2323.89 8715.41 1.08 44.43 315.1 2388.09 8057.94 9.2109 0.02 366 2324 100.0 24.5 14.6701
83 115 35.0077 0.842 100.0 449.44 556.08 1367.22 1129.89 5.48 8.0 195.08 2222.81 8341.78 1.02 42.05 183.07 2387.91 8066.57 9.3357 0.02 333 2223 100.0 14.77 8.9511
83 116 35.0007 0.84 100.0 449.44 555.6 1362.49 1130.91 5.48 8.0 194.64 2222.78 8344.7 1.02 41.99 183.04 2387.88 8058.23 9.3313 0.02 334 2223 100.0 14.76 8.7867
83 117 42.0077 0.84 100.0 445.0 549.17 1357.76 1122.79 3.91 5.71 138.57 2211.7 8313.15 1.02 41.94 130.54 2387.83 8080.7 9.3581 0.02 331 2212 100.0 10.6 6.3175
83 118 35.0024 0.8401 100.0 449.44 555.49 1360.99 1130.67 5.48 8.0 194.3 2222.82 8346.36 1.02 41.99 182.41 2387.92 8058.61 9.3391 0.02 334 2223 100.0 14.93 8.981
83 119 35.006 0.8416 100.0 449.44 555.47 1366.78 1128.54 5.48 8.0 194.44 2222.76 8344.22 1.02 42.05 182.86 2387.87 8053.41 9.3103 0.02 334 2223 100.0 14.79 8.9529
83 120 41.9994 0.84 100.0 445.0 549.98 1354.03 1121.15 3.91 5.72 138.12 2211.75 8312.26 1.02 42.26 130.71 2387.74 8075.36 9.3849 0.02 332 2212 100.0 10.59 6.3635
83 121 42.0066 0.84 100.0 445.0 549.42 1358.49 1135.23 3.91 5.72 137.48 2211.7 8317.8 1.02 42.04 130.65 2387.82 8076.54 9.3575 0.02 331 2212 100.0 10.49 6.3718
83 122 35.0049 0.8404 100.0 449.44 555.99 1361.0 1126.64 5.48 8.0 194.64 2222.71 8333.4 1.02 42.06 182.99 2387.91 8057.59 9.3248 0.02 333 2223 100.0 14.9 8.9297
83 123 25.0047 0.6213 60.0 462.54 536.81 1268.78 1047.86 7.05 9.03 174.85 1915.24 8005.59 0.94 36.82 164.6 2028.08 7868.32 10.9134 0.02 306 1915 84.93 14.23 8.4628
83 124 25.0028 0.6212 60.0 462.54 537.02 1258.35 1055.76 7.05 9.02 175.05 1915.18 8000.47 0.94 36.87 164.85 2028.05 7864.96 10.8942 0.02 308 1915 84.93 14.32 8.5228
83 125 42.0003 0.8409 100.0 445.0 549.08 1354.44 1128.95 3.91 5.71 138.76 2211.76 8309.53 1.02 42.04 131.1 2387.75 8069.43 9.3996 0.02 332 2212 100.0 10.36 6.3995
83 126 10.0057 0.251 100.0 489.05 604.66 1504.41 1319.92 10.52 15.49 393.8 2318.98 8775.19 1.26 45.55 371.35 2388.15 8123.22 8.6529 0.03 370 2319 100.0 28.37 17.198
83 127 25.007 0.6219 60.0 462.54 536.73 1271.49 1051.87 7.05 9.02 175.68 1915.17 8007.82 0.94 36.72 164.4 2028.08 7867.81 10.8862 0.02 308 1915 84.93 14.22 8.5547
83 128 0.0028 0.0001 100.0 518.67 642.43 1584.4 1405.2 14.62 21.61 552.62 2388.13 9045.25 1.3 47.31 521.23 2388.14 8127.99 8.4515 0.03 392 2388 100.0 38.81 23.2351
83 129 25.0056 0.62 60.0 462.54 536.61 1265.03 1050.4 7.05 9.02 174.94 1915.19 8004.59 0.94 36.77 164.22 2028.04 7870.64 10.9045 0.02 308 1915 84.93 14.14 8.5187
83 130 19.9995 0.7018 100.0 491.19 607.62 1487.2 1254.69 9.35 13.66 334.12 2323.97 8705.47 1.07 44.64 314.99 2388.12 8050.22 9.2163 0.02 366 2324 100.0 24.17 14.7277
83 131 0.0026 0.0007 100.0 518.67 642.79 1588.5 1411.34 14.62 21.61 553.3 2388.15 9045.0 1.3 47.53 521.41 2388.17 8127.8 8.432 0.03 393 2388 100.0 38.82 23.2536
83 132 25.0049 0.62 60.0 462.54 536.43 1261.1 1049.69 7.05 9.03 175.44 1915.17 8006.15 0.94 36.7 164.24 2028.08 7866.69 10.8992 0.02 306 1915 84.93 14.33 8.6185
83 133 42.0032 0.8411 100.0 445.0 549.88 1353.0 1122.54 3.91 5.71 138.35 2211.7 8313.14 1.02 42.29 130.26 2387.71 8075.43 9.4056 0.02 332 2212 100.0 10.6 6.3363
83 134 42.0069 0.84 100.0 445.0 549.75 1355.31 1127.01 3.91 5.71 138.65 2211.64 8321.72 1.02 42.31 130.58 2387.67 8074.78 9.4119 0.02 332 2212 100.0 10.56 6.3665
83 135 10.0006 0.25 100.0 489.05 604.89 1500.55 1311.13 10.52 15.49 394.09 2318.97 8768.64 1.26 45.53 371.62 2388.16 8120.13 8.6696 0.03 370 2319 100.0 28.48 17.1355
83 136 42.0006 0.8418 100.0 445.0 550.05 1354.75 1128.91 3.91 5.72 138.56 2211.67 8309.6 1.02 42.06 130.5 2387.73 8081.64 9.403 0.02 332 2212 100.0 10.73 6.3716
83 137 20.0068 0.7017 100.0 491.19 608.52 1480.46 1256.69 9.35 13.66 334.22 2323.92 8716.54 1.08 44.49 315.14 2388.09 8048.2 9.2333 0.03 365 2324 100.0 24.68 14.6268
83 138 25.006 0.6217 60.0 462.54 536.8 1267.82 1057.6 7.05 9.03 175.57 1915.13 8006.53 0.94 36.93 164.33 2028.04 7864.33 10.9106 0.02 309 1915 84.93 14.12 8.5798
83 139 41.9995 0.84 100.0 445.0 550.03 1356.73 1133.46 3.91 5.72 139.18 2211.56 8306.26 1.02 41.99 130.02 2387.69 8072.73 9.4015 0.02 331 2212 100.0 10.62 6.2736
83 140 10.0023 0.2503 100.0 489.05 604.72 1495.09 1315.54 10.52 15.49 394.41 2319.0 8770.27 1.26 45.7 371.3 2388.21 8115.09 8.6407 0.03 370 2319 100.0 28.48 17.185
83 141 42.0031 0.84 100.0 445.0 549.35 1358.51 1123.92 3.91 5.72 138.4 2211.72 8308.52 1.02 42.12 130.81 2387.64 8072.27 9.3714 0.02 332 2212 100.0 10.61 6.4235
83 142 20.0013 0.7 100.0 491.19 607.94 1482.51 1258.52 9.35 13.66 333.42 2323.96 8716.51 1.08 44.45 314.74 2388.11 8046.77 9.2225 0.02 365 2324 100.0 24.54 14.5394
83 143 34.9996 0.84 100.0 449.44 556.13 1366.5 1134.28 5.48 8.0 194.28 2222.75 8339.06 1.02 41.93 181.74 2387.76 8054.1 9.339 0.02 334 2223 100.0 14.84 8.9428
83 144 9.9986 0.2505 100.0 489.05 605.23 1503.71 1316.12 10.52 15.5 393.73 2319.01 8765.57 1.26 45.64 371.41 2388.21 8115.15 8.6754 0.03 370 2319 100.0 28.57 17.0835
83 145 25.0068 0.6214 60.0 462.54 536.67 1262.67 1054.76 7.05 9.02 175.61 1915.18 8003.59 0.94 36.9 164.18 2028.07 7866.1 10.9253 0.02 307 1915 84.93 14.15 8.6334
83 146 42.0008 0.84 100.0 445.0 549.81 1361.74 1129.92 3.91 5.71 138.22 2211.55 8305.23 1.02 42.23 130.43 2387.69 8064.44 9.3945 0.02 332 2212 100.0 10.71 6.356
83 147 25.0012 0.62 60.0 462.54 536.94 1263.67 1047.92 7.05 9.03 174.87 1915.16 7997.43 0.94 36.95 164.87 2027.99 7864.94 10.9266 0.02 307 1915 84.93 14.25 8.5799
83 148 10.0041 0.2503 100.0 489.05 604.98 1498.45 1314.31 10.52 15.49 394.05 2319.02 8767.14 1.26 45.63 371.23 2388.22 8112.53 8.684 0.03 369 2319 100.0 28.48 16.966
83 149 0.0002 0.0 100.0 518.67 642.4 1587.93 1416.92 14.62 21.61 553.21 2388.19 9044.82 1.3 47.66 520.66 2388.17 8122.85 8.458 0.03 395 2388 100.0 38.64 23.2959
83 150 25.0057 0.62 60.0 462.54 536.85 1261.62 1051.32 7.05 9.03 175.09 1915.12 7999.77 0.94 36.97 164.44 2027.98 7865.15 10.9437 0.02 307 1915 84.93 14.3 8.4522
83 151 25.0065 0.62 60.0 462.54 536.7 1267.02 1043.26 7.05 9.03 175.72 1915.15 8001.1 0.94 36.87 163.79 2027.98 7859.33 10.9179 0.02 309 1915 84.93 14.36 8.5856
83 152 42.0033 0.84 100.0 445.0 550.43 1353.76 1133.68 3.91 5.72 138.05 2211.52 8305.31 1.02 42.28 130.13 2387.56 8071.18 9.4249 0.02 332 2212 100.0 10.69 6.4012
83 153 19.9982 0.7 100.0 491.19 608.13 1482.89 1254.98 9.35 13.66 333.61 2323.97 8714.31 1.08 44.62 314.84 2388.11 8048.19 9.2311 0.02 367 2324 100.0 24.47 14.5276
83 154 10.0066 0.2507 100.0 489.05 605.34 1499.96 1322.07 10.52 15.5 393.91 2319.04 8766.89 1.26 45.54 371.21 2388.2 8117.2 8.7232 0.03 370 2319 100.0 28.47 16.9987
83 155 42.0023 0.842 100.0 445.0 550.15 1355.76 1135.36 3.91 5.71 138.51 2211.6 8307.44 1.02 42.27 130.05 2387.62 8071.93 9.3988 0.02 331 2212 100.0 10.57 6.4561
83 156 20.0009 0.7 100.0 491.19 607.84 1492.79 1256.68 9.35 13.66 334.08 2323.96 8704.97 1.08 44.45 314.56 2388.1 8049.64 9.2707 0.02 366 2324 100.0 24.27 14.7016
83 157 41.9989 0.8417 100.0 445.0 550.37 1359.33 1130.58 3.91 5.72 137.87 2211.54 8309.16 1.02 42.39 130.3 2387.56 8065.14 9.4481 0.02 333 2212 100.0 10.57 6.188
83 158 42.0058 0.8401 100.0 445.0 550.28 1352.09 1132.74 3.91 5.71 137.57 2211.57 8303.28 1.02 42.2 129.99 2387.55 8060.89 9.4566 0.02 334 2212 100.0 10.6 6.3747
83 159 25.0075 0.62 60.0 462.54 537.49 1260.76 1055.93 7.05 9.03 175.23 1915.12 8007.63 0.94 36.9 164.53 2028.01 7869.49 10.9463 0.02 309 1915 84.93 14.28 8.6321
83 160 25.0007 0.62 60.0 462.54 537.52 1267.13 1058.14 7.05 9.03 175.38 1915.06 7995.25 0.94 37.16 164.12 2027.98 7861.04 10.9188 0.02 308 1915 84.93 14.34 8.5544
83 161 20.0013 0.7 100.0 491.19 608.63 1489.04 1260.61 9.35 13.66 333.94 2323.96 8709.71 1.08 44.67 313.89 2388.12 8044.71 9.2415 0.02 366 2324 100.0 24.21 14.5667
83 162 0.0028 0.0 100.0 518.67 643.0 1593.57 1420.58 14.62 21.61 552.45 2388.12 9035.76 1.3 47.83 520.79 2388.23 8117.91 8.4847 0.03 395 2388 100.0 38.8 23.1653
83 163 0.0001 0.0 100.0 518.67 643.18 1599.4 1418.7 14.62 21.61 552.15 2388.23 9042.31 1.3 47.71 520.22 2388.17 8116.83 8.4803 0.03 395 2388 100.0 38.62 23.2039
83 164 35.0052 0.84 100.0 449.44 556.53 1370.97 1139.75 5.48 8.0 193.64 2222.64 8332.62 1.02 42.42 183.16 2387.7 8044.47 9.3792 0.02 335 2223 100.0 14.61 8.8133
83 165 41.9983 0.84 100.0 445.0 549.82 1364.15 1137.81 3.91 5.72 138.33 2211.48 8309.44 1.02 42.4 130.61 2387.53 8066.25 9.421 0.02 332 2212 100.0 10.58 6.27
83 166 10.0034 0.2504 100.0 489.05 605.79 1503.84 1318.08 10.52 15.5 393.09 2319.11 8769.28 1.26 45.89 370.76 2388.25 8115.93 8.711 0.03 371 2319 100.0 28.45 16.9296
83 167 42.0003 0.84 100.0 445.0 550.08 1355.48 1142.05 3.91 5.71 138.55 2211.44 8308.56 1.02 42.29 130.4 2387.51 8063.07 9.399 0.02 330 2212 100.0 10.58 6.4111
83 168 35.007 0.84 100.0 449.44 555.89 1373.86 1138.41 5.48 8.0 193.35 2222.67 8337.56 1.02 42.16 182.8 2387.74 8050.12 9.3916 0.02 335 2223 100.0 14.78 8.8264
83 169 0.0023 0.0012 100.0 518.67 643.21 1603.68 1419.05 14.62 21.61 552.33 2388.21 9039.97 1.3 48.01 520.45 2388.29 8119.37 8.5242 0.03 395 2388 100.0 38.61 23.0959
83 170 20.0014 0.7 100.0 491.19 608.21 1498.61 1265.95 9.35 13.66 333.05 2323.99 8708.93 1.08 45.17 314.11 2388.17 8045.27 9.2801 0.02 366 2324 100.0 24.36 14.6554
83 171 42.0014 0.8405 100.0 445.0 550.07 1362.17 1144.79 3.91 5.71 137.88 2211.43 8304.11 1.02 42.49 131.0 2387.54 8069.81 9.399 0.02 331 2212 100.0 10.55 6.2266
83 172 10.0043 0.25 100.0 489.05 605.33 1499.78 1324.3 10.52 15.5 393.58 2319.15 8762.02 1.26 46.0 371.5 2388.31 8110.28 8.7251 0.03 370 2319 100.0 28.17 17.0065
83 173 35.0054 0.8407 100.0 449.44 556.27 1371.64 1149.63 5.48 8.0 193.41 2222.55 8331.39 1.02 42.31 182.22 2387.6 8044.4 9.4044 0.02 335 2223 100.0 14.79 8.9344
83 174 25.0019 0.62 60.0 462.54 537.38 1275.24 1056.39 7.05 9.03 175.17 1914.97 7995.35 0.94 37.12 163.99 2027.81 7857.54 10.9358 0.02 309 1915 84.93 14.19 8.4892
83 175 25.0072 0.62 60.0 462.54 537.43 1273.52 1058.2 7.05 9.03 175.14 1914.98 7999.59 0.94 37.07 163.88 2027.82 7857.05 10.9946 0.02 309 1915 84.93 14.27 8.5031
83 176 25.0066 0.62 60.0 462.54 536.97 1258.53 1064.82 7.05 9.03 175.16 1914.92 7997.7 0.94 37.22 164.37 2027.79 7854.01 10.9708 0.02 308 1915 84.93 14.21 8.4843
83 177 42.0045 0.84 100.0 445.0 550.6 1362.9 1144.29 3.91 5.71 138.0 2211.33 8301.27 1.02 42.59 129.98 2387.31 8058.68 9.4554 0.02 332 2212 100.0 10.44 6.2664
83 178 42.0055 0.84 100.0 445.0 550.77 1364.53 1146.26 3.91 5.71 138.65 2211.28 8305.51 1.02 42.71 130.0 2387.34 8058.45 9.4697 0.02 334 2212 100.0 10.56 6.3419
83 179 42.0007 0.8403 100.0 445.0 550.32 1365.99 1143.82 3.91 5.72 138.1 2211.29 8307.59 1.02 42.56 130.19 2387.37 8064.59 9.4663 0.02 333 2212 100.0 10.58 6.4409
83 180 42.0017 0.84 100.0 445.0 550.9 1367.83 1139.14 3.91 5.71 137.86 2211.19 8296.3 1.02 42.53 129.63 2387.25 8052.96 9.4666 0.02 332 2212 100.0 10.48 6.3015
83 181 0.0017 0.0 100.0 518.67 643.31 1596.01 1427.09 14.62 21.61 552.07 2388.28 9027.0 1.3 48.12 519.89 2388.26 8111.43 8.5186 0.03 398 2388 100.0 38.58 23.0721
83 182 24.9989 0.6217 60.0 462.54 537.49 1270.9 1068.09 7.05 9.03 174.81 1914.84 7985.18 0.94 37.42 164.25 2027.7 7852.67 11.0006 0.02 311 1915 84.93 14.15 8.4935
83 183 9.9989 0.2507 100.0 489.05 605.94 1511.4 1324.93 10.52 15.5 392.49 2319.21 8758.27 1.26 46.05 370.48 2388.35 8096.8 8.755 0.03 372 2319 100.0 28.11 16.8615
83 184 25.0051 0.62 60.0 462.54 536.86 1271.93 1069.65 7.05 9.03 175.09 1914.83 7989.42 0.94 37.38 163.91 2027.69 7860.53 11.0125 0.02 309 1915 84.93 14.07 8.4198
85 1 -0.0025 0.0002 100.0 518.67 641.63 1582.16 1394.08 14.62 21.6 555.99 2388.05 9055.67 1.3 47.31 523.1 2388.04 8140.12 8.3392 0.03 391 2388 100.0 39.14 23.5548
85 2 0.0003 0.0005 100.0 518.67 641.82 1585.17 1396.64 14.62 21.6 555.47 2388.03 9054.71 1.3 47.13 522.42 2387.97 8136.69 8.4137 0.03 390 2388 100.0 39.1 23.3997
85 3 0.0021 0.0001 100.0 518.67 642.19 1583.22 1392.38 14.62 21.6 555.63 2388.01 9052.38 1.3 47.11 523.32 2387.98 8141.29 8.3507 0.03 391 2388 100.0 39.12 23.492
85 4 -0.003 0.0004 100.0 518.67 642.46 1586.37 1393.03 14.62 21.6 555.85 2388.09 9058.97 1.3 47.24 523.2 2388.0 8137.57 8.3902 0.03 392 2388 100.0 39.02 23.4184
85 5 0.0003 0.0003 100.0 518.67 641.86 1583.11 1404.22 14.62 21.6 555.5 2387.98 9059.44 1.3 47.2 523.18 2388.06 8131.2 8.3908 0.03 391 2388 100.0 39.08 23.473
85 6 0.0008 -0.0005 100.0 518.67 642.04 1579.91 1399.35 14.62 21.6 555.58 2388.04 9044.01 1.3 47.22 523.33 2388.05 8134.34 8.4116 0.03 391 2388 100.0 39.09 23.4689
85 7 0.0008 -0.0003 100.0 518.67 641.82 1584.79 1394.54 14.62 21.6 554.81 2388.03 9058.55 1.3 47.02 522.66 2387.94 8139.3 8.3604 0.03 390 2388 100.0 39.0 23.4259
85 8 0.002 -0.0002 100.0 518.67 642.26 1596.78 1395.02 14.62 21.6 555.92 2388.06 9058.78 1.3 47.19 523.72 2388.03 8137.59 8.3385 0.03 392 2388 100.0 39.1 23.3979
85 9 0.0003 -0.0 100.0 518.67 641.62 1585.88 1391.21 14.62 21.6 554.99 2387.99 9056.64 1.3 47.11 522.87 2387.99 8140.59 8.3488 0.03 391 2388 100.0 39.2 23.3356
85 10 0.0023 -0.0004 100.0 518.67 642.11 1585.87 1400.78 14.62 21.6 555.69 2388.1 9051.1 1.3 47.22 523.11 2388.05 8142.3 8.3815 0.03 391 2388 100.0 38.96 23.5389
85 11 0.0001 -0.0002 100.0 518.67 642.43 1590.65 1400.84 14.62 21.6 554.71 2387.98 9052.87 1.3 47.18 522.89 2387.98 8133.71 8.3686 0.03 390 2388 100.0 39.01 23.4272
85 12 -0.0003 -0.0001 100.0 518.67 641.8 1587.6 1396.37 14.62 21.6 555.06 2388.02 9056.74 1.3 47.08 523.15 2387.98 8140.9 8.337 0.03 391 2388 100.0 39.1 23.5315
85 13 0.0022 -0.0 100.0 518.67 641.96 1586.91 1395.41 14.62 21.61 556.17 2388.0 9049.84 1.3 47.21 522.83 2388.01 8142.39 8.4032 0.03 392 2388 100.0 39.0 23.4953
85 14 0.0011 0.0001 100.0 518.67 642.48 1578.76 1398.83 14.62 21.6 555.63 2388.03 9055.34 1.3 47.22 523.09 2388.03 8141.1 8.4066 0.03 392 2388 100.0 39.04 23.5074
85 15 -0.0031 -0.0004 100.0 518.67 642.29 1585.48 1393.58 14.62 21.6 555.84 2388.05 9051.98 1.3 47.22 522.83 2388.06 8141.03 8.4104 0.03 390 2388 100.0 39.0 23.4678
85 16 -0.0013 -0.0003 100.0 518.67 642.49 1589.93 1399.1 14.62 21.6 554.91 2388.0 9054.51 1.3 47.22 522.73 2387.97 8138.44 8.3766 0.03 392 2388 100.0 39.15 23.5738
85 17 -0.0002 -0.0005 100.0 518.67 641.68 1584.08 1394.01 14.62 21.6 555.98 2388.03 9060.37 1.3 47.16 523.71 2388.0 8139.37 8.4244 0.03 392 2388 100.0 38.96 23.4605
85 18 0.0001 -0.0005 100.0 518.67 642.02 1586.95 1391.66 14.62 21.6 555.39 2388.02 9048.66 1.3 47.16 523.79 2388.0 8140.52 8.3723 0.03 391 2388 100.0 39.07 23.5315
85 19 0.0053 0.0001 100.0 518.67 641.7 1581.92 1391.43 14.62 21.6 555.82 2388.04 9056.31 1.3 47.17 522.6 2388.02 8144.02 8.4044 0.03 391 2388 100.0 39.16 23.5299
85 20 0.0002 -0.0004 100.0 518.67 642.32 1578.34 1397.33 14.62 21.6 555.64 2388.05 9058.17 1.3 47.1 522.88 2388.06 8141.16 8.3875 0.03 392 2388 100.0 39.06 23.4842
85 21 0.0019 0.0003 100.0 518.67 642.07 1585.3 1402.36 14.62 21.6 555.51 2388.07 9053.03 1.3 47.18 523.41 2388.03 8139.13 8.3833 0.03 391 2388 100.0 39.2 23.411
85 22 -0.0012 0.0004 100.0 518.67 642.16 1583.95 1396.55 14.62 21.6 555.19 2388.05 9056.88 1.3 46.99 523.04 2387.99 8142.13 8.3769 0.03 390 2388 100.0 39.09 23.5383
85 23 0.0033 -0.0003 100.0 518.67 642.29 1584.03 1394.77 14.62 21.61 555.18 2388.05 9053.87 1.3 46.98 522.73 2387.99 8139.68 8.3148 0.03 394 2388 100.0 39.01 23.4381
85 24 -0.0013 0.0001 100.0 518.67 641.63 1579.35 1394.26 14.62 21.6 556.02 2387.98 9054.59 1.3 47.04 523.36 2388.04 8139.51 8.3894 0.03 391 2388 100.0 38.99 23.4648
85 25 0.0007 0.0003 100.0 518.67 641.28 1580.5 1401.82 14.62 21.61 555.28 2388.02 9058.36 1.3 47.25 524.01 2388.02 8140.17 8.3848 0.03 391 2388 100.0 39.12 23.5053
85 26 0.0029 0.0002 100.0 518.67 642.19 1583.45 1392.76 14.62 21.6 554.88 2387.93 9051.81 1.3 47.07 523.29 2388.08 8134.51 8.3708 0.03 391 2388 100.0 38.92 23.4643
85 27 0.0016 -0.0005 100.0 518.67 642.14 1578.23 1398.33 14.62 21.6 555.89 2388.1 9054.63 1.3 47.38 522.93 2388.0 8141.42 8.3478 0.03 391 2388 100.0 39.17 23.3586
85 28 0.0001 -0.0004 100.0 518.67 641.83 1591.0 1390.34 14.62 21.6 555.09 2387.97 9048.48 1.3 47.12 523.24 2387.98 8141.77 8.3779 0.03 391 2388 100.0 39.19 23.519
85 29 0.003 -0.0 100.0 518.67 641.69 1582.37 1394.07 14.62 21.6 555.79 2388.01 9052.56 1.3 47.23 523.17 2388.03 8134.24 8.3779 0.03 391 2388 100.0 39.14 23.4729
85 30 -0.0014 0.0001 100.0 518.67 642.54 1589.56 1399.49 14.62 21.6 555.41 2388.04 9057.69 1.3 47.11 523.52 2388.06 8135.97 8.3855 0.03 391 2388 100.0 39.09 23.4984
85 31 -0.0004 0.0001 100.0 518.67 641.87 1579.49 1398.69 14.62 21.6 555.33 2388.04 9058.97 1.3 47.29 523.7 2388.07 8137.13 8.3852 0.03 392 2388 100.0 39.05 23.5276
85 32 -0.0034 -0.0001 100.0 518.67 641.78 1583.41 1394.02 14.62 21.6 555.12 2388.09 9056.87 1.3 47.07 523.12 2388.05 8136.93 8.363 0.03 391 2388 100.0 38.99 23.4402
85 33 -0.0002 0.0 100.0 518.67 642.02 1580.34 1401.19 14.62 21.6 555.5 2388.05 9051.31 1.3 47.28 522.96 2388.01 8137.22 8.3809 0.03 392 2388 100.0 39.09 23.4693
85 34 0.0018 0.0002 100.0 518.67 642.23 1589.2 1398.5 14.62 21.6 555.86 2388.07 9059.36 1.3 47.16 523.15 2388.05 8143.69 8.4227 0.03 390 2388 100.0 39.01 23.4114
85 35 0.001 -0.0004 100.0 518.67 642.31 1584.26 1393.6 14.62 21.6 555.18 2388.04 9055.0 1.3 47.13 523.31 2388.0 8138.72 8.3963 0.03 390 2388 100.0 39.11 23.4014
85 36 -0.0031 -0.0003 100.0 518.67 642.07 1582.66 1397.72 14.62 21.6 555.73 2388.03 9048.94 1.3 47.17 523.33 2388.02 8144.12 8.391 0.03 391 2388 100.0 39.0 23.4415
85 37 -0.0025 -0.0001 100.0 518.67 642.73 1582.49 1403.38 14.62 21.6 554.95 2388.06 9049.83 1.3 47.25 522.79 2388.06 8138.58 8.3852 0.03 392 2388 100.0 39.08 23.4641
85 38 0.0013 -0.0002 100.0 518.67 641.49 1587.67 1402.4 14.62 21.6 554.99 2388.01 9058.37 1.3 47.09 523.4 2388.01 8137.34 8.3519 0.03 391 2388 100.0 39.28 23.5385
85 39 -0.0015 0.0001 100.0 518.67 642.1 1580.42 1393.58 14.62 21.6 555.95 2388.04 9052.9 1.3 47.06 522.55 2388.0 8132.5 8.39 0.03 391 2388 100.0 39.11 23.45
85 40 -0.0033 -0.0002 100.0 518.67 641.99 1583.28 1394.21 14.62 21.6 555.11 2388.06 9056.04 1.3 47.06 523.4 2387.99 8143.37 8.3832 0.03 390 2388 100.0 39.15 23.4699
85 41 -0.0033 0.0002 100.0 518.67 642.57 1582.35 1398.31 14.62 21.6 556.26 2388.04 9055.07 1.3 47.12 523.53 2387.99 8148.72 8.3794 0.03 393 2388 100.0 39.11 23.3634
85 42 -0.0004 0.0001 100.0 518.67 642.15 1586.24 1402.84 14.62 21.6 555.23 2388.04 9058.93 1.3 47.38 523.09 2388.02 8137.85 8.3639 0.03 391 2388 100.0 39.01 23.4386
85 43 0.0 -0.0001 100.0 518.67 641.91 1576.31 1394.54 14.62 21.6 555.39 2388.04 9056.82 1.3 47.17 523.46 2388.07 8137.27 8.396 0.03 392 2388 100.0 39.32 23.3853
85 44 0.0007 -0.0 100.0 518.67 641.94 1589.02 1393.31 14.62 21.6 555.53 2387.99 9053.89 1.3 46.95 523.25 2387.92 8139.75 8.357 0.03 390 2388 100.0 39.27 23.4974
85 45 -0.0002 -0.0004 100.0 518.67 641.58 1585.47 1401.9 14.62 21.6 556.37 2388.02 9053.44 1.3 47.29 523.08 2388.03 8136.99 8.3863 0.03 390 2388 100.0 39.24 23.481
85 46 -0.0021 -0.0001 100.0 518.67 642.22 1586.6 1392.11 14.62 21.6 555.39 2388.0 9055.73 1.3 47.19 523.05 2387.95 8136.79 8.3674 0.03 392 2388 100.0 39.18 23.3911
85 47 -0.0002 0.0005 100.0 518.67 642.24 1583.26 1398.12 14.62 21.6 555.69 2387.97 9060.69 1.3 47.07 523.7 2388.0 8137.73 8.3898 0.03 391 2388 100.0 39.18 23.5358
85 48 -0.0046 0.0002 100.0 518.67 641.87 1576.82 1393.81 14.62 21.6 556.03 2388.06 9058.22 1.3 47.01 523.2 2388.0 8141.06 8.4069 0.03 392 2388 100.0 39.1 23.468
85 49 0.0001 0.0002 100.0 518.67 642.33 1576.79 1397.61 14.62 21.6 555.18 2388.02 9061.24 1.3 47.25 522.72 2387.98 8137.61 8.3837 0.03 392 2388 100.0 39.16 23.3974
85 50 0.0011 -0.0003 100.0 518.67 642.14 1579.4 1400.82 14.62 21.61 555.99 2388.05 9057.43 1.3 47.36 523.24 2388.02 8141.03 8.3841 0.03 391 2388 100.0 39.0 23.4067
85 51 -0.0031 -0.0002 100.0 518.67 641.94 1582.32 1394.28 14.62 21.6 554.96 2388.01 9052.83 1.3 47.1 523.37 2388.03 8137.24 8.3433 0.03 392 2388 100.0 39.29 23.4019
85 52 0.0059 0.0002 100.0 518.67 641.96 1581.85 1399.37 14.62 21.6 555.58 2387.98 9052.74 1.3 47.19 523.36 2388.02 8140.45 8.3717 0.03 390 2388 100.0 39.01 23.5447
85 53 -0.0022 -0.0003 100.0 518.67 641.78 1581.31 1397.92 14.62 21.6 554.84 2388.02 9053.29 1.3 46.99 523.3 2388.02 8138.77 8.3645 0.03 392 2388 100.0 39.17 23.4228
85 54 -0.0003 -0.0001 100.0 518.67 642.47 1584.86 1394.18 14.62 21.6 555.88 2388.01 9051.24 1.3 47.2 523.91 2388.07 8136.54 8.3798 0.03 393 2388 100.0 38.95 23.4803
85 55 0.0003 -0.0004 100.0 518.67 642.31 1583.01 1394.99 14.62 21.6 555.94 2388.05 9050.33 1.3 47.16 523.64 2388.01 8136.61 8.374 0.03 392 2388 100.0 38.98 23.4735
85 56 -0.0041 0.0004 100.0 518.67 642.08 1581.23 1402.74 14.62 21.6 555.35 2387.98 9049.53 1.3 47.2 523.67 2388.06 8143.49 8.3945 0.03 392 2388 100.0 39.27 23.4858
85 57 0.0007 0.0 100.0 518.67 641.63 1575.8 1394.65 14.62 21.6 556.12 2387.97 9048.33 1.3 47.1 523.16 2388.08 8136.52 8.3844 0.03 391 2388 100.0 39.27 23.4219
85 58 0.0029 -0.0004 100.0 518.67 642.19 1573.83 1394.79 14.62 21.6 555.35 2388.05 9052.71 1.3 47.3 523.52 2388.0 8139.48 8.3855 0.03 390 2388 100.0 38.95 23.5475
85 59 0.0003 0.0002 100.0 518.67 642.3 1577.27 1396.18 14.62 21.6 555.07 2388.06 9055.37 1.3 47.08 523.18 2387.99 8143.91 8.401 0.03 389 2388 100.0 39.08 23.5041
85 60 0.0001 -0.0003 100.0 518.67 642.26 1580.84 1392.42 14.62 21.6 556.85 2388.01 9052.76 1.3 47.08 523.62 2388.03 8140.57 8.3956 0.03 393 2388 100.0 39.16 23.522
85 61 0.0012 0.0005 100.0 518.67 642.04 1587.3 1399.64 14.62 21.6 554.9 2388.05 9058.67 1.3 47.3 522.82 2388.01 8137.15 8.3854 0.03 391 2388 100.0 39.11 23.4509
85 62 0.0015 0.0004 100.0 518.67 642.0 1584.6 1393.74 14.62 21.6 554.81 2388.03 9052.17 1.3 47.21 523.15 2388.05 8145.85 8.3876 0.03 391 2388 100.0 39.33 23.4596
85 63 -0.0007 0.0002 100.0 518.67 641.8 1583.98 1396.93 14.62 21.6 555.38 2388.03 9056.07 1.3 47.18 522.93 2388.03 8141.45 8.3768 0.03 391 2388 100.0 39.11 23.4581
85 64 0.0041 -0.0003 100.0 518.67 642.44 1576.85 1398.53 14.62 21.6 556.09 2388.05 9057.78 1.3 47.21 523.52 2387.98 8140.35 8.3594 0.03 391 2388 100.0 39.24 23.5136
85 65 0.0016 0.0001 100.0 518.67 641.86 1583.3 1396.05 14.62 21.6 555.9 2388.05 9054.06 1.3 47.06 523.81 2388.01 8138.38 8.3834 0.03 392 2388 100.0 39.08 23.479
85 66 0.0013 0.0001 100.0 518.67 641.94 1588.8 1387.32 14.62 21.6 554.72 2388.03 9055.87 1.3 47.17 523.31 2388.03 8140.29 8.3649 0.03 392 2388 100.0 39.11 23.4799
85 67 -0.0012 0.0002 100.0 518.67 642.27 1588.04 1394.86 14.62 21.6 555.72 2387.98 9056.08 1.3 47.11 523.11 2388.09 8141.6 8.3704 0.03 391 2388 100.0 38.95 23.5487
85 68 -0.0005 -0.0003 100.0 518.67 642.18 1580.46 1400.12 14.62 21.61 555.91 2388.0 9057.4 1.3 47.21 523.68 2388.04 8137.01 8.3856 0.03 391 2388 100.0 39.05 23.4938
85 69 -0.0039 -0.0003 100.0 518.67 641.67 1590.68 1394.2 14.62 21.6 555.39 2388.01 9051.73 1.3 46.92 523.42 2388.0 8136.71 8.3784 0.03 390 2388 100.0 39.13 23.5018
85 70 -0.0027 0.0004 100.0 518.67 642.01 1575.4 1399.56 14.62 21.6 554.95 2387.98 9055.23 1.3 47.44 523.71 2388.06 8142.94 8.3716 0.03 390 2388 100.0 39.13 23.4141
85 71 0.0006 -0.0001 100.0 518.67 641.77 1580.86 1396.04 14.62 21.6 555.42 2388.05 9059.06 1.3 47.12 523.64 2388.0 8141.44 8.3527 0.03 392 2388 100.0 39.14 23.4535
85 72 0.0018 0.0004 100.0 518.67 642.19 1588.74 1396.95 14.62 21.61 556.24 2388.11 9065.11 1.3 47.1 524.24 2388.07 8141.89 8.3878 0.03 393 2388 100.0 39.15 23.459
85 73 0.0002 0.0004 100.0 518.67 642.21 1589.43 1395.62 14.62 21.6 555.11 2388.04 9055.86 1.3 47.08 523.28 2388.0 8134.66 8.3495 0.03 392 2388 100.0 38.99 23.4908
85 74 -0.0001 0.0004 100.0 518.67 642.51 1586.63 1394.02 14.62 21.6 555.36 2388.0 9051.97 1.3 47.14 523.46 2387.98 8137.29 8.3637 0.03 391 2388 100.0 39.2 23.3197
85 75 0.0018 -0.0003 100.0 518.67 642.07 1587.55 1396.25 14.62 21.6 555.55 2387.99 9056.51 1.3 47.08 523.38 2388.0 8135.95 8.4028 0.03 392 2388 100.0 39.28 23.5181
85 76 0.0028 0.0001 100.0 518.67 642.48 1585.02 1399.01 14.62 21.6 555.22 2388.02 9058.27 1.3 47.23 523.5 2388.01 8133.07 8.3821 0.03 393 2388 100.0 39.04 23.463
85 77 -0.0005 0.0002 100.0 518.67 642.3 1582.57 1397.37 14.62 21.61 555.79 2388.1 9069.06 1.3 47.15 523.98 2388.0 8141.92 8.3732 0.03 393 2388 100.0 39.3 23.4827
85 78 0.0036 0.0001 100.0 518.67 642.15 1592.63 1401.39 14.62 21.6 555.45 2388.01 9058.3 1.3 47.32 523.44 2388.0 8141.06 8.3705 0.03 392 2388 100.0 39.07 23.4578
85 79 -0.0002 -0.0004 100.0 518.67 642.17 1584.84 1394.98 14.62 21.6 555.35 2388.07 9060.15 1.3 47.02 523.28 2388.04 8138.04 8.3723 0.03 391 2388 100.0 39.28 23.3647
85 80 -0.0016 -0.0002 100.0 518.67 642.32 1578.51 1394.6 14.62 21.6 555.84 2387.99 9056.56 1.3 47.28 523.97 2388.05 8143.05 8.3762 0.03 391 2388 100.0 39.12 23.4983
85 81 -0.0002 0.0002 100.0 518.67 641.45 1584.56 1399.28 14.62 21.6 556.42 2388.0 9054.0 1.3 47.13 523.49 2387.98 8141.25 8.3824 0.03 391 2388 100.0 39.1 23.4654
85 82 -0.0021 0.0004 100.0 518.67 641.93 1574.5 1398.36 14.62 21.6 555.67 2388.03 9058.41 1.3 47.37 524.21 2388.0 8141.46 8.3675 0.03 392 2388 100.0 39.16 23.4818
85 83 0.0034 0.0001 100.0 518.67 642.06 1582.01 1391.48 14.62 21.6 555.65 2388.03 9053.41 1.3 47.31 523.56 2388.0 8143.23 8.3738 0.03 390 2388 100.0 39.08 23.4645
85 84 0.0005 -0.0002 100.0 518.67 642.01 1585.36 1400.83 14.62 21.6 556.08 2388.08 9056.53 1.3 47.23 523.81 2388.0 8141.74 8.3568 0.03 393 2388 100.0 39.08 23.438
85 85 0.0012 0.0002 100.0 518.67 642.32 1580.88 1400.89 14.62 21.6 555.27 2388.09 9057.13 1.3 47.31 523.63 2388.01 8141.53 8.3357 0.03 392 2388 100.0 39.04 23.4598
85 86 -0.0005 -0.0001 100.0 518.67 641.81 1588.92 1401.85 14.62 21.6 555.32 2388.09 9060.1 1.3 47.05 523.48 2388.09 8143.87 8.388 0.03 392 2388 100.0 39.13 23.4024
85 87 -0.0003 0.0005 100.0 518.67 642.18 1583.42 1393.99 14.62 21.6 556.71 2388.07 9060.78 1.3 47.08 523.6 2388.07 8138.65 8.3709 0.03 392 2388 100.0 39.0 23.501
85 88 0.001 0.0001 100.0 518.67 641.96 1583.97 1391.68 14.62 21.6 556.19 2387.98 9061.33 1.3 47.29 523.52 2388.03 8138.99 8.3855 0.03 392 2388 100.0 39.19 23.483
85 89 -0.0004 0.0 100.0 518.67 642.02 1587.68 1403.03 14.62 21.6 556.53 2388.02 9054.7 1.3 47.33 523.76 2388.09 8136.01 8.3531 0.03 391 2388 100.0 39.06 23.488
85 90 -0.0006 0.0004 100.0 518.67 642.11 1587.72 1395.43 14.62 21.6 555.72 2388.02 9055.72 1.3 47.35 523.54 2388.07 8139.91 8.4154 0.03 391 2388 100.0 39.33 23.5731
85 91 0.0042 0.0003 100.0 518.67 642.0 1582.47 1401.51 14.62 21.6 555.98 2388.05 9060.18 1.3 47.27 523.41 2388.03 8138.52 8.4133 0.03 393 2388 100.0 39.24 23.5989
85 92 0.0026 0.0001 100.0 518.67 642.24 1584.46 1398.45 14.62 21.6 555.87 2388.04 9057.31 1.3 47.12 523.53 2388.06 8136.13 8.3309 0.03 392 2388 100.0 39.07 23.3991
85 93 -0.001 -0.0001 100.0 518.67 642.08 1584.48 1407.37 14.62 21.6 554.9 2388.02 9047.62 1.3 47.05 522.76 2388.07 8137.8 8.3445 0.03 390 2388 100.0 39.17 23.4658
85 94 0.0006 -0.0004 100.0 518.67 642.12 1587.63 1402.67 14.62 21.61 556.04 2388.12 9060.84 1.3 47.07 523.84 2388.03 8138.1 8.3478 0.03 391 2388 100.0 38.9 23.3227
85 95 -0.0052 -0.0001 100.0 518.67 641.74 1580.32 1394.36 14.62 21.6 555.52 2387.95 9057.14 1.3 47.34 522.94 2388.05 8141.75 8.4127 0.03 391 2388 100.0 39.03 23.4743
85 96 -0.0018 -0.0001 100.0 518.67 642.37 1579.68 1391.04 14.62 21.6 555.88 2387.99 9056.84 1.3 47.0 523.8 2388.0 8140.16 8.3586 0.03 392 2388 100.0 39.16 23.4544
85 97 -0.0029 0.0001 100.0 518.67 641.89 1585.05 1400.54 14.62 21.6 556.35 2388.05 9059.8 1.3 47.19 524.41 2388.03 8140.84 8.4031 0.03 392 2388 100.0 39.19 23.5217
85 98 -0.0003 0.0003 100.0 518.67 642.58 1579.66 1400.32 14.62 21.6 556.41 2388.03 9056.85 1.3 46.99 523.26 2388.08 8140.78 8.3761 0.03 391 2388 100.0 39.05 23.5406
85 99 0.0017 -0.0002 100.0 518.67 641.77 1580.14 1391.72 14.62 21.6 556.25 2388.01 9063.03 1.3 47.11 524.09 2388.07 8138.19 8.3631 0.03 390 2388 100.0 39.04 23.4366
85 100 -0.0003 0.0001 100.0 518.67 642.06 1585.0 1399.64 14.62 21.6 556.9 2388.03 9053.57 1.3 47.39 524.2 2388.05 8144.52 8.3482 0.03 392 2388 100.0 39.06 23.412
85 101 0.0048 0.0001 100.0 518.67 642.83 1586.42 1402.94 14.62 21.6 555.93 2388.02 9053.42 1.3 47.16 523.74 2388.03 8140.37 8.3809 0.03 392 2388 100.0 39.12 23.5129
85 102 -0.003 0.0004 100.0 518.67 642.19 1584.91 1391.48 14.62 21.6 555.14 2388.01 9065.72 1.3 47.22 523.75 2388.05 8143.47 8.3704 0.03 390 2388 100.0 39.13 23.5085
85 103 0.0007 -0.0004 100.0 518.67 642.08 1587.53 1395.6 14.62 21.6 555.9 2388.02 9057.02 1.3 47.24 523.29 2388.08 8137.34 8.3476 0.03 391 2388 100.0 39.25 23.623
85 104 0.0034 0.0005 100.0 518.67 641.87 1577.28 1399.65 14.62 21.6 556.0 2388.02 9050.39 1.3 47.19 523.65 2388.01 8141.77 8.3936 0.03 391 2388 100.0 39.13 23.4743
85 105 -0.0003 -0.0002 100.0 518.67 641.96 1586.38 1396.21 14.62 21.6 556.32 2388.05 9056.11 1.3 47.29 524.09 2387.98 8139.53 8.3489 0.03 391 2388 100.0 39.06 23.4836
85 106 -0.001 -0.0002 100.0 518.67 642.33 1588.12 1402.87 14.62 21.61 556.31 2388.09 9055.45 1.3 47.14 523.69 2388.03 8141.21 8.341 0.03 391 2388 100.0 39.1 23.4146
85 107 0.0031 -0.0003 100.0 518.67 642.36 1584.9 1390.57 14.62 21.6 556.25 2388.05 9057.33 1.3 47.21 523.13 2388.08 8140.2 8.379 0.03 390 2388 100.0 39.11 23.5336
85 108 0.0022 -0.0005 100.0 518.67 642.24 1584.33 1395.82 14.62 21.6 555.95 2388.04 9055.1 1.3 47.4 523.52 2388.04 8140.85 8.3793 0.03 391 2388 100.0 39.19 23.4529
85 109 0.0023 0.0002 100.0 518.67 642.07 1582.84 1396.4 14.62 21.6 555.32 2388.03 9056.16 1.3 47.26 523.25 2388.04 8142.13 8.417 0.03 391 2388 100.0 39.28 23.533
85 110 -0.0022 -0.0002 100.0 518.67 641.85 1584.49 1398.3 14.62 21.6 556.32 2388.01 9060.87 1.3 47.1 523.68 2388.02 8141.87 8.3461 0.03 391 2388 100.0 39.09 23.5117
85 111 -0.0019 -0.0005 100.0 518.67 641.94 1580.6 1396.68 14.62 21.6 556.04 2388.08 9059.55 1.3 47.29 523.96 2388.09 8144.92 8.3638 0.03 393 2388 100.0 39.06 23.4515
85 112 -0.0002 -0.0004 100.0 518.67 642.21 1588.16 1399.93 14.62 21.6 556.5 2388.11 9060.23 1.3 47.14 523.62 2388.1 8140.18 8.3829 0.03 391 2388 100.0 39.28 23.4684
85 113 -0.0021 -0.0 100.0 518.67 642.14 1587.72 1393.34 14.62 21.6 555.13 2388.02 9067.91 1.3 47.36 523.47 2388.09 8139.26 8.3899 0.03 391 2388 100.0 39.23 23.5391
85 114 -0.0005 0.0005 100.0 518.67 642.45 1586.04 1398.39 14.62 21.6 555.71 2388.04 9052.72 1.3 47.31 524.18 2388.06 8145.65 8.3977 0.03 392 2388 100.0 39.04 23.4664
85 115 -0.003 -0.0001 100.0 518.67 641.85 1581.08 1388.23 14.62 21.6 556.81 2388.04 9060.94 1.3 47.24 523.74 2388.04 8144.12 8.3652 0.03 392 2388 100.0 39.2 23.432
85 116 0.0013 -0.0002 100.0 518.67 641.99 1589.84 1396.36 14.62 21.6 555.79 2388.04 9052.92 1.3 47.15 523.91 2388.07 8142.65 8.3824 0.03 392 2388 100.0 39.22 23.441
85 117 0.0013 -0.0004 100.0 518.67 642.24 1584.5 1394.01 14.62 21.6 555.82 2388.03 9057.43 1.3 47.35 524.29 2388.07 8140.39 8.3672 0.03 391 2388 100.0 39.29 23.4741
85 118 0.0018 -0.0005 100.0 518.67 642.28 1581.76 1394.89 14.62 21.6 555.88 2388.09 9059.0 1.3 47.17 524.66 2388.07 8144.79 8.3686 0.03 392 2388 100.0 39.12 23.4706
85 119 0.0022 0.0001 100.0 518.67 642.26 1582.92 1403.92 14.62 21.6 556.52 2388.06 9065.08 1.3 47.29 523.83 2388.09 8136.8 8.3527 0.03 392 2388 100.0 39.18 23.4508
85 120 0.0018 -0.0005 100.0 518.67 642.27 1588.03 1398.39 14.62 21.6 557.04 2388.05 9055.92 1.3 47.37 523.64 2388.03 8143.26 8.3585 0.03 393 2388 100.0 39.11 23.4748
85 121 0.0009 -0.0005 100.0 518.67 642.26 1588.79 1407.78 14.62 21.6 556.02 2387.98 9059.23 1.3 47.29 523.15 2388.02 8139.38 8.3946 0.03 393 2388 100.0 38.95 23.4893
85 122 -0.0059 -0.0003 100.0 518.67 641.76 1582.01 1394.69 14.62 21.6 556.0 2388.08 9060.32 1.3 47.29 524.04 2388.07 8144.85 8.3568 0.03 393 2388 100.0 39.15 23.4337
85 123 0.0024 -0.0003 100.0 518.67 642.17 1587.42 1401.59 14.62 21.6 556.55 2388.11 9058.12 1.3 47.22 523.95 2388.05 8142.74 8.3343 0.03 392 2388 100.0 39.23 23.4819
85 124 0.0025 0.0001 100.0 518.67 641.78 1577.59 1397.28 14.62 21.6 556.66 2388.09 9063.31 1.3 47.28 524.42 2388.01 8148.02 8.3481 0.03 393 2388 100.0 39.1 23.4879
85 125 0.0022 0.0 100.0 518.67 642.48 1578.12 1401.79 14.62 21.6 556.02 2388.02 9064.15 1.3 47.1 524.24 2388.07 8145.49 8.3639 0.03 392 2388 100.0 39.15 23.6248
85 126 -0.0029 0.0002 100.0 518.67 641.76 1585.43 1402.5 14.62 21.6 556.48 2388.08 9059.64 1.3 47.17 523.94 2388.08 8141.95 8.3774 0.03 391 2388 100.0 39.1 23.4647
85 127 0.0001 0.0 100.0 518.67 641.87 1586.21 1405.04 14.62 21.61 556.42 2388.02 9059.82 1.3 47.18 524.63 2388.03 8142.76 8.3573 0.03 391 2388 100.0 39.26 23.4527
85 128 -0.0015 0.0001 100.0 518.67 642.26 1588.14 1401.0 14.62 21.6 556.02 2388.1 9054.3 1.3 47.29 524.04 2388.09 8139.19 8.3732 0.03 392 2388 100.0 38.95 23.5267
85 129 -0.0019 0.0002 100.0 518.67 642.47 1587.32 1398.54 14.62 21.6 556.84 2388.05 9055.14 1.3 47.23 524.4 2388.07 8145.47 8.3402 0.03 391 2388 100.0 39.15 23.5176
85 130 -0.0061 -0.0001 100.0 518.67 642.25 1584.59 1403.59 14.62 21.6 556.56 2388.06 9065.63 1.3 47.49 524.56 2388.05 8147.87 8.37 0.03 391 2388 100.0 39.11 23.3957
85 131 0.0001 0.0001 100.0 518.67 642.26 1580.75 1395.83 14.62 21.6 556.55 2388.08 9058.86 1.3 47.24 524.67 2388.05 8141.94 8.365 0.03 391 2388 100.0 39.22 23.5709
85 132 -0.0042 0.0004 100.0 518.67 642.46 1579.32 1397.81 14.62 21.6 556.86 2388.04 9062.2 1.3 47.19 524.6 2388.05 8140.6 8.3666 0.03 391 2388 100.0 38.99 23.5021
85 133 0.0 -0.0004 100.0 518.67 641.56 1581.68 1403.66 14.62 21.6 556.09 2388.09 9061.65 1.3 47.43 524.06 2388.04 8143.25 8.3731 0.03 393 2388 100.0 39.13 23.5448
85 134 -0.0039 0.0004 100.0 518.67 641.75 1585.44 1397.83 14.62 21.6 556.68 2388.07 9055.14 1.3 47.29 524.17 2388.05 8146.36 8.3409 0.03 393 2388 100.0 39.26 23.3757
85 135 -0.0008 0.0002 100.0 518.67 642.01 1585.94 1394.54 14.62 21.6 555.77 2388.02 9061.13 1.3 47.12 524.2 2388.09 8138.41 8.377 0.03 390 2388 100.0 39.02 23.4543
85 136 0.0001 0.0004 100.0 518.67 641.78 1596.08 1401.96 14.62 21.6 556.81 2388.1 9058.87 1.3 47.3 524.11 2388.06 8144.55 8.366 0.03 392 2388 100.0 39.07 23.6122
85 137 -0.0057 -0.0003 100.0 518.67 642.06 1584.1 1394.15 14.62 21.61 556.52 2388.06 9064.42 1.3 47.45 524.92 2388.08 8142.59 8.4031 0.03 392 2388 100.0 39.05 23.531
85 138 -0.0009 0.0 100.0 518.67 642.08 1584.99 1394.75 14.62 21.6 557.06 2388.1 9065.64 1.3 47.13 524.09 2388.07 8142.83 8.3529 0.03 392 2388 100.0 39.42 23.5137
85 139 -0.0006 0.0002 100.0 518.67 642.19 1589.24 1407.57 14.62 21.6 556.61 2388.06 9057.99 1.3 47.19 524.12 2388.06 8136.24 8.3783 0.03 392 2388 100.0 39.25 23.5195
85 140 0.0026 -0.0001 100.0 518.67 642.3 1582.89 1398.12 14.62 21.6 556.75 2388.13 9063.08 1.3 47.26 524.65 2388.13 8145.79 8.3902 0.03 391 2388 100.0 39.03 23.4368
85 141 0.0001 0.0001 100.0 518.67 642.24 1582.52 1400.43 14.62 21.6 556.42 2388.1 9057.55 1.3 47.25 524.54 2388.07 8140.32 8.3766 0.03 392 2388 100.0 39.12 23.3923
85 142 -0.0025 0.0004 100.0 518.67 642.81 1595.39 1400.69 14.62 21.6 556.97 2388.07 9067.89 1.3 47.42 524.88 2388.15 8139.1 8.3545 0.03 391 2388 100.0 39.18 23.5797
85 143 -0.0028 -0.0004 100.0 518.67 642.08 1589.95 1401.74 14.62 21.6 556.57 2388.09 9059.28 1.3 47.23 524.67 2388.08 8146.11 8.3504 0.03 391 2388 100.0 39.24 23.4684
85 144 0.0021 -0.0001 100.0 518.67 642.14 1585.84 1402.07 14.62 21.61 556.94 2388.04 9063.74 1.3 47.28 524.58 2388.05 8144.82 8.3402 0.03 392 2388 100.0 39.22 23.481
85 145 -0.0009 0.0001 100.0 518.67 642.68 1588.04 1400.95 14.62 21.6 557.32 2388.05 9062.04 1.3 47.43 525.12 2388.06 8146.81 8.337 0.03 391 2388 100.0 39.1 23.5164
85 146 0.0028 -0.0001 100.0 518.67 642.09 1578.03 1396.96 14.62 21.6 557.02 2388.07 9063.16 1.3 47.19 524.63 2388.13 8147.12 8.3428 0.03 393 2388 100.0 39.17 23.6165
85 147 0.0009 -0.0005 100.0 518.67 642.16 1589.31 1397.38 14.62 21.6 556.14 2388.02 9060.34 1.3 47.08 524.14 2388.08 8141.95 8.3799 0.03 391 2388 100.0 39.12 23.4414
85 148 -0.0045 -0.0003 100.0 518.67 642.04 1589.18 1398.26 14.62 21.6 557.06 2388.08 9059.61 1.3 47.29 523.93 2388.05 8142.72 8.3645 0.03 392 2388 100.0 39.19 23.4039
85 149 -0.0035 -0.0002 100.0 518.67 641.94 1589.05 1392.38 14.62 21.6 557.24 2388.03 9058.86 1.3 47.3 524.25 2388.07 8142.78 8.3613 0.03 390 2388 100.0 39.17 23.5508
85 150 -0.001 0.0002 100.0 518.67 642.61 1589.56 1408.31 14.62 21.6 557.15 2388.08 9067.53 1.3 47.43 524.2 2388.11 8146.08 8.3532 0.03 392 2388 100.0 39.26 23.4906
85 151 0.0016 0.0004 100.0 518.67 641.97 1588.47 1397.45 14.62 21.6 556.97 2388.06 9058.72 1.3 47.22 524.63 2388.05 8143.75 8.3698 0.03 391 2388 100.0 39.1 23.5514
85 152 0.0018 0.0004 100.0 518.67 642.61 1587.66 1405.79 14.62 21.6 556.82 2388.06 9069.32 1.3 47.18 524.84 2388.06 8145.97 8.3712 0.03 392 2388 100.0 39.12 23.5648
85 153 -0.0001 0.0004 100.0 518.67 641.68 1581.75 1396.4 14.62 21.6 556.3 2388.03 9066.2 1.3 47.23 524.54 2388.05 8148.76 8.3416 0.03 392 2388 100.0 39.17 23.5318
85 154 0.0011 -0.0004 100.0 518.67 642.42 1586.68 1407.54 14.62 21.6 558.07 2388.14 9064.14 1.3 47.22 525.44 2388.09 8150.58 8.3638 0.03 391 2388 100.0 39.12 23.453
85 155 0.0022 -0.0005 100.0 518.67 641.78 1582.16 1397.17 14.62 21.6 557.26 2388.09 9061.78 1.3 47.57 525.67 2388.06 8145.85 8.3441 0.03 392 2388 100.0 38.98 23.4929
85 156 0.0051 0.0003 100.0 518.67 642.14 1580.41 1410.42 14.62 21.6 557.75 2388.11 9060.51 1.3 47.39 524.67 2388.07 8145.99 8.3013 0.03 393 2388 100.0 39.33 23.493
85 157 -0.0024 -0.0002 100.0 518.67 642.59 1587.92 1404.75 14.62 21.6 557.73 2388.08 9061.16 1.3 47.43 525.41 2388.09 8141.88 8.3646 0.03 392 2388 100.0 39.14 23.4753
85 158 -0.0005 0.0003 100.0 518.67 642.93 1583.5 1395.42 14.62 21.6 557.31 2388.06 9062.86 1.3 47.19 525.24 2388.1 8144.49 8.394 0.03 392 2388 100.0 39.32 23.4489
85 159 -0.0016 0.0002 100.0 518.67 642.58 1586.37 1403.88 14.62 21.6 557.61 2388.12 9066.3 1.3 47.28 525.37 2388.06 8146.73 8.3387 0.03 393 2388 100.0 39.37 23.6546
85 160 -0.0038 -0.0004 100.0 518.67 642.42 1587.2 1396.44 14.62 21.6 557.49 2388.05 9061.3 1.3 47.19 525.08 2388.08 8148.97 8.3502 0.03 393 2388 100.0 39.22 23.5501
85 161 0.0047 -0.0001 100.0 518.67 642.45 1584.83 1398.47 14.62 21.6 556.76 2388.08 9063.84 1.31 47.23 524.84 2388.12 8148.54 8.3925 0.03 393 2388 100.0 39.06 23.5589
85 162 -0.0032 0.0003 100.0 518.67 642.56 1584.33 1399.43 14.62 21.6 557.35 2388.08 9066.17 1.3 47.25 525.39 2388.13 8148.01 8.3657 0.03 393 2388 100.0 39.22 23.4937
85 163 -0.0036 0.0005 100.0 518.67 642.82 1587.75 1400.06 14.62 21.6 557.13 2388.11 9060.99 1.3 47.43 525.07 2388.09 8143.96 8.3624 0.03 393 2388 100.0 39.23 23.6102
85 164 0.0006 0.0 100.0 518.67 641.95 1582.63 1395.63 14.62 21.6 557.56 2388.11 9063.84 1.3 47.34 525.02 2388.06 8143.63 8.3773 0.03 392 2388 100.0 39.24 23.4726
85 165 -0.0008 -0.0004 100.0 518.67 642.48 1587.25 1396.15 14.62 21.6 557.59 2388.12 9064.63 1.3 47.17 525.43 2388.1 8148.05 8.3662 0.03 391 2388 100.0 39.21 23.53
85 166 -0.0015 0.0001 100.0 518.67 642.57 1591.07 1390.03 14.62 21.6 558.13 2388.08 9063.3 1.3 47.51 525.37 2388.08 8143.06 8.3779 0.03 394 2388 100.0 39.23 23.5004
85 167 -0.0034 -0.0005 100.0 518.67 642.53 1588.0 1399.71 14.62 21.6 557.66 2388.1 9070.06 1.3 47.36 525.96 2388.08 8148.29 8.3264 0.03 392 2388 100.0 39.06 23.5267
85 168 0.0035 -0.0 100.0 518.67 642.58 1586.76 1398.63 14.62 21.6 557.53 2388.1 9062.72 1.3 47.42 524.85 2388.1 8146.4 8.3675 0.03 393 2388 100.0 39.23 23.4731
85 169 -0.0015 -0.0004 100.0 518.67 642.27 1580.22 1399.31 14.62 21.6 558.5 2388.13 9072.42 1.3 47.41 525.82 2388.16 8151.2 8.3196 0.03 391 2388 100.0 39.07 23.4897
85 170 0.0024 0.0002 100.0 518.67 642.76 1582.72 1399.36 14.62 21.6 557.26 2388.09 9061.38 1.3 47.19 524.94 2388.11 8144.61 8.3418 0.03 392 2388 100.0 39.17 23.4556
85 171 -0.0 -0.0004 100.0 518.67 642.21 1586.9 1402.75 14.62 21.6 557.28 2388.09 9064.39 1.3 47.24 525.26 2388.11 8143.36 8.3651 0.03 392 2388 100.0 39.21 23.4292
85 172 0.0009 0.0002 100.0 518.67 642.23 1594.68 1395.73 14.62 21.6 558.32 2388.16 9076.64 1.3 47.29 526.06 2388.11 8145.17 8.4013 0.03 393 2388 100.0 39.17 23.5928
85 173 0.0011 0.0003 100.0 518.67 642.3 1589.85 1398.71 14.62 21.6 557.85 2388.12 9063.01 1.3 47.38 525.68 2388.09 8146.47 8.413 0.03 392 2388 100.0 39.23 23.604
85 174 0.0029 -0.0001 100.0 518.67 642.62 1587.72 1404.01 14.62 21.6 558.07 2388.14 9067.43 1.3 47.32 526.21 2388.11 8146.02 8.3571 0.03 392 2388 100.0 39.24 23.5441
85 175 0.0028 0.0001 100.0 518.67 642.66 1586.29 1408.84 14.62 21.61 558.51 2388.11 9068.63 1.3 47.25 526.15 2388.1 8154.11 8.3617 0.03 392 2388 100.0 39.3 23.5492
85 176 0.0002 -0.0004 100.0 518.67 642.13 1593.02 1402.72 14.62 21.6 558.02 2388.09 9068.69 1.3 47.42 525.6 2388.08 8148.11 8.3571 0.03 392 2388 100.0 39.38 23.4423
85 177 -0.0028 0.0 100.0 518.67 641.83 1586.47 1400.45 14.62 21.6 557.91 2388.1 9068.13 1.3 47.42 526.31 2388.09 8151.31 8.3555 0.03 393 2388 100.0 39.13 23.5921
85 178 0.0003 0.0003 100.0 518.67 641.87 1589.76 1404.81 14.62 21.6 558.16 2388.07 9073.11 1.3 47.28 525.58 2388.08 8147.84 8.3545 0.03 394 2388 100.0 39.12 23.485
85 179 0.002 -0.0004 100.0 518.67 642.52 1591.34 1406.99 14.62 21.6 558.58 2388.13 9069.36 1.3 47.3 525.93 2388.09 8155.37 8.3936 0.03 392 2388 100.0 39.18 23.5044
85 180 -0.0026 -0.0002 100.0 518.67 642.21 1588.12 1395.76 14.62 21.6 558.88 2388.07 9068.93 1.3 47.26 526.98 2388.04 8149.04 8.3183 0.03 393 2388 100.0 39.32 23.5676
85 181 0.0028 -0.0003 100.0 518.67 642.02 1590.49 1406.0 14.62 21.6 557.44 2388.11 9064.51 1.31 47.48 525.78 2388.07 8152.03 8.366 0.03 392 2388 100.0 39.24 23.4425
85 182 -0.0027 -0.0003 100.0 518.67 642.24 1590.71 1407.97 14.62 21.6 559.79 2388.13 9062.53 1.3 47.4 526.53 2388.16 8150.19 8.3041 0.03 393 2388 100.0 39.12 23.5214
85 183 -0.003 -0.0005 100.0 518.67 641.9 1584.93 1408.87 14.62 21.6 558.71 2388.1 9059.97 1.3 47.44 525.41 2388.07 8152.86 8.3807 0.03 393 2388 100.0 39.3 23.5148
85 184 -0.0049 -0.0004 100.0 518.67 642.57 1590.75 1402.12 14.62 21.6 558.03 2388.18 9068.87 1.3 47.42 526.58 2388.17 8148.51 8.3326 0.03 393 2388 100.0 39.13 23.6128
85 185 0.0022 -0.0003 100.0 518.67 642.28 1592.44 1394.89 14.62 21.6 558.51 2388.15 9071.63 1.3 47.4 525.94 2388.16 8152.24 8.3315 0.03 391 2388 100.0 39.27 23.4243
85 186 0.0002 0.0003 100.0 518.67 642.47 1590.72 1401.5 14.62 21.6 557.95 2388.1 9068.63 1.3 47.3 526.84 2388.14 8148.35 8.3828 0.03 393 2388 100.0 39.31 23.5277
85 187 -0.0025 -0.0002 100.0 518.67 642.91 1594.82 1400.98 14.62 21.6 558.67 2388.14 9074.89 1.3 47.52 526.39 2388.15 8149.19 8.3588 0.03 390 2388 100.0 39.13 23.517
85 188 -0.002 -0.0001 100.0 518.67 642.51 1585.68 1397.53 14.62 21.6 558.15 2388.09 9066.06 1.3 47.38 526.79 2388.12 8148.89 8.3359 0.03 393 2388 100.0 39.23 23.5469
85 189 0.0007 0.0004 100.0 518.67 642.38 1588.21 1409.78 14.62 21.6 558.5 2388.17 9065.91 1.3 47.45 526.32 2388.13 8155.08 8.3043 0.03 392 2388 100.0 39.19 23.5857
85 190 0.0019 0.0003 100.0 518.67 642.19 1585.73 1402.92 14.62 21.6 558.94 2388.14 9071.83 1.3 47.47 526.58 2388.16 8145.61 8.3652 0.03 392 2388 100.0 39.12 23.6065
85 191 -0.0017 0.0001 100.0 518.67 642.4 1590.71 1400.77 14.62 21.6 559.23 2388.13 9075.42 1.3 47.5 526.77 2388.21 8150.7 8.3059 0.03 393 2388 100.0 39.31 23.4704
85 192 -0.0021 -0.0 100.0 518.67 642.26 1586.55 1407.32 14.62 21.6 559.2 2388.14 9065.46 1.3 47.31 526.4 2388.19 8152.24 8.3255 0.03 393 2388 100.0 39.33 23.4477
85 193 0.0025 0.0001 100.0 518.67 642.55 1580.22 1399.17 14.62 21.6 559.15 2388.17 9072.96 1.31 47.48 526.95 2388.19 8152.35 8.3281 0.03 394 2388 100.0 39.25 23.5204
85 194 -0.0017 -0.0 100.0 518.67 642.3 1584.07 1396.83 14.62 21.6 559.51 2388.15 9077.16 1.31 47.4 526.94 2388.15 8153.02 8.3569 0.03 394 2388 100.0 39.27 23.5191
85 195 -0.0027 0.0005 100.0 518.67 642.16 1584.16 1407.22 14.62 21.6 558.77 2388.15 9072.05 1.3 47.26 526.78 2388.1 8156.47 8.3083 0.03 392 2388 100.0 39.29 23.5966
85 196 0.0008 0.0004 100.0 518.67 642.1 1579.95 1405.38 14.62 21.6 558.84 2388.19 9074.53 1.3 47.46 526.92 2388.14 8153.65 8.318 0.03 391 2388 100.0 39.08 23.576
85 197 0.0046 -0.0003 100.0 518.67 642.6 1583.4 1406.09 14.62 21.6 558.76 2388.1 9081.83 1.3 47.32 527.18 2388.19 8148.55 8.332 0.03 394 2388 100.0 39.27 23.5592
85 198 0.0003 0.0004 100.0 518.67 642.5 1586.87 1396.3 14.62 21.6 558.91 2388.14 9079.49 1.3 47.38 526.5 2388.16 8148.06 8.3187 0.03 393 2388 100.0 39.35 23.6506
85 199 -0.0014 0.0002 100.0 518.67 642.19 1589.24 1401.44 14.62 21.61 559.68 2388.16 9078.6 1.31 47.65 527.71 2388.16 8159.06 8.352 0.03 392 2388 100.0 39.17 23.6364
85 200 -0.0027 -0.0002 100.0 518.67 642.12 1587.85 1402.74 14.62 21.6 559.65 2388.18 9070.26 1.3 47.6 527.48 2388.19 8151.2 8.3353 0.03 392 2388 100.0 39.25 23.5647
85 201 0.0012 0.0001 100.0 518.67 642.36 1582.23 1414.19 14.62 21.61 560.06 2388.18 9074.93 1.31 47.68 526.95 2388.17 8150.89 8.3101 0.03 393 2388 100.0 39.45 23.5087
85 202 0.0012 -0.0 100.0 518.67 642.34 1595.08 1409.94 14.62 21.6 559.98 2388.13 9078.75 1.31 47.47 527.22 2388.19 8159.78 8.3464 0.03 392 2388 100.0 39.36 23.4373
85 203 0.0017 -0.0004 100.0 518.67 642.77 1589.32 1398.76 14.62 21.6 560.44 2388.18 9080.29 1.31 47.53 527.49 2388.15 8156.89 8.3508 0.03 393 2388 100.0 39.23 23.6586
85 204 -0.0007 -0.0002 100.0 518.67 642.55 1590.16 1403.58 14.62 21.6 560.28 2388.11 9072.07 1.31 47.53 527.49 2388.2 8156.97 8.3223 0.03 392 2388 100.0 39.36 23.5174
85 205 0.0016 0.0003 100.0 518.67 642.06 1592.72 1400.92 14.62 21.6 560.0 2388.17 9073.84 1.31 47.55 527.2 2388.18 8161.89 8.3447 0.03 392 2388 100.0 39.25 23.4876
85 206 0.0007 0.0003 100.0 518.67 642.74 1588.35 1402.55 14.62 21.6 559.74 2388.2 9076.16 1.31 47.43 527.5 2388.19 8155.19 8.3242 0.03 393 2388 100.0 39.34 23.5185
85 207 -0.0013 0.0001 100.0 518.67 642.34 1595.14 1414.01 14.62 21.6 559.97 2388.23 9080.21 1.31 47.34 528.05 2388.22 8152.86 8.3197 0.03 393 2388 100.0 39.24 23.6124
85 208 -0.0007 0.0001 100.0 518.67 642.86 1590.5 1407.89 14.62 21.6 560.94 2388.13 9080.98 1.31 47.56 528.06 2388.2 8157.35 8.3312 0.03 392 2388 100.0 39.31 23.6198
85 209 0.0006 -0.0001 100.0 518.67 642.29 1587.69 1410.78 14.62 21.6 560.29 2388.21 9086.56 1.31 47.33 527.84 2388.21 8155.74 8.3108 0.03 393 2388 100.0 39.28 23.5777
85 210 -0.0003 0.0 100.0 518.67 642.69 1589.67 1405.4 14.62 21.6 559.86 2388.21 9080.58 1.31 47.54 527.98 2388.21 8161.07 8.3056 0.03 393 2388 100.0 39.17 23.6451
85 211 0.0047 -0.0002 100.0 518.67 642.69 1597.68 1408.24 14.62 21.6 561.14 2388.21 9081.93 1.31 47.53 528.16 2388.23 8158.83 8.3292 0.03 393 2388 100.0 39.34 23.5751
85 212 -0.0005 -0.0001 100.0 518.67 642.79 1591.74 1410.65 14.62 21.61 560.67 2388.23 9081.07 1.31 47.47 528.28 2388.23 8162.37 8.3488 0.03 394 2388 100.0 39.43 23.6394
85 213 -0.0012 0.0002 100.0 518.67 643.08 1595.8 1406.8 14.62 21.61 561.28 2388.22 9089.85 1.31 47.54 528.79 2388.21 8157.68 8.3065 0.03 392 2388 100.0 39.27 23.7152
85 214 0.0021 -0.0 100.0 518.67 642.85 1592.05 1409.39 14.62 21.6 560.97 2388.25 9077.47 1.31 47.65 528.3 2388.23 8158.67 8.3333 0.03 394 2388 100.0 39.33 23.6404
85 215 -0.001 -0.0002 100.0 518.67 642.28 1596.24 1410.92 14.62 21.6 560.39 2388.23 9083.19 1.31 47.52 528.13 2388.2 8157.35 8.3117 0.03 393 2388 100.0 39.32 23.5443
85 216 -0.0016 -0.0002 100.0 518.67 642.65 1585.84 1404.17 14.62 21.6 561.26 2388.25 9086.25 1.31 47.51 528.55 2388.26 8156.03 8.2917 0.03 392 2388 100.0 39.39 23.6729
85 217 -0.0013 -0.0004 100.0 518.67 642.47 1590.94 1415.28 14.62 21.6 562.42 2388.22 9078.76 1.31 47.58 528.86 2388.25 8159.62 8.3142 0.03 392 2388 100.0 39.46 23.6936
85 218 0.0014 -0.0004 100.0 518.67 642.3 1590.4 1413.65 14.62 21.6 561.56 2388.2 9078.46 1.31 47.55 529.05 2388.23 8152.82 8.3184 0.03 392 2388 100.0 39.34 23.6719
85 219 -0.0034 0.0001 100.0 518.67 643.19 1590.17 1412.25 14.62 21.6 561.1 2388.23 9085.73 1.31 47.54 528.44 2388.3 8159.86 8.3228 0.03 394 2388 100.0 39.48 23.5834
85 220 -0.003 0.0004 100.0 518.67 642.23 1594.02 1406.87 14.62 21.6 561.36 2388.24 9088.01 1.31 47.59 528.41 2388.28 8153.25 8.3038 0.03 396 2388 100.0 39.26 23.6325
85 221 -0.0001 -0.0004 100.0 518.67 642.52 1593.9 1409.19 14.62 21.6 562.28 2388.26 9083.53 1.31 47.74 528.91 2388.28 8161.85 8.2711 0.03 393 2388 100.0 39.48 23.6637
85 222 0.0006 0.0002 100.0 518.67 642.62 1592.38 1411.71 14.62 21.6 561.74 2388.26 9087.42 1.31 47.71 529.65 2388.28 8166.15 8.2986 0.03 395 2388 100.0 39.49 23.6621
85 223 -0.0053 0.0002 100.0 518.67 642.72 1591.58 1407.46 14.62 21.6 561.51 2388.27 9075.93 1.31 47.63 529.57 2388.27 8160.58 8.302 0.03 393 2388 100.0 39.42 23.5867
85 224 -0.0003 0.0004 100.0 518.67 642.74 1582.51 1408.3 14.62 21.6 562.36 2388.25 9086.8 1.31 47.76 529.62 2388.19 8161.41 8.3052 0.03 395 2388 100.0 39.39 23.6146
85 225 0.0033 0.0004 100.0 518.67 642.84 1581.83 1404.86 14.62 21.6 561.25 2388.32 9095.46 1.31 47.58 528.69 2388.25 8163.82 8.2833 0.03 393 2388 100.0 39.29 23.6746
85 226 0.0009 -0.0001 100.0 518.67 642.62 1599.72 1409.88 14.62 21.6 561.73 2388.26 9090.8 1.31 47.59 530.11 2388.29 8163.95 8.2967 0.03 394 2388 100.0 39.17 23.6435
85 227 0.007 0.0003 100.0 518.67 642.84 1590.18 1406.81 14.62 21.61 562.28 2388.23 9086.77 1.31 47.63 529.93 2388.25 8163.44 8.3195 0.03 394 2388 100.0 39.42 23.6386
85 228 0.0012 0.0004 100.0 518.67 641.86 1593.23 1408.36 14.62 21.6 561.68 2388.28 9092.41 1.31 47.75 530.01 2388.23 8164.31 8.3096 0.03 394 2388 100.0 39.4 23.5963
85 229 -0.0018 0.0004 100.0 518.67 643.13 1587.8 1413.26 14.62 21.61 562.8 2388.26 9094.83 1.31 47.75 529.9 2388.32 8163.46 8.3158 0.03 394 2388 100.0 39.38 23.5961
85 230 -0.0034 0.0003 100.0 518.67 642.92 1589.08 1407.17 14.62 21.6 561.98 2388.31 9089.34 1.31 47.67 529.65 2388.28 8163.4 8.3098 0.03 394 2388 100.0 39.37 23.518
85 231 -0.0035 -0.0003 100.0 518.67 643.27 1592.39 1408.02 14.62 21.61 562.52 2388.24 9089.16 1.31 47.71 529.62 2388.29 8160.21 8.318 0.03 393 2388 100.0 39.37 23.5234
85 232 -0.0019 -0.0002 100.0 518.67 642.42 1592.75 1414.26 14.62 21.61 562.13 2388.3 9098.16 1.31 47.69 530.88 2388.3 8165.22 8.2735 0.03 393 2388 100.0 39.62 23.7192
85 233 -0.0 -0.0004 100.0 518.67 642.27 1591.54 1407.64 14.62 21.61 563.23 2388.37 9094.05 1.31 47.77 530.88 2388.25 8170.19 8.3241 0.03 395 2388 100.0 39.61 23.6206
85 234 0.0015 0.0004 100.0 518.67 643.31 1590.89 1410.31 14.62 21.61 563.19 2388.28 9091.64 1.31 47.77 530.91 2388.32 8171.98 8.3078 0.03 393 2388 100.0 39.35 23.6292
85 235 -0.0012 -0.0002 100.0 518.67 642.96 1588.07 1409.52 14.62 21.61 563.32 2388.34 9092.71 1.31 47.77 530.9 2388.34 8166.49 8.2863 0.03 394 2388 100.0 39.3 23.5973
85 236 0.004 0.0003 100.0 518.67 643.2 1595.66 1414.68 14.62 21.61 563.79 2388.35 9093.17 1.31 47.9 530.9 2388.39 8166.35 8.2811 0.03 394 2388 100.0 39.47 23.6878
85 237 -0.0035 -0.0001 100.0 518.67 642.68 1590.45 1417.16 14.62 21.6 563.95 2388.31 9103.46 1.31 47.8 530.93 2388.3 8171.11 8.259 0.03 395 2388 100.0 39.47 23.5678
85 238 -0.0001 0.0005 100.0 518.67 642.35 1597.49 1403.85 14.62 21.61 563.84 2388.33 9096.0 1.31 47.63 531.29 2388.36 8168.43 8.2903 0.03 395 2388 100.0 39.3 23.6197
85 239 -0.0033 0.0001 100.0 518.67 643.57 1599.38 1415.61 14.62 21.61 563.89 2388.33 9095.07 1.31 48.01 531.08 2388.35 8167.02 8.3086 0.03 395 2388 100.0 39.43 23.6249
85 240 0.0021 -0.0004 100.0 518.67 643.07 1590.31 1414.01 14.62 21.6 563.95 2388.4 9091.07 1.31 47.79 531.76 2388.37 8171.85 8.304 0.03 395 2388 100.0 39.4 23.6903
85 241 -0.0032 0.0003 100.0 518.67 642.32 1593.21 1415.17 14.62 21.61 564.15 2388.37 9097.61 1.31 47.78 532.12 2388.37 8169.93 8.2909 0.03 394 2388 100.0 39.68 23.7865
85 242 0.0017 0.0003 100.0 518.67 643.18 1591.87 1411.58 14.62 21.61 564.15 2388.4 9106.41 1.31 47.83 531.91 2388.4 8170.26 8.3045 0.03 396 2388 100.0 39.48 23.7923
85 243 0.0026 0.0001 100.0 518.67 642.78 1593.62 1422.03 14.62 21.6 564.78 2388.41 9091.08 1.31 47.89 532.44 2388.45 8170.36 8.3107 0.03 395 2388 100.0 39.47 23.6852
85 244 0.0041 -0.0004 100.0 518.67 642.65 1594.76 1414.72 14.62 21.61 564.71 2388.4 9097.45 1.31 47.89 532.46 2388.39 8173.95 8.3002 0.03 396 2388 100.0 39.63 23.6471
85 245 0.0026 -0.0003 100.0 518.67 642.81 1595.87 1418.13 14.62 21.6 564.7 2388.34 9098.0 1.31 47.74 532.6 2388.36 8173.26 8.2966 0.03 394 2388 100.0 39.44 23.6608
85 246 -0.0009 -0.0002 100.0 518.67 643.15 1592.7 1418.16 14.62 21.6 565.72 2388.39 9110.0 1.31 47.92 532.25 2388.42 8174.1 8.2703 0.03 395 2388 100.0 39.58 23.6139
85 247 0.0019 -0.0003 100.0 518.67 643.29 1596.1 1416.07 14.62 21.61 564.65 2388.41 9097.43 1.31 48.15 532.41 2388.41 8176.61 8.2882 0.03 395 2388 100.0 39.55 23.6194
85 248 -0.0007 0.0003 100.0 518.67 643.01 1599.6 1416.09 14.62 21.61 565.31 2388.36 9109.64 1.31 47.79 532.96 2388.36 8177.56 8.2531 0.03 395 2388 100.0 39.4 23.7926
85 249 0.0014 0.0004 100.0 518.67 643.25 1593.74 1416.77 14.62 21.61 566.2 2388.46 9102.45 1.31 47.83 533.33 2388.42 8178.57 8.2754 0.03 396 2388 100.0 39.61 23.7029
85 250 0.005 -0.0003 100.0 518.67 642.8 1591.86 1421.03 14.62 21.61 565.62 2388.42 9106.78 1.31 48.02 533.31 2388.36 8174.14 8.2626 0.03 396 2388 100.0 39.53 23.6873
85 251 0.0011 0.0001 100.0 518.67 643.67 1604.13 1423.95 14.62 21.61 566.39 2388.46 9116.38 1.31 47.96 533.79 2388.43 8185.41 8.2584 0.03 395 2388 100.0 39.49 23.7501
85 252 0.0017 -0.0005 100.0 518.67 643.42 1598.98 1410.9 14.62 21.61 566.11 2388.42 9111.24 1.31 48.04 533.31 2388.49 8176.56 8.281 0.03 395 2388 100.0 39.56 23.7941
85 253 -0.0004 -0.0004 100.0 518.67 643.22 1592.36 1416.68 14.62 21.61 566.36 2388.44 9109.64 1.31 47.85 534.06 2388.45 8181.56 8.2861 0.03 394 2388 100.0 39.38 23.7059
85 254 -0.0006 0.0005 100.0 518.67 642.5 1596.7 1408.99 14.62 21.61 565.98 2388.48 9110.63 1.31 47.93 534.05 2388.5 8181.66 8.2955 0.03 395 2388 100.0 39.68 23.7297
85 255 0.0014 0.0001 100.0 518.67 643.06 1598.31 1421.76 14.62 21.6 566.72 2388.5 9114.1 1.31 48.0 534.21 2388.46 8178.15 8.263 0.03 397 2388 100.0 39.57 23.6326
85 256 0.0 -0.0005 100.0 518.67 642.9 1605.08 1420.58 14.62 21.61 567.07 2388.47 9119.46 1.31 48.08 533.99 2388.43 8182.03 8.2649 0.03 396 2388 100.0 39.24 23.86
85 257 0.0021 -0.0003 100.0 518.67 642.8 1602.64 1416.41 14.62 21.61 567.06 2388.53 9105.63 1.31 48.04 533.99 2388.43 8184.04 8.276 0.03 395 2388 100.0 39.65 23.6089
85 258 0.0014 -0.0001 100.0 518.67 643.44 1599.74 1427.05 14.62 21.61 568.15 2388.52 9117.05 1.32 48.03 535.29 2388.5 8186.34 8.2505 0.03 396 2388 100.0 39.63 23.6925
85 259 0.0009 -0.0003 100.0 518.67 643.16 1597.17 1421.8 14.62 21.61 568.01 2388.51 9114.85 1.32 47.91 534.77 2388.5 8180.6 8.2407 0.03 396 2388 100.0 39.52 23.7389
85 260 0.0039 -0.0002 100.0 518.67 643.26 1595.72 1424.52 14.62 21.61 568.12 2388.46 9118.33 1.31 48.11 535.08 2388.52 8192.42 8.2468 0.03 395 2388 100.0 39.59 23.7381
85 261 0.0013 -0.0001 100.0 518.67 643.39 1604.51 1419.44 14.62 21.6 567.8 2388.48 9110.87 1.31 48.03 534.88 2388.48 8184.61 8.2562 0.03 394 2388 100.0 39.58 23.7261
85 262 0.0007 -0.0001 100.0 518.67 643.35 1604.17 1427.23 14.62 21.61 569.11 2388.53 9120.78 1.32 48.28 535.6 2388.52 8186.44 8.2394 0.03 397 2388 100.0 39.74 23.7415
85 263 -0.001 0.0002 100.0 518.67 643.01 1597.87 1422.18 14.62 21.6 568.38 2388.49 9122.26 1.32 48.06 535.96 2388.49 8188.25 8.2248 0.03 394 2388 100.0 39.61 23.6693
85 264 -0.0033 0.0004 100.0 518.67 643.08 1605.0 1427.4 14.62 21.61 569.1 2388.56 9126.52 1.31 48.08 536.07 2388.56 8187.84 8.2444 0.03 396 2388 100.0 39.73 23.8194
85 265 -0.0003 -0.0002 100.0 518.67 643.82 1606.2 1417.56 14.62 21.61 568.92 2388.59 9119.87 1.32 48.27 536.57 2388.53 8191.84 8.2604 0.03 398 2388 100.0 39.67 23.8388
85 266 -0.0052 -0.0003 100.0 518.67 643.93 1601.35 1431.62 14.62 21.61 569.74 2388.56 9126.41 1.32 48.07 536.43 2388.59 8186.89 8.2485 0.03 396 2388 100.0 39.76 23.7563
