5 1 0.0002 0.0001 100.0 518.67 643.4 1592.65 1408.75 14.62 21.61 554.06 2388.03 9048.88 1.3 47.54 521.54 2388.12 8127.96 8.436 0.03 392 2388 100.0 38.91 23.3088
5 2 -0.0008 -0.0004 100.0 518.67 642.48 1589.88 1403.32 14.62 21.61 553.71 2388.1 9045.31 1.3 47.41 521.35 2388.14 8134.3 8.422 0.03 392 2388 100.0 38.84 23.3777
5 3 -0.0018 -0.0 100.0 518.67 642.37 1587.49 1401.21 14.62 21.61 554.34 2388.08 9050.25 1.3 47.33 521.56 2388.07 8127.99 8.4232 0.03 392 2388 100.0 38.74 23.2717
5 4 0.0015 0.0002 100.0 518.67 642.76 1587.26 1403.71 14.62 21.61 553.73 2388.11 9050.85 1.3 47.27 521.87 2388.13 8130.32 8.449 0.03 391 2388 100.0 38.91 23.2782
5 5 -0.0015 -0.0001 100.0 518.67 643.07 1590.86 1404.03 14.62 21.61 553.73 2388.14 9047.56 1.3 47.51 521.72 2388.06 8132.45 8.4254 0.03 392 2388 100.0 38.81 23.3604
5 6 0.0009 -0.0003 100.0 518.67 642.78 1592.96 1405.1 14.62 21.61 553.5 2388.13 9046.22 1.3 47.5 521.63 2388.1 8128.19 8.4391 0.03 391 2388 100.0 38.96 23.2102
5 7 0.0022 0.0005 100.0 518.67 642.75 1581.64 1407.9 14.62 21.61 553.53 2388.09 9045.59 1.3 47.61 520.89 2388.07 8131.85 8.465 0.03 394 2388 100.0 38.84 23.3896
5 8 -0.002 -0.0005 100.0 518.67 642.64 1582.76 1410.27 14.62 21.61 553.36 2388.08 9045.08 1.3 47.5 521.71 2388.14 8128.8 8.4665 0.03 392 2388 100.0 38.99 23.3508
5 9 -0.0016 0.0001 100.0 518.67 642.93 1593.85 1404.69 14.62 21.61 553.47 2388.1 9047.58 1.3 47.39 521.23 2388.17 8125.28 8.4057 0.03 392 2388 100.0 38.79 23.2997
5 10 -0.0003 -0.0001 100.0 518.67 642.83 1585.24 1408.43 14.62 21.61 553.36 2388.1 9049.99 1.3 47.47 521.07 2388.09 8124.13 8.4707 0.03 394 2388 100.0 38.78 23.4111
5 11 -0.0026 -0.0003 100.0 518.67 642.29 1594.36 1406.39 14.62 21.61 554.18 2388.07 9048.76 1.3 47.61 521.68 2388.01 8126.85 8.4222 0.03 393 2388 100.0 39.03 23.3603
5 12 0.0008 0.0004 100.0 518.67 642.57 1583.47 1406.59 14.62 21.61 553.81 2388.12 9053.94 1.3 47.42 521.45 2388.07 8130.72 8.4405 0.03 393 2388 100.0 38.76 23.2577
5 13 -0.0012 -0.0004 100.0 518.67 642.34 1590.71 1410.61 14.62 21.61 553.72 2388.11 9044.27 1.3 47.57 521.72 2388.08 8126.76 8.4236 0.03 392 2388 100.0 38.94 23.2529
5 14 0.0025 -0.0001 100.0 518.67 642.52 1592.3 1406.5 14.62 21.61 553.57 2388.16 9049.36 1.3 47.7 521.69 2388.17 8128.85 8.4278 0.03 393 2388 100.0 38.94 23.2255
5 15 0.0006 -0.0002 100.0 518.67 642.22 1590.3 1404.62 14.62 21.61 553.18 2388.09 9045.27 1.3 47.65 521.14 2388.16 8129.06 8.4352 0.03 393 2388 100.0 38.88 23.2644
5 16 0.0051 0.0001 100.0 518.67 642.57 1583.58 1403.57 14.62 21.61 553.39 2388.1 9041.02 1.3 47.45 521.74 2388.1 8125.99 8.4511 0.03 394 2388 100.0 38.88 23.337
5 17 -0.0025 0.0004 100.0 518.67 642.96 1590.72 1410.89 14.62 21.61 553.21 2388.11 9044.84 1.3 47.59 521.76 2388.11 8126.19 8.4231 0.03 392 2388 100.0 38.85 23.3043
5 18 0.0021 0.0002 100.0 518.67 642.54 1588.29 1402.49 14.62 21.61 553.82 2388.09 9054.31 1.3 47.55 521.72 2388.16 8131.35 8.4463 0.03 392 2388 100.0 38.73 23.4157
5 19 0.0004 -0.0001 100.0 518.67 642.52 1585.1 1402.27 14.62 21.61 552.7 2388.13 9047.08 1.3 47.41 521.53 2388.11 8131.02 8.4612 0.03 394 2388 100.0 38.85 23.3409
5 20 -0.0006 0.0004 100.0 518.67 642.22 1597.92 1403.13 14.62 21.61 554.11 2388.11 9049.46 1.3 47.53 521.43 2388.12 8125.72 8.4587 0.03 392 2388 100.0 38.86 23.3036
5 21 -0.0015 -0.0005 100.0 518.67 642.36 1583.66 1403.17 14.62 21.61 553.51 2388.1 9053.5 1.3 47.55 521.69 2388.15 8128.09 8.4221 0.03 393 2388 100.0 38.78 23.3146
5 22 -0.0026 0.0004 100.0 518.67 642.74 1591.08 1406.0 14.62 21.61 553.78 2388.06 9043.64 1.3 47.52 521.84 2388.05 8128.51 8.414 0.03 393 2388 100.0 38.84 23.3547
5 23 0.0023 0.0005 100.0 518.67 642.44 1586.4 1408.05 14.62 21.61 553.47 2388.13 9040.29 1.3 47.45 521.45 2388.12 8122.66 8.464 0.03 394 2388 100.0 38.92 23.3348
5 24 -0.0019 -0.0002 100.0 518.67 643.09 1584.64 1406.14 14.62 21.61 553.65 2388.08 9049.3 1.3 47.38 521.78 2388.08 8129.77 8.4048 0.03 390 2388 100.0 38.85 23.3423
5 25 0.0015 0.0002 100.0 518.67 642.3 1586.18 1408.74 14.62 21.61 553.84 2388.14 9043.19 1.3 47.52 521.44 2388.09 8130.76 8.4188 0.03 392 2388 100.0 38.79 23.3352
5 26 -0.0017 -0.0002 100.0 518.67 642.85 1592.91 1411.06 14.62 21.61 554.15 2388.07 9040.18 1.3 47.39 521.26 2388.14 8123.71 8.3952 0.03 393 2388 100.0 38.81 23.2583
5 27 0.0041 -0.0003 100.0 518.67 642.85 1592.38 1400.08 14.62 21.61 553.22 2388.09 9051.01 1.3 47.27 521.4 2388.1 8129.22 8.4211 0.03 393 2388 100.0 39.02 23.3333
5 28 -0.0052 -0.0001 100.0 518.67 642.97 1600.66 1403.2 14.62 21.61 554.25 2388.09 9052.8 1.3 47.45 521.88 2388.11 8134.97 8.4456 0.03 393 2388 100.0 38.95 23.2875
5 29 0.0031 0.0003 100.0 518.67 642.62 1586.43 1400.12 14.62 21.61 553.71 2388.07 9051.9 1.3 47.48 521.51 2388.14 8128.26 8.4357 0.03 393 2388 100.0 38.95 23.2871
5 30 -0.0002 0.0001 100.0 518.67 642.85 1593.22 1405.34 14.62 21.61 554.08 2388.06 9049.94 1.3 47.43 521.29 2388.13 8125.27 8.422 0.03 392 2388 100.0 38.85 23.3956
5 31 -0.002 -0.0 100.0 518.67 642.63 1586.56 1408.91 14.62 21.61 553.09 2388.1 9044.18 1.3 47.4 521.74 2388.05 8129.03 8.4173 0.03 392 2388 100.0 38.78 23.2551
5 32 -0.0004 -0.0004 100.0 518.67 642.72 1599.41 1400.45 14.62 21.61 553.28 2388.11 9049.73 1.3 47.48 522.21 2388.12 8125.39 8.4316 0.03 393 2388 100.0 38.74 23.2627
5 33 0.0016 -0.0004 100.0 518.67 642.49 1589.53 1405.7 14.62 21.61 553.94 2388.1 9042.67 1.3 47.4 521.53 2388.03 8128.86 8.4139 0.03 391 2388 100.0 38.83 23.2945
5 34 -0.0009 0.0004 100.0 518.67 643.13 1591.38 1401.01 14.62 21.61 553.71 2388.13 9039.86 1.3 47.4 521.87 2388.09 8123.81 8.4038 0.03 393 2388 100.0 38.96 23.3057
5 35 0.0019 0.0002 100.0 518.67 642.72 1591.6 1406.83 14.62 21.61 553.15 2388.07 9045.4 1.3 47.31 521.56 2388.13 8131.96 8.4309 0.03 393 2388 100.0 38.95 23.2923
5 36 -0.0025 0.0002 100.0 518.67 642.61 1589.71 1403.9 14.62 21.61 553.12 2388.08 9052.06 1.3 47.3 521.34 2388.14 8128.3 8.4396 0.03 392 2388 100.0 39.03 23.238
5 37 0.0013 -0.0004 100.0 518.67 642.73 1585.41 1400.41 14.62 21.61 553.38 2388.13 9049.33 1.3 47.62 521.92 2388.09 8131.24 8.4075 0.03 393 2388 100.0 38.95 23.43
5 38 0.0023 -0.0005 100.0 518.67 642.7 1593.8 1406.43 14.62 21.61 553.75 2388.08 9047.92 1.3 47.34 521.68 2388.08 8128.18 8.4767 0.03 392 2388 100.0 38.9 23.2909
5 39 -0.0005 -0.0003 100.0 518.67 642.23 1594.45 1403.31 14.62 21.61 553.81 2388.14 9045.22 1.3 47.42 521.89 2388.1 8125.93 8.4225 0.03 393 2388 100.0 38.77 23.1912
5 40 0.001 0.0003 100.0 518.67 642.6 1587.46 1400.93 14.62 21.61 553.35 2388.1 9043.83 1.3 47.48 521.2 2388.1 8127.08 8.4647 0.03 393 2388 100.0 38.79 23.3683
5 41 -0.0018 -0.0004 100.0 518.67 642.85 1593.18 1398.87 14.62 21.61 553.65 2388.11 9047.0 1.3 47.56 521.59 2388.1 8132.34 8.4043 0.03 392 2388 100.0 38.78 23.3024
5 42 0.001 -0.0002 100.0 518.67 642.67 1589.42 1409.11 14.62 21.61 553.72 2388.1 9044.62 1.3 47.48 521.5 2388.11 8128.03 8.4345 0.03 393 2388 100.0 39.01 23.2842
5 43 -0.0002 -0.0003 100.0 518.67 642.15 1585.43 1410.59 14.62 21.61 553.8 2388.13 9051.76 1.3 47.29 521.75 2388.08 8132.3 8.4446 0.03 391 2388 100.0 38.77 23.2913
5 44 0.0043 0.0002 100.0 518.67 642.29 1585.67 1399.55 14.62 21.61 553.59 2388.15 9040.68 1.3 47.57 521.18 2388.1 8126.06 8.4136 0.03 392 2388 100.0 38.83 23.3106
5 45 -0.0038 -0.0002 100.0 518.67 642.54 1585.18 1404.19 14.62 21.61 553.61 2388.14 9046.59 1.3 47.66 521.97 2388.1 8131.72 8.4351 0.03 393 2388 100.0 38.91 23.2856
5 46 0.0003 -0.0005 100.0 518.67 642.4 1588.26 1401.77 14.62 21.61 553.41 2388.08 9057.99 1.3 47.65 521.33 2388.08 8125.07 8.4727 0.03 394 2388 100.0 39.02 23.315
5 47 -0.0003 0.0001 100.0 518.67 642.86 1584.46 1402.83 14.62 21.61 553.69 2388.1 9050.49 1.3 47.68 521.13 2388.12 8132.19 8.4346 0.03 393 2388 100.0 39.0 23.2806
5 48 -0.0025 -0.0003 100.0 518.67 643.08 1595.38 1404.24 14.62 21.61 553.51 2388.08 9046.1 1.3 47.53 521.2 2388.09 8132.28 8.4396 0.03 393 2388 100.0 38.85 23.336
5 49 -0.0011 -0.0002 100.0 518.67 642.55 1591.29 1411.31 14.62 21.61 553.61 2388.09 9048.74 1.3 47.46 521.53 2388.14 8128.02 8.3861 0.03 393 2388 100.0 38.79 23.3576
5 50 -0.0013 -0.0002 100.0 518.67 642.53 1595.3 1402.14 14.62 21.61 553.31 2388.08 9044.31 1.3 47.33 521.98 2388.07 8134.7 8.431 0.03 394 2388 100.0 39.03 23.2765
5 51 0.0006 0.0005 100.0 518.67 642.36 1582.79 1408.57 14.62 21.61 553.78 2388.13 9049.08 1.3 47.43 521.63 2388.11 8130.66 8.4179 0.03 393 2388 100.0 38.92 23.2392
5 52 -0.0023 -0.0001 100.0 518.67 642.57 1583.83 1410.09 14.62 21.61 554.29 2388.1 9039.61 1.3 47.38 521.38 2388.09 8128.49 8.4236 0.03 394 2388 100.0 38.93 23.3594
5 53 0.0004 -0.0003 100.0 518.67 642.27 1591.03 1414.8 14.62 21.61 552.94 2388.1 9047.43 1.3 47.7 521.67 2388.18 8128.12 8.4169 0.03 394 2388 100.0 38.79 23.3878
5 54 0.0015 0.0004 100.0 518.67 642.36 1584.08 1407.55 14.62 21.61 553.37 2388.1 9052.3 1.3 47.5 520.96 2388.13 8123.19 8.4095 0.03 393 2388 100.0 38.9 23.1983
5 55 0.0011 -0.0005 100.0 518.67 642.87 1590.61 1410.7 14.62 21.61 553.6 2388.08 9044.15 1.3 47.59 521.51 2388.12 8134.46 8.4336 0.03 391 2388 100.0 38.74 23.3583
5 56 0.0011 0.0003 100.0 518.67 642.72 1587.11 1403.61 14.62 21.61 552.63 2388.04 9050.9 1.3 47.48 521.53 2388.05 8133.63 8.458 0.03 394 2388 100.0 38.8 23.3681
5 57 -0.0015 0.0004 100.0 518.67 642.57 1594.95 1401.95 14.62 21.61 553.77 2388.12 9051.45 1.3 47.59 521.76 2388.1 8131.96 8.43 0.03 393 2388 100.0 38.82 23.3003
5 58 0.0018 0.0003 100.0 518.67 642.95 1595.34 1403.77 14.62 21.61 553.54 2388.11 9054.19 1.3 47.5 521.11 2388.12 8130.65 8.3959 0.03 392 2388 100.0 38.96 23.2451
5 59 -0.004 -0.0001 100.0 518.67 642.52 1590.6 1409.21 14.62 21.61 553.27 2388.11 9047.87 1.3 47.48 521.55 2388.1 8132.39 8.4554 0.03 395 2388 100.0 38.78 23.2682
5 60 0.0003 -0.0004 100.0 518.67 642.64 1587.43 1405.28 14.62 21.61 554.0 2388.15 9053.16 1.3 47.4 521.38 2388.13 8134.14 8.4311 0.03 393 2388 100.0 38.96 23.2355
5 61 -0.0008 0.0001 100.0 518.67 642.13 1587.12 1407.82 14.62 21.61 553.61 2388.09 9045.51 1.3 47.42 521.63 2388.12 8128.88 8.4446 0.03 393 2388 100.0 39.05 23.3373
5 62 0.0013 -0.0 100.0 518.67 642.45 1587.17 1403.49 14.62 21.61 553.48 2388.09 9043.3 1.3 47.47 521.58 2388.09 8130.53 8.4375 0.03 392 2388 100.0 38.96 23.3539
5 63 0.0011 -0.0004 100.0 518.67 642.83 1592.75 1414.06 14.62 21.61 554.34 2388.11 9049.72 1.3 47.47 521.56 2388.03 8131.03 8.4605 0.03 394 2388 100.0 38.72 23.291
5 64 -0.001 0.0001 100.0 518.67 642.37 1576.05 1408.09 14.62 21.61 553.7 2388.1 9049.81 1.3 47.43 521.36 2388.07 8132.03 8.4301 0.03 392 2388 100.0 38.86 23.2766
5 65 0.0006 0.0002 100.0 518.67 642.01 1584.53 1406.21 14.62 21.61 553.64 2388.13 9046.83 1.3 47.51 521.56 2388.11 8132.97 8.4084 0.03 394 2388 100.0 38.75 23.345
5 66 0.0019 -0.0003 100.0 518.67 642.22 1582.09 1397.0 14.62 21.61 553.95 2388.12 9049.28 1.3 47.6 521.66 2388.06 8128.51 8.4354 0.03 395 2388 100.0 38.89 23.3447
5 67 -0.0013 -0.0004 100.0 518.67 642.54 1586.55 1417.01 14.62 21.61 553.25 2388.14 9056.62 1.3 47.27 521.13 2388.16 8131.6 8.446 0.03 393 2388 100.0 38.84 23.3172
5 68 0.0032 -0.0005 100.0 518.67 642.64 1595.18 1405.34 14.62 21.61 553.24 2388.11 9050.22 1.3 47.47 521.15 2388.15 8130.55 8.4487 0.03 394 2388 100.0 38.81 23.3163
5 69 -0.0007 0.0001 100.0 518.67 642.36 1587.26 1405.43 14.62 21.61 553.64 2388.13 9050.79 1.3 47.6 521.36 2388.09 8126.75 8.4118 0.03 392 2388 100.0 38.95 23.2609
5 70 0.0027 0.0 100.0 518.67 642.71 1591.91 1403.83 14.62 21.61 553.48 2388.07 9052.45 1.3 47.47 520.69 2388.15 8131.56 8.4664 0.03 394 2388 100.0 38.9 23.2473
5 71 -0.0025 0.0002 100.0 518.67 642.94 1591.34 1408.11 14.62 21.61 552.46 2388.12 9049.28 1.3 47.55 520.84 2388.09 8129.09 8.4274 0.03 394 2388 100.0 38.99 23.3159
5 72 0.0035 0.0001 100.0 518.67 642.37 1589.38 1408.49 14.62 21.61 553.27 2388.19 9050.33 1.3 47.56 521.82 2388.13 8131.04 8.4745 0.03 392 2388 100.0 38.89 23.3134
5 73 -0.0001 -0.0005 100.0 518.67 642.72 1586.39 1407.18 14.62 21.61 553.32 2388.11 9052.72 1.3 47.55 521.98 2388.11 8132.41 8.4301 0.03 393 2388 100.0 39.1 23.4048
5 74 0.0021 0.0005 100.0 518.67 642.84 1590.4 1406.16 14.62 21.61 553.41 2388.14 9049.03 1.3 47.59 521.46 2388.08 8125.23 8.4175 0.03 392 2388 100.0 38.71 23.3119
5 75 -0.001 0.0003 100.0 518.67 642.79 1593.94 1403.46 14.62 21.61 553.05 2388.14 9047.83 1.3 47.43 521.15 2388.08 8128.9 8.4392 0.03 395 2388 100.0 38.83 23.3378
5 76 0.0047 -0.0001 100.0 518.67 642.65 1588.93 1409.62 14.62 21.61 553.1 2388.09 9045.15 1.3 47.4 521.78 2388.13 8128.1 8.4317 0.03 393 2388 100.0 38.87 23.3021
5 77 -0.0028 0.0001 100.0 518.67 642.67 1592.68 1412.95 14.62 21.61 553.31 2388.12 9050.6 1.3 47.43 521.31 2388.05 8132.73 8.4276 0.03 394 2388 100.0 38.76 23.3818
5 78 -0.0013 -0.0002 100.0 518.67 642.09 1585.98 1406.94 14.62 21.61 553.61 2388.09 9050.76 1.3 47.52 521.83 2388.14 8134.56 8.4172 0.03 393 2388 100.0 38.71 23.2808
5 79 -0.0015 -0.0001 100.0 518.67 642.62 1587.87 1404.57 14.62 21.61 553.16 2388.12 9038.85 1.3 47.34 521.44 2388.12 8126.24 8.4282 0.03 393 2388 100.0 38.95 23.3389
5 80 -0.0013 -0.0002 100.0 518.67 642.86 1585.41 1411.51 14.62 21.61 554.06 2388.1 9058.97 1.3 47.45 521.37 2388.11 8129.21 8.4694 0.03 393 2388 100.0 38.9 23.3152
5 81 0.0023 0.0 100.0 518.67 642.55 1590.47 1404.08 14.62 21.61 553.42 2388.11 9049.05 1.3 47.57 522.0 2388.05 8131.91 8.4903 0.03 392 2388 100.0 38.64 23.3455
5 82 0.0027 0.0002 100.0 518.67 643.11 1592.1 1411.97 14.62 21.61 553.26 2388.16 9054.66 1.3 47.51 521.25 2388.13 8126.33 8.4171 0.03 392 2388 100.0 38.68 23.2029
5 83 -0.0013 0.0002 100.0 518.67 642.36 1591.8 1409.46 14.62 21.61 553.79 2388.11 9045.9 1.3 47.47 521.13 2388.09 8133.97 8.4856 0.03 392 2388 100.0 38.82 23.3571
5 84 0.0022 0.0001 100.0 518.67 642.82 1593.39 1403.64 14.62 21.61 553.72 2388.15 9048.91 1.3 47.44 521.42 2388.15 8130.28 8.4677 0.03 394 2388 100.0 38.84 23.3059
5 85 -0.0001 -0.0004 100.0 518.67 642.34 1583.45 1409.02 14.62 21.61 553.4 2388.13 9056.71 1.3 47.47 521.23 2388.11 8123.98 8.4348 0.03 394 2388 100.0 38.88 23.3403
5 86 -0.0041 0.0003 100.0 518.67 642.74 1589.28 1403.6 14.62 21.61 553.16 2388.13 9058.37 1.3 47.37 521.54 2388.07 8130.03 8.4381 0.03 394 2388 100.0 38.74 23.2929
5 87 -0.0 0.0003 100.0 518.67 643.18 1590.53 1407.34 14.62 21.61 553.92 2388.13 9056.1 1.3 47.59 520.94 2388.11 8131.18 8.4293 0.03 394 2388 100.0 38.72 23.28
5 88 0.0014 0.0 100.0 518.67 642.86 1596.38 1405.86 14.62 21.61 553.91 2388.1 9048.89 1.3 47.46 521.16 2388.16 8123.5 8.4283 0.03 393 2388 100.0 38.7 23.3045
5 89 0.0028 0.0004 100.0 518.67 642.37 1588.71 1411.0 14.62 21.61 554.04 2388.17 9050.82 1.3 47.66 521.08 2388.13 8126.03 8.4598 0.03 395 2388 100.0 38.77 23.3392
5 90 0.001 -0.0001 100.0 518.67 643.22 1590.8 1407.46 14.62 21.61 553.67 2388.09 9051.98 1.3 47.5 521.73 2388.09 8131.23 8.455 0.03 393 2388 100.0 38.72 23.3233
5 91 0.0009 0.0 100.0 518.67 643.08 1582.82 1411.01 14.62 21.61 553.14 2388.06 9045.03 1.3 47.57 521.02 2388.12 8135.52 8.4064 0.03 392 2388 100.0 38.97 23.2887
5 92 -0.0026 0.0 100.0 518.67 642.76 1594.06 1404.21 14.62 21.61 554.0 2388.08 9058.12 1.3 47.6 521.22 2388.13 8127.12 8.4273 0.03 393 2388 100.0 38.9 23.2973
5 93 -0.0038 -0.0005 100.0 518.67 642.85 1590.47 1407.53 14.62 21.61 553.5 2388.09 9058.19 1.3 47.6 521.9 2388.06 8135.76 8.4371 0.03 393 2388 100.0 38.92 23.3556
5 94 -0.0008 -0.0005 100.0 518.67 642.14 1593.3 1410.27 14.62 21.61 553.48 2388.13 9052.21 1.3 47.47 521.17 2388.13 8135.81 8.4887 0.03 393 2388 100.0 38.73 23.3488
5 95 -0.0031 -0.0004 100.0 518.67 642.93 1584.62 1412.12 14.62 21.61 553.26 2388.09 9054.32 1.3 47.67 521.41 2388.13 8137.6 8.4627 0.03 392 2388 100.0 39.06 23.2414
5 96 0.001 0.0004 100.0 518.67 642.14 1590.07 1408.06 14.62 21.61 553.53 2388.11 9056.0 1.3 47.67 521.28 2388.05 8130.5 8.4288 0.03 394 2388 100.0 38.73 23.2614
5 97 -0.0041 0.0001 100.0 518.67 643.0 1595.85 1417.5 14.62 21.61 554.0 2388.13 9049.95 1.3 47.52 521.9 2388.13 8131.9 8.457 0.03 392 2388 100.0 38.92 23.2837
5 98 0.0007 -0.0002 100.0 518.67 642.48 1593.94 1401.81 14.62 21.61 552.9 2388.14 9053.77 1.3 47.52 521.16 2388.13 8128.6 8.4456 0.03 393 2388 100.0 38.74 23.3507
5 99 -0.0023 -0.0003 100.0 518.67 642.94 1582.83 1414.16 14.62 21.61 553.09 2388.15 9044.79 1.3 47.49 521.38 2388.09 8130.7 8.4303 0.03 392 2388 100.0 38.91 23.3128
5 100 0.001 0.0001 100.0 518.67 642.7 1596.56 1406.93 14.62 21.61 553.23 2388.1 9044.5 1.3 47.75 521.54 2388.09 8129.45 8.4369 0.03 394 2388 100.0 38.82 23.2606
5 101 0.0004 0.0004 100.0 518.67 642.48 1593.38 1409.64 14.62 21.61 553.47 2388.17 9058.25 1.3 47.54 520.94 2388.12 8135.52 8.4345 0.03 394 2388 100.0 38.77 23.2902
5 102 0.0011 -0.0003 100.0 518.67 642.44 1588.05 1405.86 14.62 21.61 553.21 2388.1 9052.79 1.3 47.44 520.88 2388.15 8125.35 8.4688 0.03 392 2388 100.0 38.73 23.2959
5 103 0.0002 -0.0 100.0 518.67 642.25 1590.5 1406.1 14.62 21.61 553.2 2388.14 9051.99 1.3 47.68 521.39 2388.1 8131.7 8.4668 0.03 394 2388 100.0 38.96 23.3392
5 104 0.0002 -0.0003 100.0 518.67 642.33 1586.67 1414.32 14.62 21.61 553.38 2388.14 9061.34 1.3 47.52 521.67 2388.13 8138.75 8.4427 0.03 393 2388 100.0 38.89 23.2682
5 105 0.0017 0.0001 100.0 518.67 642.95 1587.57 1405.05 14.62 21.61 552.92 2388.08 9055.32 1.3 47.69 521.18 2388.13 8127.43 8.4515 0.03 394 2388 100.0 38.7 23.2456
5 106 -0.0042 -0.0003 100.0 518.67 643.34 1592.01 1411.1 14.62 21.61 553.57 2388.13 9052.3 1.3 47.66 520.95 2388.12 8136.77 8.4746 0.03 393 2388 100.0 38.65 23.2754
5 107 0.0014 0.0004 100.0 518.67 642.86 1590.92 1407.63 14.62 21.61 553.7 2388.1 9055.4 1.3 47.43 521.5 2388.16 8132.49 8.4639 0.03 392 2388 100.0 38.71 23.3583
5 108 0.0021 -0.0003 100.0 518.67 642.21 1587.31 1415.76 14.62 21.61 552.96 2388.13 9057.11 1.3 47.57 521.64 2388.14 8132.48 8.4494 0.03 394 2388 100.0 38.83 23.2455
5 109 -0.003 -0.0004 100.0 518.67 642.84 1590.64 1408.72 14.62 21.61 552.77 2388.08 9050.77 1.3 47.54 521.4 2388.13 8133.14 8.4583 0.03 395 2388 100.0 38.76 23.3425
5 110 -0.0013 0.0 100.0 518.67 642.75 1585.79 1412.76 14.62 21.61 552.89 2388.13 9053.29 1.3 47.56 521.05 2388.17 8136.41 8.4253 0.03 394 2388 100.0 38.76 23.2288
5 111 0.0034 -0.0 100.0 518.67 642.61 1595.79 1408.04 14.62 21.61 553.4 2388.14 9053.82 1.3 47.71 521.36 2388.13 8136.62 8.3911 0.03 394 2388 100.0 38.7 23.264
5 112 -0.0004 -0.0003 100.0 518.67 642.53 1593.17 1410.5 14.62 21.61 553.22 2388.14 9057.33 1.3 47.69 521.48 2388.1 8135.09 8.4381 0.03 394 2388 100.0 38.78 23.1954
5 113 0.0045 -0.0005 100.0 518.67 642.36 1591.28 1412.85 14.62 21.61 554.03 2388.16 9053.87 1.3 47.44 521.58 2388.12 8135.28 8.4188 0.03 394 2388 100.0 38.86 23.3624
5 114 0.0026 0.0 100.0 518.67 642.77 1586.84 1410.51 14.62 21.61 553.28 2388.17 9051.21 1.3 47.51 520.42 2388.14 8133.44 8.4438 0.03 393 2388 100.0 38.87 23.3199
5 115 -0.0019 0.0001 100.0 518.67 643.05 1595.69 1405.23 14.62 21.61 553.28 2388.13 9052.13 1.3 47.63 521.63 2388.09 8134.65 8.4285 0.03 395 2388 100.0 38.95 23.176
5 116 -0.0005 -0.0004 100.0 518.67 642.89 1578.99 1410.74 14.62 21.61 552.87 2388.14 9060.07 1.3 47.39 520.92 2388.13 8133.98 8.4328 0.03 393 2388 100.0 38.7 23.2571
5 117 -0.0037 -0.0001 100.0 518.67 641.91 1599.62 1402.96 14.62 21.61 553.14 2388.17 9055.01 1.3 47.6 521.25 2388.15 8132.08 8.4271 0.03 395 2388 100.0 38.88 23.3036
5 118 -0.0007 -0.0004 100.0 518.67 642.75 1591.08 1407.7 14.62 21.61 553.25 2388.12 9057.64 1.3 47.56 520.85 2388.1 8133.37 8.4577 0.03 393 2388 100.0 38.69 23.2588
5 119 0.0025 -0.0005 100.0 518.67 642.64 1591.59 1412.52 14.62 21.61 553.11 2388.08 9052.67 1.3 47.42 521.45 2388.13 8139.64 8.4596 0.03 393 2388 100.0 38.72 23.2821
5 120 -0.0054 0.0004 100.0 518.67 642.55 1595.08 1414.09 14.62 21.61 553.6 2388.16 9052.96 1.3 47.59 521.69 2388.09 8130.91 8.4388 0.03 393 2388 100.0 38.65 23.3042
5 121 -0.0 0.0003 100.0 518.67 643.21 1587.43 1413.8 14.62 21.61 553.34 2388.12 9060.18 1.3 47.47 520.98 2388.15 8128.17 8.4552 0.03 394 2388 100.0 39.03 23.2673
5 122 0.0003 -0.0002 100.0 518.67 643.32 1588.91 1404.81 14.62 21.61 553.42 2388.13 9049.65 1.3 47.58 521.14 2388.2 8135.11 8.404 0.03 394 2388 100.0 38.8 23.4258
5 123 0.0033 0.0003 100.0 518.67 642.6 1593.74 1416.9 14.62 21.61 552.49 2388.12 9054.98 1.3 47.74 521.4 2388.18 8137.43 8.4411 0.03 394 2388 100.0 38.65 23.1956
5 124 0.0043 0.0002 100.0 518.67 642.66 1589.24 1415.67 14.62 21.61 553.15 2388.15 9058.65 1.3 47.48 521.1 2388.08 8135.05 8.4445 0.03 391 2388 100.0 38.74 23.2486
5 125 0.0001 0.0003 100.0 518.67 643.13 1593.79 1407.5 14.62 21.61 553.24 2388.1 9052.63 1.3 47.65 521.2 2388.14 8137.23 8.4404 0.03 394 2388 100.0 38.66 23.2189
5 126 -0.0009 -0.0002 100.0 518.67 642.01 1584.05 1408.55 14.62 21.61 553.64 2388.13 9048.23 1.3 47.46 521.35 2388.13 8136.05 8.447 0.03 394 2388 100.0 38.72 23.0756
5 127 -0.0024 -0.0005 100.0 518.67 642.81 1589.79 1407.05 14.62 21.61 553.56 2388.14 9054.06 1.3 47.62 521.69 2388.11 8136.05 8.4439 0.03 393 2388 100.0 38.78 23.173
5 128 -0.0 -0.0004 100.0 518.67 642.63 1589.43 1405.91 14.62 21.61 553.77 2388.12 9062.65 1.3 47.62 520.86 2388.17 8137.02 8.4537 0.03 392 2388 100.0 38.79 23.3463
5 129 -0.0012 -0.0004 100.0 518.67 642.84 1594.02 1412.25 14.62 21.61 553.23 2388.09 9055.45 1.3 47.47 521.27 2388.11 8132.64 8.4534 0.03 393 2388 100.0 38.72 23.3251
5 130 -0.0018 -0.0003 100.0 518.67 642.89 1588.67 1410.49 14.62 21.61 553.88 2388.14 9056.77 1.3 47.78 520.95 2388.22 8137.8 8.4622 0.03 393 2388 100.0 38.8 23.2846
5 131 -0.0006 -0.0005 100.0 518.67 642.82 1592.61 1414.23 14.62 21.61 552.87 2388.1 9050.79 1.3 47.5 520.8 2388.09 8140.63 8.4578 0.03 394 2388 100.0 38.86 23.2624
5 132 0.0011 -0.0004 100.0 518.67 642.98 1584.25 1414.18 14.62 21.61 553.65 2388.09 9059.42 1.3 47.69 520.98 2388.11 8139.5 8.4499 0.03 394 2388 100.0 38.82 23.2125
5 133 0.0001 0.0003 100.0 518.67 642.95 1586.89 1410.05 14.62 21.61 552.91 2388.12 9061.71 1.3 47.62 521.06 2388.17 8141.75 8.4708 0.03 393 2388 100.0 38.76 23.3066
5 134 -0.0014 -0.0001 100.0 518.67 642.91 1599.73 1407.75 14.62 21.61 552.62 2388.1 9059.05 1.3 47.7 520.92 2388.18 8139.53 8.4541 0.03 393 2388 100.0 38.76 23.2696
5 135 0.0002 -0.0 100.0 518.67 642.99 1593.28 1411.53 14.62 21.61 552.66 2388.16 9064.92 1.3 47.68 520.97 2388.13 8136.19 8.4676 0.03 393 2388 100.0 38.87 23.3033
5 136 0.0023 -0.0002 100.0 518.67 642.81 1591.86 1416.74 14.62 21.61 553.4 2388.1 9055.23 1.3 47.49 521.14 2388.12 8141.54 8.457 0.03 394 2388 100.0 38.78 23.2425
5 137 -0.0012 -0.0003 100.0 518.67 643.22 1594.56 1404.53 14.62 21.61 552.48 2388.15 9062.07 1.3 47.67 521.23 2388.11 8137.59 8.4466 0.03 394 2388 100.0 38.85 23.2358
5 138 -0.0033 0.0002 100.0 518.67 642.5 1595.03 1403.58 14.62 21.61 552.68 2388.12 9056.56 1.3 47.51 521.46 2388.17 8137.92 8.4572 0.03 394 2388 100.0 38.81 23.2599
5 139 0.0003 0.0004 100.0 518.67 643.07 1592.75 1410.26 14.62 21.61 552.32 2388.11 9061.81 1.3 47.63 521.05 2388.13 8140.6 8.4613 0.03 393 2388 100.0 38.8 23.3248
5 140 -0.0016 -0.0003 100.0 518.67 642.98 1582.6 1418.06 14.62 21.61 553.0 2388.11 9057.36 1.3 47.61 520.93 2388.1 8136.02 8.4853 0.03 393 2388 100.0 38.56 23.1722
5 141 0.0008 -0.0004 100.0 518.67 643.02 1594.17 1406.14 14.62 21.61 553.29 2388.1 9059.84 1.3 47.61 521.17 2388.12 8137.63 8.4425 0.03 392 2388 100.0 38.79 23.2316
5 142 -0.0015 -0.0004 100.0 518.67 642.51 1591.1 1415.2 14.62 21.61 553.08 2388.11 9065.04 1.3 47.45 521.43 2388.16 8139.52 8.4469 0.03 393 2388 100.0 38.58 23.2376
5 143 0.0022 -0.0003 100.0 518.67 643.21 1596.57 1413.26 14.62 21.61 553.53 2388.18 9061.2 1.3 47.77 521.09 2388.16 8142.29 8.4276 0.03 393 2388 100.0 38.93 23.1417
5 144 0.0015 0.0003 100.0 518.67 642.99 1593.58 1415.6 14.62 21.61 553.17 2388.1 9057.95 1.3 47.8 520.68 2388.17 8137.27 8.4682 0.03 394 2388 100.0 38.77 23.2142
5 145 -0.0037 -0.0002 100.0 518.67 643.1 1591.94 1413.72 14.62 21.61 553.25 2388.11 9060.58 1.3 47.73 521.37 2388.07 8141.16 8.4676 0.03 394 2388 100.0 38.71 23.2448
5 146 -0.002 -0.0003 100.0 518.67 642.81 1590.99 1406.11 14.62 21.61 553.32 2388.13 9066.88 1.3 47.52 520.67 2388.1 8140.32 8.4512 0.03 395 2388 100.0 38.69 23.2498
5 147 0.0005 0.0001 100.0 518.67 642.58 1594.32 1413.31 14.62 21.61 552.81 2388.16 9064.61 1.3 47.54 521.36 2388.09 8137.49 8.4695 0.03 392 2388 100.0 38.82 23.3602
5 148 -0.0009 0.0001 100.0 518.67 642.86 1590.48 1413.02 14.62 21.61 553.24 2388.1 9070.89 1.3 47.9 520.95 2388.08 8143.82 8.4513 0.03 394 2388 100.0 38.67 23.2066
5 149 0.0001 -0.0002 100.0 518.67 642.97 1592.37 1411.86 14.62 21.61 553.05 2388.09 9066.96 1.3 47.8 521.15 2388.21 8138.68 8.4623 0.03 395 2388 100.0 38.8 23.2437
5 150 -0.0009 0.0003 100.0 518.67 642.8 1591.01 1413.25 14.62 21.61 552.92 2388.17 9061.89 1.3 47.6 521.04 2388.13 8143.93 8.4693 0.03 394 2388 100.0 38.66 23.3138
5 151 0.0029 -0.0002 100.0 518.67 643.12 1599.66 1415.91 14.62 21.61 553.72 2388.09 9074.32 1.3 47.66 520.66 2388.16 8146.33 8.4533 0.03 394 2388 100.0 38.75 23.2131
5 152 0.0031 -0.0 100.0 518.67 642.84 1591.8 1414.36 14.62 21.61 553.11 2388.13 9067.19 1.3 47.62 521.22 2388.16 8143.97 8.44 0.03 393 2388 100.0 38.84 23.3103
5 153 0.0005 -0.0003 100.0 518.67 642.93 1591.63 1419.84 14.62 21.61 553.05 2388.17 9065.14 1.3 47.65 521.01 2388.16 8137.9 8.5013 0.03 395 2388 100.0 38.85 23.158
5 154 -0.0027 -0.0 100.0 518.67 643.34 1589.17 1421.41 14.62 21.61 553.01 2388.11 9065.73 1.3 47.78 521.2 2388.14 8138.47 8.4707 0.03 395 2388 100.0 38.8 23.1621
5 155 -0.001 0.0003 100.0 518.67 643.02 1592.57 1414.76 14.62 21.61 552.65 2388.12 9075.91 1.3 47.64 521.12 2388.13 8144.59 8.4947 0.03 394 2388 100.0 38.86 23.3182
5 156 -0.0026 0.0002 100.0 518.67 643.14 1590.95 1412.2 14.62 21.61 552.53 2388.16 9070.41 1.3 47.67 521.68 2388.14 8139.52 8.4505 0.03 394 2388 100.0 38.6 23.1167
5 157 0.002 -0.0005 100.0 518.67 642.72 1589.89 1419.94 14.62 21.61 552.82 2388.19 9075.12 1.3 47.72 520.8 2388.16 8145.16 8.4743 0.03 394 2388 100.0 38.67 23.2954
5 158 0.0037 0.0002 100.0 518.67 642.61 1588.34 1404.3 14.62 21.61 552.62 2388.16 9064.04 1.3 47.67 521.45 2388.13 8145.31 8.4431 0.03 395 2388 100.0 38.74 23.2439
5 159 -0.0031 -0.0004 100.0 518.67 643.0 1595.92 1412.01 14.62 21.61 552.88 2388.12 9065.29 1.3 47.73 520.34 2388.21 8143.39 8.4534 0.03 395 2388 100.0 38.65 23.227
5 160 0.0018 -0.0 100.0 518.67 642.91 1593.54 1413.11 14.62 21.61 552.56 2388.17 9066.63 1.3 47.9 521.03 2388.17 8141.93 8.476 0.03 395 2388 100.0 38.76 23.2984
5 161 0.0023 0.0003 100.0 518.67 643.23 1600.33 1416.75 14.62 21.61 552.63 2388.12 9071.42 1.3 47.66 521.11 2388.12 8139.82 8.4774 0.03 394 2388 100.0 38.83 23.3123
5 162 0.0035 -0.0004 100.0 518.67 643.23 1595.86 1415.66 14.62 21.61 552.98 2388.18 9069.19 1.3 47.75 520.41 2388.14 8146.08 8.4427 0.03 392 2388 100.0 38.8 23.1628
5 163 -0.0019 0.0004 100.0 518.67 643.22 1601.17 1415.66 14.62 21.61 552.53 2388.1 9065.49 1.3 47.69 520.51 2388.23 8144.09 8.4892 0.03 393 2388 100.0 38.82 23.2886
5 164 0.0036 0.0005 100.0 518.67 642.7 1590.87 1412.48 14.62 21.61 552.28 2388.17 9073.02 1.3 47.83 521.15 2388.18 8139.83 8.4766 0.03 395 2388 100.0 38.81 23.2348
5 165 -0.0023 0.0001 100.0 518.67 643.76 1591.32 1410.28 14.62 21.61 552.66 2388.12 9072.03 1.3 47.81 521.2 2388.12 8146.27 8.5204 0.03 395 2388 100.0 38.56 23.2058
5 166 -0.003 -0.0002 100.0 518.67 643.19 1595.27 1416.3 14.62 21.61 552.83 2388.09 9067.96 1.3 47.74 520.45 2388.16 8144.57 8.4355 0.03 394 2388 100.0 38.8 23.2236
5 167 -0.0007 0.0001 100.0 518.67 643.62 1594.22 1421.0 14.62 21.61 552.69 2388.15 9072.64 1.3 47.73 521.35 2388.15 8141.4 8.4472 0.03 394 2388 100.0 38.67 23.1733
5 168 -0.0026 -0.0 100.0 518.67 643.69 1589.64 1414.89 14.62 21.61 552.29 2388.2 9071.56 1.3 47.65 521.1 2388.19 8148.41 8.4801 0.03 395 2388 100.0 38.63 23.1341
5 169 0.0046 -0.0003 100.0 518.67 642.96 1595.76 1416.0 14.62 21.61 552.45 2388.15 9067.25 1.3 47.78 520.44 2388.21 8148.96 8.4652 0.03 394 2388 100.0 38.58 23.2707
5 170 0.0023 0.0003 100.0 518.67 642.9 1593.89 1417.73 14.62 21.61 552.3 2388.15 9068.14 1.3 47.75 520.58 2388.16 8142.89 8.4558 0.03 394 2388 100.0 38.48 23.2248
5 171 -0.0017 0.0001 100.0 518.67 642.93 1591.35 1421.18 14.62 21.61 551.84 2388.12 9074.98 1.3 47.72 520.75 2388.12 8145.28 8.441 0.03 394 2388 100.0 38.57 23.2175
5 172 0.0015 -0.0005 100.0 518.67 642.93 1590.81 1419.06 14.62 21.61 552.89 2388.18 9076.41 1.3 47.83 520.4 2388.1 8152.72 8.4671 0.03 394 2388 100.0 38.59 23.2113
5 173 0.003 0.0003 100.0 518.67 643.12 1601.08 1418.7 14.62 21.61 552.28 2388.12 9076.03 1.3 47.78 521.08 2388.16 8150.0 8.5292 0.03 395 2388 100.0 38.64 23.1715
5 174 -0.0019 -0.0003 100.0 518.67 643.74 1599.35 1415.58 14.62 21.61 552.27 2388.14 9074.77 1.3 47.87 520.9 2388.13 8145.7 8.4821 0.03 396 2388 100.0 38.6 23.1227
5 175 0.0036 -0.0004 100.0 518.67 643.0 1595.15 1425.34 14.62 21.61 551.47 2388.18 9075.21 1.3 47.78 520.5 2388.19 8148.62 8.5101 0.03 397 2388 100.0 38.75 23.1888
5 176 0.0029 0.0003 100.0 518.67 643.35 1593.52 1420.74 14.62 21.61 552.89 2388.19 9077.7 1.3 47.93 520.81 2388.19 8149.25 8.5018 0.03 393 2388 100.0 38.51 23.1759
5 177 0.0013 0.0004 100.0 518.67 643.34 1600.13 1414.74 14.62 21.61 552.83 2388.16 9078.65 1.3 47.85 520.43 2388.11 8158.89 8.4796 0.03 394 2388 100.0 38.63 23.1869
5 178 -0.0005 0.0005 100.0 518.67 643.14 1598.8 1414.21 14.62 21.61 551.69 2388.15 9069.47 1.3 47.88 520.51 2388.17 8152.89 8.4867 0.03 396 2388 100.0 38.72 23.2326
5 179 0.0006 -0.0001 100.0 518.67 643.8 1599.45 1414.77 14.62 21.61 552.76 2388.17 9081.0 1.3 47.76 520.09 2388.1 8153.4 8.4992 0.03 394 2388 100.0 38.53 23.2166
5 180 -0.0008 -0.0001 100.0 518.67 643.28 1590.44 1417.83 14.62 21.61 553.2 2388.21 9076.7 1.3 47.77 519.93 2388.16 8155.7 8.4896 0.03 395 2388 100.0 38.53 23.2
5 181 0.002 0.0004 100.0 518.67 643.26 1602.92 1419.89 14.62 21.61 552.15 2388.15 9078.0 1.3 47.74 520.48 2388.16 8151.88 8.4628 0.03 394 2388 100.0 38.61 23.1582
5 182 0.0004 -0.0002 100.0 518.67 643.11 1595.62 1424.93 14.62 21.61 552.64 2388.19 9077.52 1.3 47.88 521.06 2388.18 8154.29 8.4946 0.03 395 2388 100.0 38.57 23.0576
5 183 -0.0012 0.0004 100.0 518.67 642.77 1598.66 1423.01 14.62 21.61 552.18 2388.15 9078.6 1.3 47.94 521.09 2388.16 8157.14 8.4867 0.03 394 2388 100.0 38.54 23.0839
5 184 -0.002 0.0004 100.0 518.67 643.63 1603.11 1417.24 14.62 21.61 552.04 2388.14 9083.84 1.3 48.01 520.82 2388.21 8159.56 8.4616 0.03 394 2388 100.0 38.63 23.1756
5 185 0.0009 0.0004 100.0 518.67 643.57 1600.29 1416.62 14.62 21.61 552.51 2388.18 9083.02 1.3 47.73 520.74 2388.13 8155.2 8.4935 0.03 395 2388 100.0 38.69 23.1986
5 186 0.0002 -0.0001 100.0 518.67 643.57 1594.23 1422.14 14.62 21.61 552.75 2388.14 9081.87 1.3 47.88 520.66 2388.21 8154.98 8.4855 0.03 396 2388 100.0 38.54 23.0668
5 187 0.0016 0.0002 100.0 518.67 643.27 1596.53 1423.68 14.62 21.61 551.95 2388.12 9079.43 1.3 48.03 520.1 2388.22 8158.55 8.4715 0.03 395 2388 100.0 38.45 23.1268
5 188 0.0026 -0.0001 100.0 518.67 643.58 1597.3 1425.32 14.62 21.61 551.67 2388.17 9090.13 1.3 47.92 520.29 2388.15 8158.27 8.4961 0.03 395 2388 100.0 38.48 23.1131
5 189 -0.001 0.0 100.0 518.67 643.0 1594.56 1419.96 14.62 21.61 551.99 2388.15 9085.75 1.3 48.0 520.62 2388.15 8156.89 8.4746 0.03 394 2388 100.0 38.57 23.1952
5 190 0.0047 -0.0004 100.0 518.67 643.39 1603.92 1426.02 14.62 21.61 551.73 2388.22 9083.97 1.3 47.91 519.97 2388.16 8160.7 8.537 0.03 395 2388 100.0 38.3 23.1887
5 191 -0.0037 -0.0005 100.0 518.67 643.26 1596.57 1417.79 14.62 21.61 551.51 2388.17 9090.58 1.3 47.77 520.77 2388.14 8161.01 8.4442 0.03 395 2388 100.0 38.72 23.1178
5 192 -0.0028 -0.0001 100.0 518.67 643.2 1600.86 1422.64 14.62 21.61 552.29 2388.17 9085.49 1.3 48.18 519.98 2388.18 8154.91 8.4824 0.03 395 2388 100.0 38.5 23.2676
5 193 -0.0021 0.0001 100.0 518.67 643.55 1606.71 1421.02 14.62 21.61 552.14 2388.17 9096.75 1.3 47.92 520.35 2388.18 8164.6 8.4589 0.03 395 2388 100.0 38.62 23.1022
5 194 0.0004 -0.0003 100.0 518.67 643.69 1597.77 1426.53 14.62 21.61 552.01 2388.18 9081.59 1.3 48.08 519.66 2388.19 8157.02 8.5011 0.03 395 2388 100.0 38.61 23.1389
5 195 0.0028 0.0001 100.0 518.67 643.81 1604.59 1421.39 14.62 21.61 552.43 2388.16 9086.23 1.3 47.98 520.09 2388.2 8163.47 8.4694 0.03 396 2388 100.0 38.63 23.0934
5 196 -0.0003 0.0002 100.0 518.67 642.96 1597.09 1427.02 14.62 21.61 553.07 2388.19 9094.79 1.3 47.93 520.61 2388.12 8164.48 8.4841 0.03 394 2388 100.0 38.46 23.2301
5 197 0.0036 -0.0003 100.0 518.67 643.52 1601.25 1422.59 14.62 21.61 552.05 2388.15 9095.72 1.3 47.98 520.8 2388.18 8165.47 8.4765 0.03 395 2388 100.0 38.56 23.078
5 198 0.0017 -0.0001 100.0 518.67 643.7 1599.86 1425.03 14.62 21.61 551.86 2388.13 9094.65 1.3 48.09 519.87 2388.25 8161.31 8.5199 0.03 395 2388 100.0 38.56 23.0996
5 199 0.0007 -0.0001 100.0 518.67 643.18 1600.48 1417.01 14.62 21.61 551.56 2388.18 9099.79 1.3 48.1 519.9 2388.2 8169.44 8.4941 0.03 396 2388 100.0 38.46 23.0992
5 200 -0.0013 -0.0004 100.0 518.67 643.52 1595.21 1428.76 14.62 21.61 552.43 2388.15 9098.85 1.3 48.02 520.34 2388.15 8170.24 8.5115 0.03 396 2388 100.0 38.63 23.0246
5 201 0.0007 -0.0 100.0 518.67 643.28 1599.88 1427.68 14.62 21.61 551.58 2388.22 9095.7 1.3 48.19 520.36 2388.16 8165.52 8.519 0.03 396 2388 100.0 38.64 23.0884
5 202 -0.0035 0.0002 100.0 518.67 643.44 1596.55 1425.56 14.62 21.61 551.83 2388.16 9098.51 1.3 48.08 520.3 2388.19 8167.17 8.5284 0.03 398 2388 100.0 38.5 23.0775
5 203 -0.0003 0.0002 100.0 518.67 643.85 1601.96 1428.97 14.62 21.61 551.88 2388.2 9104.69 1.3 47.95 520.26 2388.15 8168.37 8.5083 0.03 396 2388 100.0 38.72 23.1486
5 204 -0.0007 0.0001 100.0 518.67 643.43 1596.18 1435.92 14.62 21.61 551.76 2388.15 9099.94 1.3 48.05 519.91 2388.18 8174.73 8.5125 0.03 397 2388 100.0 38.61 23.0195
5 205 0.0029 0.0002 100.0 518.67 643.91 1600.87 1426.27 14.62 21.61 551.46 2388.21 9104.22 1.3 48.01 520.38 2388.21 8170.53 8.494 0.03 395 2388 100.0 38.51 23.0793
5 206 0.0017 0.0005 100.0 518.67 643.14 1602.55 1427.67 14.62 21.61 551.78 2388.23 9100.93 1.3 48.18 520.2 2388.16 8164.92 8.5418 0.03 395 2388 100.0 38.42 23.2106
5 207 0.0027 0.0002 100.0 518.67 643.65 1594.82 1435.92 14.62 21.61 551.96 2388.19 9101.85 1.3 48.12 520.29 2388.22 8174.5 8.5121 0.03 397 2388 100.0 38.6 23.0199
5 208 0.0018 0.0004 100.0 518.67 642.94 1604.44 1421.51 14.62 21.61 551.49 2388.17 9110.82 1.3 48.08 519.93 2388.21 8171.22 8.4833 0.03 397 2388 100.0 38.33 23.1405
5 209 -0.0004 -0.0001 100.0 518.67 643.9 1600.42 1429.92 14.62 21.61 551.23 2388.14 9112.57 1.3 48.1 520.05 2388.16 8174.79 8.5078 0.03 397 2388 100.0 38.34 22.9625
5 210 0.0016 -0.0004 100.0 518.67 644.45 1605.21 1433.91 14.62 21.61 551.56 2388.19 9105.16 1.3 48.0 520.45 2388.23 8182.7 8.5101 0.03 396 2388 100.0 38.4 23.0493
5 211 0.0019 -0.0 100.0 518.67 643.78 1601.19 1439.48 14.62 21.61 550.83 2388.18 9112.72 1.3 48.06 519.99 2388.27 8183.86 8.515 0.03 395 2388 100.0 38.36 23.1091
5 212 -0.0037 -0.0002 100.0 518.67 643.28 1597.38 1428.41 14.62 21.61 551.41 2388.17 9115.13 1.3 48.17 519.85 2388.23 8177.8 8.5207 0.03 395 2388 100.0 38.4 23.0787
5 213 -0.0017 -0.0005 100.0 518.67 643.58 1608.57 1437.97 14.62 21.61 551.7 2388.18 9119.82 1.3 48.32 519.86 2388.21 8178.97 8.5134 0.03 397 2388 100.0 38.23 23.032
191 1 25.0071 0.62 60.0 462.54 537.0 1257.79 1046.5 7.05 9.03 175.33 1915.46 8013.01 0.94 36.42 164.28 2028.34 7880.2 10.8643 0.02 305 1915 84.93 14.25 8.6234
191 2 19.9987 0.7012 100.0 491.19 607.08 1481.04 1243.92 9.35 13.65 334.84 2323.92 8719.98 1.08 44.03 315.28 2388.1 8066.41 9.1915 0.02 364 2324 100.0 24.49 14.7063
191 3 10.0012 0.2511 100.0 489.05 604.24 1495.75 1298.84 10.52 15.49 395.03 2318.76 8784.33 1.26 44.92 371.88 2388.04 8137.55 8.598 0.03 368 2319 100.0 28.76 17.1608
191 4 10.0043 0.251 100.0 489.05 604.25 1500.21 1293.65 10.52 15.49 395.59 2318.85 8797.7 1.26 45.03 371.8 2388.03 8138.24 8.6319 0.03 369 2319 100.0 28.64 17.1326
191 5 0.0001 0.0007 100.0 518.67 642.61 1581.54 1396.63 14.62 21.61 554.16 2387.93 9064.31 1.3 47.19 522.67 2387.99 8141.75 8.3963 0.03 392 2388 100.0 38.88 23.3738
191 6 0.0025 0.0012 100.0 518.67 642.06 1579.67 1400.11 14.62 21.61 554.4 2387.98 9062.1 1.3 47.12 522.2 2388.01 8140.01 8.4095 0.03 391 2388 100.0 39.03 23.4106
191 7 42.0008 0.8402 100.0 445.0 549.48 1344.6 1116.18 3.91 5.71 139.09 2212.06 8328.37 1.02 42.04 130.56 2388.13 8090.38 9.368 0.02 329 2212 100.0 10.64 6.3925
191 8 0.0023 0.0 100.0 518.67 642.63 1591.45 1397.6 14.62 21.61 554.56 2388.03 9067.99 1.3 47.01 522.46 2388.06 8142.23 8.3892 0.03 391 2388 100.0 38.88 23.3832
191 9 24.9994 0.6212 60.0 462.54 536.55 1258.52 1045.13 7.05 9.02 175.8 1915.46 8010.22 0.94 36.58 165.12 2028.33 7878.88 10.8723 0.02 305 1915 84.93 14.44 8.5357
191 10 35.0042 0.8413 100.0 449.44 555.15 1359.93 1121.46 5.48 8.0 194.97 2223.06 8362.65 1.02 41.84 183.42 2388.14 8080.62 9.3026 0.02 332 2223 100.0 14.79 8.8857
191 11 42.0013 0.8405 100.0 445.0 549.08 1349.62 1122.11 3.91 5.71 139.16 2212.12 8328.08 1.02 41.76 130.74 2388.17 8088.06 9.3387 0.02 331 2212 100.0 10.65 6.3661
191 12 41.999 0.8407 100.0 445.0 549.45 1349.98 1123.29 3.91 5.72 139.12 2212.09 8329.96 1.02 41.72 130.7 2388.21 8094.61 9.3304 0.02 328 2212 100.0 10.7 6.3734
191 13 0.0009 0.0 100.0 518.67 642.06 1582.62 1404.65 14.62 21.6 554.38 2388.0 9063.18 1.3 47.14 522.11 2388.05 8147.79 8.4089 0.03 390 2388 100.0 39.17 23.435
191 14 25.0042 0.6203 60.0 462.54 536.83 1253.88 1043.5 7.05 9.03 176.24 1915.46 8005.31 0.94 36.5 164.71 2028.42 7878.46 10.8656 0.02 306 1915 84.93 14.41 8.6619
191 15 42.006 0.84 100.0 445.0 549.12 1354.28 1124.85 3.91 5.71 139.36 2212.05 8338.56 1.02 41.88 130.91 2388.2 8091.29 9.3306 0.02 331 2212 100.0 10.49 6.3923
191 16 42.0036 0.8405 100.0 445.0 548.8 1346.34 1121.24 3.91 5.71 138.85 2212.09 8325.06 1.02 41.86 130.33 2388.19 8096.61 9.3259 0.02 330 2212 100.0 10.51 6.3624
191 17 0.0029 0.0016 100.0 518.67 641.52 1586.48 1403.56 14.62 21.61 554.93 2388.06 9058.92 1.3 47.03 522.14 2388.0 8148.23 8.3993 0.03 392 2388 100.0 39.15 23.435
191 18 25.0061 0.62 60.0 462.54 536.46 1258.04 1034.9 7.05 9.02 175.75 1915.48 8012.48 0.94 36.64 164.7 2028.36 7880.3 10.8444 0.02 306 1915 84.93 14.18 8.5658
191 19 42.0052 0.8412 100.0 445.0 549.06 1351.66 1115.1 3.91 5.71 139.17 2212.13 8328.5 1.02 42.07 130.98 2388.24 8093.69 9.3353 0.02 331 2212 100.0 10.7 6.4739
191 20 35.0004 0.84 100.0 449.44 555.78 1361.51 1127.49 5.48 8.0 195.7 2223.05 8359.49 1.02 41.86 183.18 2388.17 8072.46 9.3301 0.02 335 2223 100.0 14.76 9.0126
191 21 25.0059 0.62 60.0 462.54 536.43 1261.55 1046.18 7.05 9.03 175.49 1915.43 8016.58 0.94 36.52 164.41 2028.35 7883.94 10.8731 0.02 307 1915 84.93 14.35 8.5898
191 22 9.9989 0.25 100.0 489.05 604.48 1496.84 1296.58 10.52 15.49 395.0 2318.79 8783.08 1.26 45.28 371.71 2388.0 8137.4 8.6342 0.03 369 2319 100.0 28.62 17.3076
191 23 0.001 0.0015 100.0 518.67 642.21 1585.74 1390.62 14.62 21.61 554.4 2388.0 9060.64 1.3 47.15 522.56 2387.99 8141.54 8.3505 0.03 391 2388 100.0 38.98 23.4954
191 24 10.0071 0.251 100.0 489.05 604.61 1493.78 1295.82 10.52 15.49 394.97 2318.83 8784.45 1.26 45.27 372.04 2388.02 8142.06 8.5895 0.03 369 2319 100.0 28.64 17.1814
191 25 0.0005 0.001 100.0 518.67 642.07 1585.09 1401.26 14.62 21.61 553.86 2387.98 9065.77 1.3 47.16 522.16 2387.98 8144.15 8.4022 0.03 389 2388 100.0 38.65 23.499
191 26 25.0003 0.62 60.0 462.54 536.54 1262.12 1045.02 7.05 9.02 175.56 1915.48 8017.14 0.94 36.55 165.3 2028.38 7879.26 10.8481 0.02 306 1915 84.93 14.47 8.5708
191 27 35.0036 0.84 100.0 449.44 555.3 1365.5 1116.7 5.48 8.0 194.75 2223.12 8351.38 1.02 41.65 183.16 2388.27 8077.33 9.2882 0.02 333 2223 100.0 14.85 8.8743
191 28 42.0039 0.84 100.0 445.0 549.26 1350.07 1125.12 3.91 5.71 138.13 2212.15 8331.66 1.02 41.94 130.67 2388.21 8092.98 9.3619 0.02 329 2212 100.0 10.73 6.341
191 29 41.9981 0.8419 100.0 445.0 549.12 1345.85 1117.68 3.91 5.72 139.44 2212.13 8330.29 1.02 41.81 130.61 2388.19 8090.58 9.3207 0.02 329 2212 100.0 10.58 6.4739
191 30 35.0027 0.8418 100.0 449.44 555.87 1359.88 1127.74 5.48 8.0 195.11 2223.09 8356.11 1.02 41.69 182.92 2388.14 8075.58 9.2925 0.02 332 2223 100.0 15.03 8.9516
191 31 42.0037 0.84 100.0 445.0 549.27 1348.75 1123.49 3.91 5.72 138.72 2212.14 8326.73 1.02 41.82 130.74 2388.18 8093.97 9.3262 0.02 327 2212 100.0 10.62 6.2777
191 32 25.0015 0.62 60.0 462.54 536.71 1257.97 1036.03 7.05 9.03 175.56 1915.45 8016.71 0.94 36.59 164.85 2028.36 7876.98 10.869 0.02 306 1915 84.93 14.36 8.5403
191 33 25.0031 0.6214 60.0 462.54 536.44 1255.76 1047.39 7.05 9.02 176.19 1915.49 8013.58 0.94 36.66 164.93 2028.41 7876.64 10.8846 0.02 304 1915 84.93 14.29 8.67
191 34 10.0002 0.25 100.0 489.05 604.82 1497.22 1292.96 10.52 15.49 395.24 2318.85 8787.22 1.26 45.24 371.72 2388.02 8138.94 8.6651 0.03 368 2319 100.0 28.71 17.208
191 35 0.0013 0.0 100.0 518.67 642.45 1581.51 1397.21 14.62 21.61 554.23 2387.98 9067.3 1.3 47.3 521.88 2387.97 8142.8 8.4207 0.03 391 2388 100.0 38.91 23.3909
191 36 10.0037 0.25 100.0 489.05 604.37 1497.06 1300.96 10.52 15.49 394.89 2318.85 8783.01 1.26 45.2 372.4 2388.1 8143.05 8.6402 0.03 366 2319 100.0 28.71 17.2231
191 37 0.0018 0.0003 100.0 518.67 642.37 1584.85 1394.14 14.62 21.61 553.98 2388.02 9065.37 1.3 47.35 522.52 2388.01 8146.12 8.4043 0.03 392 2388 100.0 39.01 23.4441
191 38 9.9987 0.2512 100.0 489.05 604.72 1497.22 1294.86 10.52 15.49 394.68 2318.81 8782.28 1.26 45.18 371.89 2388.04 8141.69 8.6156 0.03 366 2319 100.0 28.63 17.135
191 39 41.999 0.8406 100.0 445.0 549.54 1354.2 1118.47 3.91 5.71 138.94 2212.06 8328.49 1.02 41.68 131.22 2388.16 8094.46 9.3184 0.02 329 2212 100.0 10.57 6.3708
191 40 20.0052 0.7006 100.0 491.19 607.34 1478.54 1241.99 9.35 13.65 334.48 2323.93 8732.58 1.08 44.28 315.06 2388.08 8069.7 9.1967 0.02 363 2324 100.0 24.63 14.7724
191 41 10.0035 0.2503 100.0 489.05 604.74 1495.54 1307.29 10.52 15.49 395.57 2318.8 8783.22 1.26 45.16 371.64 2388.02 8137.58 8.6268 0.03 367 2319 100.0 28.65 17.1911
191 42 10.0059 0.2514 100.0 489.05 604.77 1496.84 1302.82 10.52 15.49 395.48 2318.86 8791.03 1.26 45.13 372.01 2388.04 8136.41 8.6139 0.03 368 2319 100.0 28.65 17.1407
191 43 35.0058 0.8405 100.0 449.44 555.15 1362.62 1127.76 5.48 8.0 194.33 2223.06 8351.13 1.02 41.73 183.3 2388.18 8075.98 9.2662 0.02 334 2223 100.0 14.83 8.9733
191 44 0.0014 0.0 100.0 518.67 642.15 1588.31 1405.71 14.62 21.61 554.99 2388.01 9064.57 1.3 47.18 521.64 2388.01 8146.5 8.4054 0.03 392 2388 100.0 39.04 23.3546
191 45 24.9994 0.6203 60.0 462.54 536.09 1251.91 1032.45 7.05 9.03 175.63 1915.51 8021.43 0.94 36.71 164.77 2028.42 7881.92 10.8986 0.02 306 1915 84.93 14.23 8.6219
191 46 0.0023 0.0 100.0 518.67 642.16 1587.03 1395.07 14.62 21.61 554.45 2388.04 9061.61 1.3 47.35 522.04 2388.03 8147.09 8.4253 0.03 390 2388 100.0 39.03 23.4624
191 47 35.0056 0.84 100.0 449.44 555.54 1360.94 1122.82 5.48 8.0 195.13 2223.09 8355.28 1.03 41.66 183.18 2388.25 8082.41 9.3004 0.02 333 2223 100.0 14.92 9.0289
191 48 0.001 0.0013 100.0 518.67 641.95 1580.36 1397.75 14.62 21.61 554.94 2387.97 9065.03 1.3 47.14 522.34 2387.99 8145.83 8.3989 0.03 391 2388 100.0 39.0 23.3589
191 49 0.0007 0.0 100.0 518.67 642.44 1587.25 1399.94 14.62 21.61 555.22 2388.01 9067.45 1.3 47.02 522.57 2388.0 8145.93 8.3788 0.03 391 2388 100.0 38.99 23.5015
191 50 42.0064 0.84 100.0 445.0 549.47 1353.44 1122.87 3.91 5.72 139.22 2212.06 8322.45 1.02 41.82 130.57 2388.15 8086.98 9.3091 0.02 329 2212 100.0 10.71 6.3913
191 51 42.0018 0.84 100.0 445.0 549.11 1344.69 1116.9 3.91 5.71 138.87 2212.15 8329.79 1.02 41.92 130.39 2388.21 8095.49 9.3103 0.02 330 2212 100.0 10.54 6.476
191 52 42.0027 0.8407 100.0 445.0 548.84 1342.73 1119.01 3.91 5.71 138.78 2212.12 8325.58 1.02 41.9 130.91 2388.18 8091.59 9.3325 0.02 330 2212 100.0 10.72 6.4446
191 53 10.0052 0.252 100.0 489.05 604.56 1497.31 1300.73 10.52 15.49 395.36 2318.86 8788.19 1.26 45.19 372.26 2388.06 8140.02 8.6516 0.03 368 2319 100.0 28.79 17.1859
191 54 42.0076 0.8404 100.0 445.0 549.31 1350.02 1117.0 3.91 5.71 139.29 2212.11 8331.29 1.02 41.94 130.33 2388.15 8089.54 9.3286 0.02 330 2212 100.0 10.55 6.4502
191 55 35.0067 0.84 100.0 449.44 554.87 1369.09 1120.63 5.48 8.0 194.49 2223.1 8359.28 1.02 41.81 183.28 2388.21 8072.22 9.3189 0.02 334 2223 100.0 14.92 8.9027
191 56 20.0026 0.7019 100.0 491.19 606.83 1480.39 1242.66 9.35 13.65 335.57 2323.99 8730.41 1.08 44.04 315.76 2388.03 8067.17 9.1627 0.02 365 2324 100.0 24.49 14.6594
191 57 20.0005 0.7 100.0 491.19 606.84 1484.22 1247.04 9.35 13.65 335.0 2324.0 8727.04 1.08 44.18 315.34 2388.07 8070.96 9.1625 0.02 365 2324 100.0 24.59 14.7149
191 58 10.0059 0.25 100.0 489.05 604.73 1485.54 1302.7 10.52 15.49 395.01 2318.9 8790.08 1.26 45.23 372.27 2388.06 8138.57 8.6346 0.03 368 2319 100.0 28.67 17.1675
191 59 0.0027 0.001 100.0 518.67 641.5 1582.05 1400.51 14.62 21.61 554.72 2388.01 9063.06 1.3 47.09 522.73 2387.97 8148.89 8.3475 0.03 393 2388 100.0 39.21 23.4328
191 60 24.9993 0.6215 60.0 462.54 536.68 1263.14 1047.44 7.05 9.02 175.71 1915.5 8016.19 0.94 36.55 164.49 2028.42 7884.5 10.8812 0.02 306 1915 84.93 14.34 8.6264
191 61 41.9985 0.84 100.0 445.0 549.13 1354.75 1124.65 3.91 5.71 138.88 2212.13 8327.08 1.02 41.85 130.59 2388.2 8092.38 9.3067 0.02 331 2212 100.0 10.69 6.3186
191 62 42.0065 0.8417 100.0 445.0 549.55 1351.18 1122.18 3.91 5.71 138.68 2212.11 8326.12 1.02 41.93 130.09 2388.21 8090.94 9.2981 0.02 331 2212 100.0 10.73 6.4666
191 63 25.0039 0.62 60.0 462.54 536.59 1258.95 1038.13 7.05 9.02 175.08 1915.47 8018.66 0.94 36.5 164.7 2028.4 7879.91 10.8869 0.02 307 1915 84.93 14.18 8.5817
191 64 10.0076 0.25 100.0 489.05 604.31 1497.96 1303.88 10.52 15.49 395.23 2318.84 8794.8 1.26 45.35 371.49 2388.05 8141.17 8.6348 0.03 368 2319 100.0 28.61 17.286
191 65 0.0017 0.0 100.0 518.67 642.29 1591.5 1400.09 14.62 21.61 554.25 2388.03 9068.94 1.3 47.48 522.49 2388.0 8140.97 8.3681 0.03 392 2388 100.0 39.01 23.4092
191 66 35.003 0.841 100.0 449.44 555.93 1365.63 1124.63 5.48 8.0 195.45 2223.14 8361.8 1.02 41.75 183.37 2388.27 8076.0 9.2969 0.02 332 2223 100.0 14.98 9.0402
191 67 24.9993 0.6209 60.0 462.54 536.42 1258.96 1042.58 7.05 9.02 175.86 1915.51 8011.39 0.94 36.7 164.72 2028.42 7881.21 10.8555 0.02 306 1915 84.93 14.3 8.6339
191 68 25.0055 0.6216 60.0 462.54 536.72 1256.74 1052.0 7.05 9.03 175.79 1915.46 8023.65 0.94 36.69 165.04 2028.36 7879.02 10.8506 0.02 305 1915 84.93 14.48 8.6585
191 69 0.0008 0.0013 100.0 518.67 641.68 1584.04 1395.95 14.62 21.61 554.33 2388.03 9064.5 1.3 47.13 522.33 2388.0 8145.87 8.3989 0.03 391 2388 100.0 38.96 23.376
191 70 42.0013 0.84 100.0 445.0 549.36 1351.98 1119.82 3.91 5.72 138.84 2212.11 8325.75 1.02 41.79 129.86 2388.17 8091.46 9.3279 0.02 332 2212 100.0 10.58 6.3003
191 71 42.0028 0.84 100.0 445.0 549.08 1347.13 1122.31 3.91 5.72 139.25 2212.04 8326.63 1.02 41.98 130.58 2388.16 8089.53 9.3266 0.02 330 2212 100.0 10.56 6.3505
191 72 9.9991 0.25 100.0 489.05 604.54 1491.75 1301.12 10.52 15.49 394.88 2318.81 8793.06 1.26 45.21 371.4 2388.02 8141.87 8.6291 0.03 369 2319 100.0 28.61 17.1759
191 73 42.0066 0.84 100.0 445.0 549.49 1348.79 1120.17 3.91 5.72 138.52 2212.09 8320.12 1.02 41.81 131.07 2388.19 8087.53 9.3067 0.02 329 2212 100.0 10.44 6.3744
191 74 25.0078 0.62 60.0 462.54 536.7 1259.94 1047.8 7.05 9.02 176.36 1915.46 8012.7 0.94 36.62 164.91 2028.38 7879.99 10.864 0.02 309 1915 84.93 14.32 8.5496
191 75 10.0031 0.2505 100.0 489.05 604.39 1491.04 1304.33 10.52 15.49 395.03 2318.81 8793.44 1.26 45.13 372.68 2388.02 8142.03 8.6382 0.03 368 2319 100.0 28.54 17.2229
191 76 20.0046 0.7 100.0 491.19 607.3 1475.15 1245.5 9.35 13.65 334.22 2324.02 8741.0 1.08 43.97 315.72 2388.09 8072.5 9.2023 0.02 365 2324 100.0 24.49 14.7664
191 77 10.0063 0.2516 100.0 489.05 604.34 1502.68 1305.09 10.52 15.49 394.56 2318.85 8786.53 1.26 45.33 371.35 2388.07 8142.37 8.6585 0.03 367 2319 100.0 28.59 17.3213
191 78 25.0072 0.62 60.0 462.54 536.8 1257.35 1051.71 7.05 9.02 175.44 1915.52 8019.46 0.94 36.71 164.43 2028.39 7885.65 10.8649 0.02 308 1915 84.93 14.27 8.5746
191 79 20.001 0.7 100.0 491.19 607.32 1478.64 1247.58 9.35 13.65 335.66 2323.94 8730.52 1.08 44.2 315.76 2388.08 8072.65 9.2175 0.02 364 2324 100.0 24.48 14.6103
191 80 35.0074 0.84 100.0 449.44 555.11 1356.73 1126.58 5.48 8.0 194.43 2223.19 8367.89 1.02 41.7 183.75 2388.21 8079.09 9.2788 0.02 334 2223 100.0 15.02 8.9126
191 81 35.0039 0.84 100.0 449.44 555.12 1362.38 1119.18 5.48 8.0 194.37 2223.14 8360.27 1.02 41.68 183.12 2388.16 8080.05 9.3031 0.02 333 2223 100.0 14.93 8.9374
191 82 20.0078 0.7 100.0 491.19 606.92 1482.64 1250.62 9.35 13.66 334.53 2324.0 8725.7 1.08 44.21 315.07 2388.16 8072.77 9.1912 0.02 364 2324 100.0 24.42 14.7271
191 83 42.0055 0.84 100.0 445.0 549.68 1347.99 1124.17 3.91 5.72 138.69 2212.14 8332.22 1.02 42.05 130.49 2388.24 8092.72 9.2799 0.02 329 2212 100.0 10.51 6.4297
191 84 35.007 0.84 100.0 449.44 555.71 1368.9 1131.89 5.48 8.0 194.5 2223.1 8355.76 1.02 41.91 183.62 2388.2 8078.22 9.3113 0.02 334 2223 100.0 14.88 8.8981
191 85 20.0075 0.7012 100.0 491.19 606.59 1478.92 1250.96 9.35 13.65 334.41 2324.0 8733.02 1.08 44.13 315.07 2388.13 8070.91 9.2014 0.02 363 2324 100.0 24.51 14.7478
191 86 9.9995 0.2515 100.0 489.05 604.91 1500.56 1303.33 10.52 15.49 394.75 2318.84 8793.83 1.26 45.37 371.91 2388.02 8146.06 8.6254 0.03 369 2319 100.0 28.83 17.1068
191 87 20.0044 0.7008 100.0 491.19 607.52 1477.24 1246.18 9.35 13.65 334.59 2324.0 8734.56 1.08 44.25 315.71 2388.12 8070.24 9.1676 0.02 365 2324 100.0 24.7 14.7227
191 88 10.0016 0.25 100.0 489.05 604.57 1500.07 1305.91 10.52 15.49 395.1 2318.91 8794.87 1.26 45.15 372.2 2388.1 8141.81 8.5971 0.03 371 2319 100.0 28.73 17.191
191 89 19.9998 0.7 100.0 491.19 606.87 1479.31 1248.27 9.35 13.65 335.16 2324.02 8733.04 1.08 44.11 315.02 2388.08 8072.86 9.1407 0.02 365 2324 100.0 24.63 14.7088
191 90 42.0052 0.84 100.0 445.0 549.42 1351.38 1121.52 3.91 5.71 139.08 2212.12 8329.81 1.02 41.82 130.56 2388.21 8098.13 9.3499 0.02 330 2212 100.0 10.61 6.362
191 91 34.9981 0.84 100.0 449.44 555.55 1370.6 1126.0 5.48 8.0 195.33 2223.17 8351.62 1.03 41.78 183.31 2388.26 8076.1 9.2847 0.02 333 2223 100.0 14.92 8.9642
191 92 42.006 0.84 100.0 445.0 549.13 1350.3 1125.21 3.91 5.71 138.89 2212.16 8332.3 1.02 41.96 130.65 2388.28 8090.3 9.3127 0.02 330 2212 100.0 10.63 6.3965
191 93 20.0076 0.7006 100.0 491.19 606.95 1475.66 1251.95 9.35 13.65 334.86 2323.95 8736.19 1.08 44.28 315.27 2388.08 8067.61 9.1979 0.02 364 2324 100.0 24.58 14.6838
191 94 25.0065 0.6215 60.0 462.54 536.42 1250.84 1042.39 7.05 9.03 175.79 1915.54 8021.07 0.94 36.67 164.49 2028.42 7885.5 10.8707 0.02 306 1915 84.93 14.35 8.6294
191 95 20.0067 0.7012 100.0 491.19 607.05 1482.17 1238.7 9.35 13.65 334.82 2324.01 8732.53 1.08 44.27 315.84 2388.14 8072.08 9.2076 0.02 365 2324 100.0 24.38 14.668
191 96 35.0034 0.8414 100.0 449.44 554.89 1360.76 1123.73 5.48 8.0 194.7 2223.13 8359.69 1.02 41.84 183.14 2388.24 8078.75 9.2787 0.02 332 2223 100.0 14.82 8.9326
191 97 20.0001 0.7 100.0 491.19 606.66 1482.73 1244.93 9.35 13.65 335.14 2324.0 8738.42 1.08 44.32 315.27 2388.15 8078.98 9.1736 0.02 365 2324 100.0 24.42 14.7208
191 98 0.0023 0.0 100.0 518.67 642.3 1582.06 1400.65 14.62 21.61 553.51 2387.98 9070.12 1.3 47.17 522.43 2387.99 8155.19 8.4234 0.03 391 2388 100.0 39.15 23.421
191 99 10.0019 0.25 100.0 489.05 604.04 1491.21 1295.03 10.52 15.49 394.92 2318.83 8791.16 1.26 45.25 371.81 2388.09 8138.97 8.6105 0.03 369 2319 100.0 28.58 17.3064
191 100 25.0054 0.6201 60.0 462.54 536.84 1262.72 1051.72 7.05 9.03 175.69 1915.55 8016.94 0.94 36.59 165.04 2028.44 7880.55 10.8679 0.02 307 1915 84.93 14.45 8.6084
191 101 10.0027 0.2506 100.0 489.05 605.05 1502.67 1303.98 10.52 15.49 395.19 2318.92 8790.0 1.26 45.12 371.79 2388.1 8143.9 8.613 0.03 369 2319 100.0 28.6 17.1227
191 102 41.9989 0.84 100.0 445.0 549.36 1348.35 1123.65 3.91 5.72 138.47 2212.15 8327.14 1.02 42.01 130.76 2388.27 8094.99 9.3052 0.02 330 2212 100.0 10.69 6.3801
191 103 10.0053 0.2519 100.0 489.05 604.62 1492.84 1302.82 10.52 15.49 395.45 2318.89 8792.19 1.26 45.1 371.87 2388.02 8138.89 8.6259 0.03 370 2319 100.0 28.67 17.2656
191 104 35.0061 0.8403 100.0 449.44 555.89 1365.3 1131.33 5.48 8.0 194.88 2223.17 8362.36 1.02 41.84 183.2 2388.31 8077.52 9.2896 0.02 333 2223 100.0 14.8 8.9857
191 105 20.0038 0.7017 100.0 491.19 607.73 1483.19 1250.27 9.35 13.65 334.64 2323.99 8739.73 1.08 44.32 315.2 2388.15 8067.58 9.2646 0.02 365 2324 100.0 24.6 14.6573
191 106 35.0033 0.84 100.0 449.44 555.77 1364.51 1124.17 5.48 8.0 194.7 2223.13 8366.85 1.02 41.75 183.29 2388.27 8075.64 9.3163 0.02 333 2223 100.0 14.73 9.0196
191 107 20.0055 0.7007 100.0 491.19 606.84 1483.28 1245.85 9.35 13.66 334.4 2323.96 8736.45 1.08 44.24 315.11 2388.14 8078.22 9.1728 0.02 367 2324 100.0 24.61 14.7916
191 108 25.0062 0.6214 60.0 462.54 536.49 1256.64 1048.71 7.05 9.03 175.82 1915.57 8021.83 0.94 36.69 164.98 2028.48 7883.5 10.8609 0.02 305 1915 84.93 14.33 8.4925
191 109 35.0043 0.84 100.0 449.44 555.61 1355.69 1124.01 5.48 8.0 194.62 2223.2 8362.59 1.02 41.83 183.14 2388.3 8082.49 9.3288 0.02 334 2223 100.0 14.93 8.9624
191 110 20.0026 0.7 100.0 491.19 606.89 1479.19 1241.76 9.35 13.65 335.08 2323.99 8737.04 1.08 44.23 315.64 2388.16 8071.8 9.1924 0.02 366 2324 100.0 24.62 14.7723
191 111 42.0066 0.84 100.0 445.0 549.13 1341.76 1122.2 3.91 5.71 138.55 2212.18 8330.97 1.02 41.87 130.55 2388.23 8100.16 9.3323 0.02 329 2212 100.0 10.81 6.4102
191 112 0.0002 0.0018 100.0 518.67 642.32 1578.96 1404.18 14.62 21.61 553.82 2388.05 9068.29 1.3 47.35 522.09 2388.04 8154.69 8.4343 0.03 394 2388 100.0 38.92 23.4408
191 113 42.0053 0.84 100.0 445.0 549.2 1358.21 1125.71 3.91 5.71 138.29 2212.16 8334.2 1.02 41.87 131.01 2388.21 8094.02 9.3272 0.02 331 2212 100.0 10.51 6.4587
191 114 20.0075 0.7 100.0 491.19 607.04 1479.01 1250.36 9.35 13.65 334.9 2323.97 8736.65 1.08 44.25 315.04 2388.15 8077.47 9.2112 0.02 365 2324 100.0 24.59 14.6948
191 115 42.0076 0.84 100.0 445.0 549.89 1349.99 1128.02 3.91 5.72 139.31 2212.21 8328.61 1.02 41.89 130.3 2388.25 8100.56 9.3616 0.02 330 2212 100.0 10.75 6.4576
191 116 35.0005 0.84 100.0 449.44 556.17 1364.78 1128.14 5.48 8.0 194.2 2223.17 8365.5 1.02 41.8 183.36 2388.32 8086.62 9.3099 0.02 334 2223 100.0 14.89 8.8734
191 117 0.0002 0.0016 100.0 518.67 642.28 1586.19 1401.43 14.62 21.61 553.6 2388.01 9071.55 1.3 47.39 522.51 2388.03 8146.76 8.4208 0.03 393 2388 100.0 39.04 23.4152
191 118 34.9997 0.84 100.0 449.44 555.99 1365.75 1130.22 5.48 8.0 195.04 2223.18 8363.66 1.02 41.96 183.41 2388.25 8080.85 9.32 0.02 334 2223 100.0 14.75 8.8671
191 119 42.0059 0.84 100.0 445.0 549.73 1353.07 1115.92 3.91 5.71 138.56 2212.18 8336.67 1.02 41.95 130.46 2388.33 8098.39 9.3501 0.02 330 2212 100.0 10.7 6.425
191 120 0.0008 0.0018 100.0 518.67 642.58 1582.05 1398.21 14.62 21.61 554.52 2388.02 9071.49 1.3 47.14 521.91 2388.07 8148.98 8.3694 0.03 391 2388 100.0 39.04 23.2947
191 121 42.0066 0.84 100.0 445.0 549.08 1353.76 1119.93 3.91 5.71 138.8 2212.16 8337.53 1.02 41.95 130.98 2388.2 8093.12 9.347 0.02 330 2212 100.0 10.58 6.3926
191 122 0.0009 0.0003 100.0 518.67 641.94 1583.51 1398.78 14.62 21.61 553.3 2387.97 9071.42 1.3 47.56 522.29 2388.06 8153.68 8.4159 0.03 392 2388 100.0 38.97 23.3614
191 123 10.0058 0.2503 100.0 489.05 604.51 1498.73 1303.28 10.52 15.49 394.63 2318.89 8798.7 1.26 45.42 371.75 2388.09 8150.25 8.6338 0.03 370 2319 100.0 28.71 17.1855
191 124 10.0018 0.25 100.0 489.05 604.1 1496.72 1310.57 10.52 15.49 394.99 2318.87 8790.09 1.26 45.3 371.45 2388.09 8144.76 8.6546 0.03 368 2319 100.0 28.54 17.1194
191 125 25.004 0.62 60.0 462.54 536.97 1264.02 1047.46 7.05 9.03 175.83 1915.58 8016.55 0.94 36.61 164.47 2028.53 7885.84 10.8832 0.02 307 1915 84.93 14.16 8.7277
191 126 10.0006 0.2518 100.0 489.05 604.91 1503.45 1306.8 10.52 15.5 394.25 2318.89 8792.17 1.26 45.45 371.68 2388.13 8140.68 8.6365 0.03 370 2319 100.0 28.67 17.2049
191 127 0.0011 0.0017 100.0 518.67 642.47 1586.4 1402.74 14.62 21.61 553.44 2388.06 9068.95 1.3 47.27 521.95 2388.06 8150.25 8.4011 0.03 393 2388 100.0 39.05 23.3726
191 128 25.0044 0.62 60.0 462.54 536.54 1259.17 1049.72 7.05 9.02 175.5 1915.58 8024.31 0.94 36.59 164.92 2028.5 7884.9 10.876 0.02 307 1915 84.93 14.48 8.5607
191 129 42.0009 0.84 100.0 445.0 549.52 1350.52 1131.8 3.91 5.72 138.6 2212.2 8335.3 1.02 42.01 130.57 2388.29 8096.24 9.3576 0.02 329 2212 100.0 10.7 6.2654
191 130 25.0012 0.6212 60.0 462.54 536.96 1262.82 1034.71 7.05 9.03 175.5 1915.6 8026.73 0.94 36.72 164.93 2028.51 7890.22 10.8998 0.02 306 1915 84.93 14.22 8.5724
191 131 0.0 0.001 100.0 518.67 642.16 1587.95 1409.11 14.62 21.61 553.81 2388.05 9072.42 1.3 47.42 522.05 2388.04 8151.87 8.4414 0.03 392 2388 100.0 39.1 23.2428
191 132 0.0005 0.0018 100.0 518.67 642.22 1585.28 1402.22 14.62 21.61 554.12 2388.08 9073.7 1.3 47.41 521.94 2388.06 8149.37 8.4623 0.03 391 2388 100.0 38.82 23.354
191 133 19.9989 0.7009 100.0 491.19 607.66 1481.1 1254.06 9.35 13.66 335.52 2324.06 8736.07 1.08 44.32 315.29 2388.17 8073.52 9.1851 0.02 364 2324 100.0 24.58 14.6608
191 134 42.0049 0.8413 100.0 445.0 549.67 1348.89 1121.1 3.91 5.72 139.16 2212.23 8333.71 1.02 42.21 130.78 2388.36 8101.82 9.3598 0.02 331 2212 100.0 10.71 6.3662
191 135 25.0077 0.6218 60.0 462.54 536.77 1265.25 1050.56 7.05 9.02 175.63 1915.61 8024.45 0.94 36.74 165.04 2028.51 7887.15 10.8992 0.02 307 1915 84.93 14.31 8.6217
191 136 10.0068 0.25 100.0 489.05 604.45 1498.71 1308.07 10.52 15.49 394.87 2318.9 8798.71 1.26 45.4 371.25 2388.09 8145.48 8.6487 0.03 370 2319 100.0 28.59 17.135
191 137 42.0027 0.84 100.0 445.0 549.42 1357.48 1121.73 3.91 5.72 139.08 2212.23 8347.58 1.02 41.92 130.73 2388.36 8098.38 9.3728 0.02 329 2212 100.0 10.6 6.2741
191 138 35.0029 0.84 100.0 449.44 555.46 1361.97 1117.11 5.48 8.0 194.01 2223.2 8369.18 1.02 41.82 183.02 2388.38 8085.77 9.305 0.02 335 2223 100.0 14.78 8.8747
191 139 34.999 0.84 100.0 449.44 556.16 1362.95 1122.6 5.48 8.0 194.13 2223.19 8365.17 1.02 41.89 183.18 2388.3 8085.94 9.3226 0.02 334 2223 100.0 14.81 8.85
191 140 20.0068 0.7 100.0 491.19 607.29 1480.85 1245.51 9.35 13.66 334.24 2324.0 8739.56 1.08 44.34 314.99 2388.18 8084.06 9.2115 0.02 364 2324 100.0 24.45 14.7406
191 141 41.9987 0.8411 100.0 445.0 549.95 1348.83 1123.2 3.91 5.72 139.11 2212.18 8335.56 1.02 41.96 130.86 2388.32 8102.25 9.3675 0.02 331 2212 100.0 10.6 6.2921
191 142 19.9997 0.701 100.0 491.19 607.05 1485.35 1247.56 9.35 13.65 334.62 2324.08 8744.61 1.08 44.26 315.02 2388.19 8083.62 9.2152 0.02 366 2324 100.0 24.6 14.8504
191 143 25.0009 0.62 60.0 462.54 537.34 1254.86 1046.81 7.05 9.03 175.83 1915.68 8027.5 0.94 36.52 164.7 2028.55 7887.28 10.8957 0.02 306 1915 84.93 14.4 8.6608
191 144 34.9988 0.84 100.0 449.44 555.54 1364.98 1125.91 5.48 8.0 194.23 2223.25 8365.38 1.02 41.88 183.49 2388.43 8086.45 9.3292 0.02 335 2223 100.0 14.9 8.925
191 145 42.0013 0.84 100.0 445.0 549.6 1348.89 1128.08 3.91 5.72 138.95 2212.26 8343.46 1.02 42.14 130.27 2388.36 8104.17 9.353 0.02 331 2212 100.0 10.69 6.3664
191 146 20.0064 0.7 100.0 491.19 607.43 1481.19 1254.63 9.35 13.66 336.04 2324.08 8741.13 1.08 44.35 314.57 2388.25 8078.93 9.2187 0.02 364 2324 100.0 24.57 14.696
191 147 9.9991 0.25 100.0 489.05 604.83 1508.62 1307.53 10.52 15.49 394.9 2318.95 8798.89 1.26 45.38 370.95 2388.03 8149.6 8.6709 0.03 369 2319 100.0 28.53 17.1846
191 148 20.0078 0.7 100.0 491.19 607.51 1482.09 1255.58 9.35 13.66 334.48 2324.09 8744.93 1.08 44.53 315.28 2388.17 8084.9 9.2233 0.02 367 2324 100.0 24.42 14.5884
191 149 42.0075 0.84 100.0 445.0 549.58 1356.29 1120.11 3.91 5.72 138.33 2212.29 8344.36 1.02 41.83 131.1 2388.41 8106.01 9.3314 0.02 333 2212 100.0 10.61 6.387
191 150 42.0041 0.8407 100.0 445.0 550.09 1361.45 1127.81 3.91 5.72 138.76 2212.27 8353.05 1.02 42.27 130.58 2388.38 8103.13 9.3292 0.02 330 2212 100.0 10.56 6.4013
191 151 25.0038 0.62 60.0 462.54 537.09 1258.42 1053.02 7.05 9.03 175.54 1915.69 8027.72 0.94 36.78 165.1 2028.55 7890.08 10.9271 0.02 306 1915 84.93 14.1 8.5816
191 152 20.0053 0.7008 100.0 491.19 607.8 1488.58 1250.41 9.35 13.66 334.49 2324.05 8738.01 1.08 44.29 316.07 2388.18 8078.19 9.1986 0.02 366 2324 100.0 24.35 14.5682
191 153 25.0079 0.6217 60.0 462.54 536.9 1262.29 1044.93 7.05 9.03 175.17 1915.64 8029.53 0.94 36.97 164.88 2028.58 7891.8 10.916 0.02 306 1915 84.93 14.26 8.5823
191 154 25.001 0.62 60.0 462.54 536.78 1262.22 1048.52 7.05 9.03 175.01 1915.67 8028.45 0.94 36.79 164.82 2028.55 7891.27 10.8967 0.02 306 1915 84.93 14.43 8.7002
191 155 0.002 0.0 100.0 518.67 643.3 1588.22 1413.42 14.62 21.61 553.26 2388.02 9082.69 1.3 47.31 521.81 2388.01 8158.37 8.4393 0.03 392 2388 100.0 38.8 23.4122
191 156 42.0006 0.8407 100.0 445.0 550.36 1360.77 1125.33 3.91 5.72 138.08 2212.35 8345.62 1.02 42.14 130.46 2388.41 8104.38 9.3925 0.02 331 2212 100.0 10.76 6.4754
191 157 25.0033 0.6205 60.0 462.54 536.65 1260.63 1049.17 7.05 9.03 175.12 1915.68 8030.91 0.94 36.89 164.55 2028.6 7900.3 10.9275 0.02 306 1915 84.93 14.41 8.5306
191 158 35.0038 0.84 100.0 449.44 555.85 1363.72 1124.7 5.48 8.0 195.16 2223.34 8374.91 1.02 41.82 183.01 2388.47 8084.54 9.3016 0.02 334 2223 100.0 14.99 8.8997
191 159 10.0003 0.25 100.0 489.05 605.18 1506.25 1316.75 10.52 15.49 394.15 2318.94 8801.39 1.26 45.61 371.18 2388.14 8152.56 8.6764 0.03 369 2319 100.0 28.35 17.1616
191 160 42.0058 0.84 100.0 445.0 549.27 1352.81 1127.64 3.91 5.72 138.83 2212.33 8345.1 1.02 41.95 130.62 2388.41 8103.86 9.3472 0.02 331 2212 100.0 10.82 6.4457
191 161 9.9984 0.2511 100.0 489.05 604.98 1499.37 1316.46 10.52 15.49 394.17 2318.95 8809.36 1.26 45.42 371.62 2388.09 8152.39 8.6406 0.03 369 2319 100.0 28.48 17.0731
191 162 35.0001 0.84 100.0 449.44 556.24 1371.91 1128.47 5.48 8.0 194.09 2223.38 8372.6 1.02 41.94 183.44 2388.5 8092.92 9.3058 0.02 335 2223 100.0 14.83 8.9205
191 163 35.0031 0.84 100.0 449.44 555.18 1363.87 1125.75 5.48 8.0 194.72 2223.35 8375.03 1.02 41.98 182.82 2388.46 8083.71 9.3601 0.02 335 2223 100.0 14.87 8.8928
191 164 42.0075 0.84 100.0 445.0 550.02 1354.02 1127.28 3.91 5.72 138.47 2212.33 8345.65 1.02 42.17 130.66 2388.37 8106.4 9.3652 0.02 330 2212 100.0 10.59 6.3664
191 165 42.0065 0.84 100.0 445.0 549.71 1354.07 1123.71 3.91 5.72 138.68 2212.34 8347.64 1.02 42.17 130.5 2388.51 8102.36 9.3503 0.02 332 2212 100.0 10.56 6.3995
191 166 35.0048 0.841 100.0 449.44 555.67 1367.42 1135.95 5.48 8.0 194.06 2223.41 8370.75 1.02 42.09 183.38 2388.52 8092.75 9.3206 0.02 335 2223 100.0 14.88 8.948
191 167 10.0044 0.251 100.0 489.05 605.06 1502.63 1311.2 10.52 15.49 394.52 2318.97 8808.02 1.26 45.42 371.56 2388.17 8155.11 8.682 0.03 370 2319 100.0 28.68 17.1274
191 168 25.0029 0.6209 60.0 462.54 536.79 1265.1 1051.8 7.05 9.03 175.53 1915.77 8030.38 0.94 36.8 164.53 2028.59 7894.09 10.9046 0.02 308 1915 84.93 14.19 8.5789
191 169 19.9983 0.7002 100.0 491.19 607.31 1490.71 1257.04 9.35 13.66 334.25 2324.16 8747.43 1.08 44.54 315.49 2388.27 8083.19 9.2097 0.02 366 2324 100.0 24.5 14.6765
191 170 25.0023 0.62 60.0 462.54 536.63 1267.18 1046.35 7.05 9.03 174.96 1915.77 8030.78 0.94 36.71 164.27 2028.7 7897.6 10.8947 0.02 308 1915 84.93 14.01 8.5753
191 171 25.0049 0.62 60.0 462.54 537.4 1266.05 1050.17 7.05 9.03 175.45 1915.83 8037.85 0.94 36.85 164.27 2028.7 7896.21 10.8978 0.02 306 1915 84.93 14.14 8.4251
191 172 0.0026 0.0016 100.0 518.67 643.16 1588.75 1413.02 14.62 21.61 553.37 2388.04 9087.42 1.3 47.68 521.55 2388.02 8166.16 8.4362 0.03 393 2388 100.0 38.86 23.1712
191 173 20.0006 0.7 100.0 491.19 608.0 1490.14 1259.03 9.35 13.66 334.51 2324.15 8754.31 1.07 44.62 314.66 2388.28 8083.69 9.2376 0.02 365 2324 100.0 24.44 14.5366
191 174 42.0031 0.8406 100.0 445.0 549.8 1349.85 1127.74 3.91 5.72 138.86 2212.44 8354.97 1.02 42.07 130.23 2388.56 8115.79 9.3662 0.02 331 2212 100.0 10.61 6.4132
191 175 10.0013 0.25 100.0 489.05 605.38 1512.46 1315.82 10.52 15.49 393.85 2318.98 8810.96 1.26 45.69 371.3 2388.2 8161.09 8.644 0.03 371 2319 100.0 28.38 17.1783
191 176 20.0041 0.7 100.0 491.19 608.26 1483.12 1250.72 9.35 13.66 334.33 2324.22 8762.13 1.07 44.33 314.81 2388.32 8092.19 9.2406 0.02 366 2324 100.0 24.45 14.7683
191 177 0.0001 0.0015 100.0 518.67 643.14 1587.4 1416.52 14.62 21.61 553.3 2388.07 9099.88 1.3 47.66 521.36 2388.11 8166.24 8.4438 0.03 393 2388 100.0 38.72 23.2509
191 178 10.0052 0.25 100.0 489.05 604.68 1498.96 1317.59 10.52 15.49 394.25 2318.99 8816.41 1.26 45.48 371.88 2388.18 8160.32 8.6587 0.03 370 2319 100.0 28.41 17.1981
191 179 35.0063 0.84 100.0 449.44 556.12 1364.28 1133.46 5.48 8.0 194.88 2223.49 8379.3 1.02 41.88 183.22 2388.68 8102.38 9.3318 0.02 334 2223 100.0 14.77 8.9076
191 180 41.9981 0.84 100.0 445.0 550.08 1359.66 1130.49 3.91 5.72 139.34 2212.47 8351.21 1.02 42.14 131.06 2388.55 8116.94 9.3541 0.02 332 2212 100.0 10.63 6.2561
191 181 10.0018 0.2503 100.0 489.05 605.19 1500.07 1315.21 10.52 15.49 394.27 2319.01 8818.45 1.26 45.56 371.11 2388.19 8163.25 8.698 0.03 371 2319 100.0 28.46 17.1149
191 182 20.0008 0.7015 100.0 491.19 607.15 1487.79 1254.19 9.35 13.66 334.47 2324.22 8763.94 1.08 44.53 315.29 2388.37 8097.23 9.2172 0.02 367 2324 100.0 24.44 14.6464
191 183 25.0074 0.6214 60.0 462.54 537.06 1256.74 1053.15 7.05 9.03 174.51 1915.88 8044.74 0.93 36.75 164.68 2028.84 7902.87 10.9506 0.02 309 1915 84.93 14.21 8.475
191 184 20.0037 0.7 100.0 491.19 607.31 1489.69 1258.97 9.35 13.66 334.36 2324.25 8758.94 1.08 44.57 315.19 2388.41 8092.18 9.2662 0.02 367 2324 100.0 24.35 14.6657
191 185 42.0006 0.8407 100.0 445.0 550.22 1354.58 1135.87 3.91 5.72 138.39 2212.53 8359.99 1.02 42.13 130.59 2388.72 8126.28 9.3509 0.02 333 2212 100.0 10.51 6.2631
191 186 0.0013 0.0 100.0 518.67 642.94 1598.62 1415.23 14.62 21.61 553.94 2388.12 9098.35 1.3 47.57 520.78 2388.07 8171.33 8.4136 0.03 395 2388 100.0 38.76 23.1503
191 187 41.9995 0.84 100.0 445.0 550.19 1348.9 1136.08 3.91 5.72 138.97 2212.53 8358.39 1.02 42.27 130.49 2388.7 8119.41 9.385 0.02 332 2212 100.0 10.56 6.2721
191 188 25.0048 0.6212 60.0 462.54 537.0 1260.52 1051.03 7.05 9.03 175.31 1916.01 8042.11 0.94 37.01 164.56 2028.91 7903.71 10.9442 0.02 307 1915 84.93 14.26 8.5931
191 189 0.0008 0.0007 100.0 518.67 642.97 1589.96 1418.16 14.62 21.61 552.94 2388.06 9099.81 1.3 47.54 520.77 2388.1 8176.58 8.505 0.03 395 2388 100.0 38.45 23.2939
191 190 34.9991 0.84 100.0 449.44 556.09 1374.25 1141.78 5.48 8.0 194.4 2223.64 8392.48 1.02 42.31 182.69 2388.8 8106.87 9.3258 0.02 335 2223 100.0 14.65 8.8871
191 191 42.0058 0.8412 100.0 445.0 550.54 1356.81 1132.69 3.91 5.72 138.45 2212.65 8363.44 1.02 42.34 130.92 2388.73 8121.15 9.3834 0.02 333 2212 100.0 10.61 6.3293
191 192 42.0046 0.84 100.0 445.0 550.17 1356.02 1136.02 3.91 5.72 138.68 2212.64 8364.93 1.02 42.31 130.75 2388.76 8123.56 9.3874 0.02 332 2212 100.0 10.63 6.3994
191 193 20.0039 0.7007 100.0 491.19 607.72 1484.0 1262.34 9.35 13.66 335.01 2324.28 8767.65 1.08 44.6 314.57 2388.45 8100.51 9.2784 0.02 366 2324 100.0 24.38 14.5735
191 194 25.0071 0.6208 60.0 462.54 537.04 1266.96 1057.25 7.05 9.03 175.61 1915.98 8049.49 0.94 37.0 164.51 2028.92 7905.53 10.963 0.02 309 1915 84.93 14.07 8.4623
191 195 42.0023 0.841 100.0 445.0 550.71 1364.47 1128.39 3.91 5.72 138.41 2212.67 8374.8 1.03 42.33 130.7 2388.77 8127.16 9.3962 0.02 331 2212 100.0 10.59 6.3873
191 196 42.0042 0.8406 100.0 445.0 549.93 1360.12 1137.71 3.91 5.72 138.6 2212.69 8368.4 1.02 42.37 130.42 2388.77 8130.24 9.4297 0.02 331 2212 100.0 10.55 6.3802
191 197 25.003 0.6215 60.0 462.54 537.17 1263.75 1060.72 7.05 9.03 175.09 1915.99 8047.94 0.94 37.01 164.4 2028.96 7906.49 10.927 0.02 306 1915 84.93 14.21 8.5913
191 198 20.0 0.7 100.0 491.19 607.51 1493.81 1259.2 9.35 13.66 334.16 2324.27 8768.29 1.08 44.8 314.7 2388.44 8106.39 9.2698 0.02 367 2324 100.0 24.42 14.6671
191 199 42.0017 0.84 100.0 445.0 550.21 1365.1 1140.06 3.91 5.72 138.72 2212.73 8376.54 1.02 42.29 130.79 2388.79 8128.82 9.391 0.02 334 2212 100.0 10.65 6.2625
191 200 42.0037 0.84 100.0 445.0 550.59 1361.57 1139.04 3.91 5.72 138.28 2212.74 8375.46 1.02 42.32 130.28 2388.9 8131.21 9.3763 0.02 333 2212 100.0 10.54 6.2934
191 201 0.0001 0.0012 100.0 518.67 642.78 1596.02 1412.05 14.62 21.61 552.01 2388.14 9109.2 1.3 47.79 521.07 2388.1 8186.42 8.4655 0.03 395 2388 100.0 38.62 23.112
191 202 20.0008 0.7 100.0 491.19 608.52 1494.12 1265.87 9.35 13.66 333.99 2324.36 8785.91 1.07 44.56 314.57 2388.48 8104.57 9.2556 0.03 366 2324 100.0 24.34 14.6257
191 203 10.0061 0.25 100.0 489.05 605.34 1509.95 1322.57 10.52 15.5 393.71 2319.08 8833.33 1.26 45.77 370.39 2388.25 8177.79 8.7178 0.03 370 2319 100.0 28.33 17.0991
191 204 0.001 0.0 100.0 518.67 642.85 1600.64 1413.22 14.62 21.61 552.33 2388.13 9114.54 1.3 47.71 520.38 2388.17 8187.56 8.4764 0.03 395 2388 100.0 38.7 23.1791
191 205 42.0021 0.8406 100.0 445.0 550.42 1362.69 1146.57 3.91 5.72 138.31 2212.8 8386.77 1.03 42.38 130.57 2389.02 8138.85 9.3982 0.02 332 2212 100.0 10.47 6.303
191 206 42.0042 0.8413 100.0 445.0 550.63 1365.41 1135.43 3.91 5.72 138.66 2212.78 8376.28 1.02 42.42 130.8 2388.94 8130.99 9.3621 0.02 333 2212 100.0 10.63 6.3767
191 207 20.0062 0.7 100.0 491.19 608.04 1491.5 1269.08 9.35 13.66 333.24 2324.36 8790.53 1.07 44.81 313.63 2388.52 8108.96 9.2695 0.03 367 2324 100.0 24.49 14.5905
191 208 41.9992 0.84 100.0 445.0 549.95 1355.14 1141.7 3.91 5.72 138.92 2212.86 8383.52 1.03 42.53 130.6 2388.99 8137.65 9.396 0.02 334 2212 100.0 10.51 6.3662
191 209 35.0029 0.8417 100.0 449.44 556.4 1370.97 1145.57 5.48 8.0 193.99 2223.94 8417.33 1.02 42.28 182.75 2389.12 8121.82 9.3932 0.02 335 2223 100.0 14.83 8.8234
191 210 25.0056 0.6216 60.0 462.54 537.53 1264.24 1064.01 7.05 9.03 175.39 1916.3 8063.29 0.94 37.11 164.3 2029.2 7917.33 10.9756 0.02 309 1915 84.93 14.23 8.5092
191 211 9.9993 0.2511 100.0 489.05 606.11 1516.92 1321.75 10.52 15.5 394.15 2319.12 8844.17 1.26 46.01 370.85 2388.35 8186.92 8.7152 0.03 371 2319 100.0 28.44 16.9586
191 212 20.0009 0.7006 100.0 491.19 608.18 1494.97 1268.14 9.35 13.66 333.02 2324.52 8789.98 1.07 44.89 314.48 2388.65 8117.43 9.3186 0.03 368 2324 100.0 24.31 14.6029
191 213 42.0051 0.8403 100.0 445.0 551.04 1362.44 1148.67 3.91 5.72 138.36 2212.9 8392.1 1.03 42.63 130.34 2389.09 8138.99 9.4144 0.02 333 2212 100.0 10.5 6.3271
191 214 41.9999 0.84 100.0 445.0 550.22 1365.63 1145.81 3.91 5.72 138.04 2212.93 8392.54 1.02 42.62 130.46 2389.06 8148.52 9.4042 0.02 332 2212 100.0 10.57 6.3427
191 215 42.0043 0.84 100.0 445.0 550.93 1351.37 1149.53 3.91 5.72 138.88 2212.99 8393.43 1.02 42.66 130.51 2389.12 8146.9 9.4369 0.02 335 2212 100.0 10.47 6.2661
191 216 42.0069 0.84 100.0 445.0 550.55 1363.74 1141.31 3.91 5.72 138.05 2212.97 8396.13 1.03 42.64 130.68 2389.12 8147.84 9.4153 0.02 333 2212 100.0 10.53 6.3565
191 217 42.0043 0.84 100.0 445.0 550.45 1367.2 1146.1 3.91 5.72 138.01 2212.99 8390.44 1.03 42.63 130.69 2389.15 8149.96 9.4225 0.02 331 2212 100.0 10.57 6.2775
191 218 0.003 0.0 100.0 518.67 644.1 1606.39 1423.62 14.62 21.61 551.4 2388.21 9128.23 1.3 48.04 519.84 2388.2 8204.67 8.5198 0.03 397 2388 100.0 38.33 23.0758
191 219 41.9994 0.84 100.0 445.0 551.09 1369.91 1146.42 3.91 5.72 138.6 2213.03 8398.23 1.03 42.68 130.18 2389.19 8153.64 9.4454 0.02 334 2212 100.0 10.66 6.2976
