89 1 42.0039 0.84 100.0 445.0 549.41 1350.41 1126.61 3.91 5.71 138.69 2211.99 8321.65 1.02 41.78 130.16 2388.04 8089.01 9.3276 0.02 332 2212 100.0 10.57 6.4553
89 2 42.003 0.84 100.0 445.0 549.18 1347.32 1116.47 3.91 5.71 138.71 2211.91 8325.56 1.02 41.74 130.49 2388.03 8081.97 9.34 0.02 331 2212 100.0 10.65 6.3944
89 3 41.9998 0.84 100.0 445.0 549.43 1349.75 1125.6 3.91 5.72 138.83 2211.92 8322.65 1.02 42.13 130.6 2388.05 8087.81 9.3661 0.02 330 2212 100.0 10.68 6.4356
89 4 35.0018 0.842 100.0 449.44 555.6 1369.61 1123.39 5.48 8.0 195.18 2222.92 8346.5 1.02 41.68 183.17 2388.12 8071.86 9.2807 0.02 334 2223 100.0 14.86 8.8473
89 5 42.004 0.842 100.0 445.0 548.98 1351.9 1118.55 3.91 5.72 138.24 2211.96 8323.74 1.02 41.8 130.54 2388.05 8084.55 9.3329 0.02 329 2212 100.0 10.64 6.3517
89 6 35.0076 0.8403 100.0 449.44 554.96 1366.25 1125.01 5.48 8.0 194.29 2222.96 8346.91 1.03 41.79 183.65 2388.02 8065.93 9.3251 0.02 334 2223 100.0 14.53 8.9619
89 7 19.9981 0.7011 100.0 491.19 607.14 1473.4 1250.5 9.35 13.66 334.3 2323.96 8725.16 1.08 44.27 315.38 2388.04 8061.25 9.2117 0.02 365 2324 100.0 24.59 14.706
89 8 10.0072 0.2516 100.0 489.05 604.59 1497.16 1302.56 10.52 15.49 394.44 2318.84 8784.88 1.26 45.36 371.65 2388.03 8125.96 8.617 0.03 368 2319 100.0 28.56 17.2422
89 9 42.0057 0.84 100.0 445.0 549.57 1350.31 1125.9 3.91 5.71 138.34 2211.96 8327.29 1.02 41.84 131.03 2388.04 8082.51 9.3619 0.02 329 2212 100.0 10.62 6.3108
89 10 42.007 0.84 100.0 445.0 549.69 1353.12 1120.23 3.91 5.71 138.94 2211.98 8321.09 1.02 41.73 130.69 2388.03 8088.93 9.3651 0.02 329 2212 100.0 10.58 6.2487
89 11 41.9992 0.84 100.0 445.0 549.51 1345.84 1123.28 3.91 5.72 138.78 2211.93 8323.4 1.02 42.02 130.77 2387.98 8084.21 9.3394 0.02 330 2212 100.0 10.55 6.3632
89 12 42.008 0.84 100.0 445.0 550.18 1350.89 1127.72 3.91 5.72 138.94 2211.98 8324.33 1.02 41.89 130.37 2388.04 8085.3 9.3568 0.02 330 2212 100.0 10.69 6.3512
89 13 25.0033 0.6214 60.0 462.54 536.55 1254.96 1045.02 7.05 9.03 176.13 1915.37 8015.82 0.94 36.71 164.97 2028.29 7872.26 10.8487 0.02 307 1915 84.93 14.21 8.4787
89 14 19.9989 0.7 100.0 491.19 607.38 1477.69 1249.82 9.35 13.65 334.98 2323.91 8717.42 1.08 43.99 315.23 2388.05 8062.37 9.1787 0.02 365 2324 100.0 24.68 14.7183
89 15 35.003 0.8414 100.0 449.44 555.03 1364.88 1120.44 5.48 8.0 194.82 2222.97 8353.06 1.02 41.81 184.02 2388.09 8073.93 9.3039 0.02 334 2223 100.0 14.97 8.9439
89 16 42.0077 0.84 100.0 445.0 549.96 1357.36 1125.98 3.91 5.71 138.88 2212.0 8324.85 1.02 41.9 130.76 2388.02 8086.36 9.3404 0.02 331 2212 100.0 10.69 6.2407
89 17 35.0063 0.8416 100.0 449.44 556.06 1361.19 1123.76 5.48 8.0 195.14 2222.92 8355.13 1.02 41.55 183.53 2388.06 8073.36 9.2927 0.02 333 2223 100.0 14.85 8.9607
89 18 0.0006 0.0 100.0 518.67 642.31 1581.75 1400.82 14.62 21.6 553.28 2388.05 9062.45 1.3 47.27 521.71 2388.02 8139.15 8.4134 0.03 393 2388 100.0 38.75 23.3821
89 19 42.0044 0.8411 100.0 445.0 549.26 1355.02 1116.22 3.91 5.72 138.29 2211.98 8325.54 1.02 42.16 130.95 2388.05 8081.11 9.3587 0.02 330 2212 100.0 10.58 6.316
89 20 0.0011 0.0 100.0 518.67 641.87 1585.62 1404.73 14.62 21.61 554.73 2388.03 9055.63 1.3 47.35 521.65 2388.06 8138.39 8.3907 0.03 391 2388 100.0 38.95 23.4043
89 21 42.0001 0.841 100.0 445.0 549.01 1346.99 1126.03 3.91 5.71 138.29 2211.94 8324.81 1.02 41.98 130.75 2388.04 8086.26 9.3146 0.02 331 2212 100.0 10.61 6.3848
89 22 25.0055 0.6202 60.0 462.54 536.5 1260.83 1041.04 7.05 9.02 175.0 1915.35 8012.92 0.94 36.71 164.93 2028.25 7874.16 10.8817 0.02 309 1915 84.93 14.34 8.5719
89 23 35.005 0.84 100.0 449.44 555.57 1364.2 1119.7 5.48 8.0 194.66 2223.02 8349.37 1.02 41.63 182.86 2388.08 8073.89 9.3177 0.02 333 2223 100.0 14.98 8.8262
89 24 9.9986 0.25 100.0 489.05 604.44 1494.48 1301.5 10.52 15.49 394.99 2318.84 8777.46 1.26 45.11 371.9 2388.09 8127.24 8.613 0.03 368 2319 100.0 28.6 17.2443
89 25 35.0046 0.84 100.0 449.44 555.66 1366.25 1122.38 5.48 8.0 194.9 2223.04 8348.3 1.02 41.85 183.35 2388.05 8071.57 9.2907 0.02 334 2223 100.0 14.84 8.9068
89 26 10.0065 0.251 100.0 489.05 604.88 1495.94 1305.33 10.52 15.49 394.64 2318.89 8775.83 1.26 45.52 372.54 2388.07 8134.29 8.6463 0.03 369 2319 100.0 28.57 17.1461
89 27 25.0027 0.62 60.0 462.54 536.85 1258.2 1050.53 7.05 9.03 175.23 1915.34 8015.65 0.94 36.48 164.67 2028.2 7876.22 10.8731 0.02 305 1915 84.93 14.24 8.4612
89 28 0.0008 0.0009 100.0 518.67 642.77 1583.3 1403.43 14.62 21.61 553.61 2388.08 9058.4 1.3 47.3 521.97 2388.06 8135.31 8.412 0.03 394 2388 100.0 38.84 23.3197
89 29 41.9997 0.84 100.0 445.0 549.04 1350.68 1123.21 3.91 5.71 138.94 2211.99 8321.75 1.02 42.12 130.89 2388.02 8089.24 9.3241 0.02 331 2212 100.0 10.56 6.4365
89 30 25.007 0.622 60.0 462.54 536.03 1252.47 1050.56 7.05 9.03 175.31 1915.29 8008.36 0.94 36.69 164.28 2028.21 7871.26 10.9008 0.02 306 1915 84.93 14.38 8.5782
89 31 10.004 0.2502 100.0 489.05 604.44 1497.56 1299.54 10.52 15.49 394.91 2318.84 8775.44 1.26 45.31 372.14 2388.06 8132.98 8.6376 0.03 368 2319 100.0 28.67 17.2417
89 32 10.0046 0.25 100.0 489.05 604.82 1505.05 1303.58 10.52 15.49 394.54 2318.93 8782.17 1.26 45.4 372.02 2388.1 8137.39 8.6279 0.03 368 2319 100.0 28.6 17.2114
89 33 35.0003 0.8413 100.0 449.44 555.11 1369.08 1125.4 5.48 8.0 194.41 2222.93 8353.69 1.02 41.67 183.35 2388.05 8068.58 9.3122 0.02 333 2223 100.0 14.86 8.9202
89 34 0.0029 0.0001 100.0 518.67 642.44 1588.67 1400.29 14.62 21.61 553.43 2388.1 9055.25 1.3 47.44 521.99 2388.09 8143.49 8.4108 0.03 391 2388 100.0 38.91 23.4253
89 35 19.9989 0.7017 100.0 491.19 607.57 1485.38 1240.51 9.35 13.65 334.73 2323.95 8729.35 1.08 44.21 314.9 2388.1 8063.32 9.2227 0.02 366 2324 100.0 24.46 14.6975
89 36 34.9998 0.84 100.0 449.44 555.5 1362.7 1132.05 5.48 8.0 194.55 2222.96 8351.72 1.02 41.87 183.9 2388.03 8068.52 9.2943 0.02 332 2223 100.0 14.81 8.8596
89 37 20.0032 0.7 100.0 491.19 607.22 1479.9 1243.11 9.35 13.66 334.42 2323.96 8730.85 1.08 44.11 315.7 2388.04 8060.15 9.1915 0.02 363 2324 100.0 24.6 14.7761
89 38 25.0045 0.62 60.0 462.54 536.9 1255.08 1048.36 7.05 9.03 175.52 1915.37 8011.08 0.94 36.64 164.54 2028.25 7873.82 10.8565 0.02 306 1915 84.93 14.27 8.6141
89 39 35.0061 0.842 100.0 449.44 555.65 1361.68 1130.1 5.48 8.0 194.82 2222.99 8354.48 1.02 41.95 182.78 2388.0 8073.1 9.3447 0.02 334 2223 100.0 14.8 8.948
89 40 0.0012 0.0005 100.0 518.67 642.67 1586.59 1401.19 14.62 21.61 554.62 2388.02 9048.86 1.3 47.52 521.69 2388.02 8143.34 8.4004 0.03 391 2388 100.0 38.99 23.3398
89 41 41.9996 0.8418 100.0 445.0 549.51 1355.55 1126.61 3.91 5.71 138.19 2211.94 8324.9 1.02 42.04 130.84 2388.04 8084.8 9.3149 0.02 332 2212 100.0 10.7 6.3352
89 42 42.0038 0.84 100.0 445.0 549.7 1349.52 1125.86 3.91 5.71 139.51 2211.96 8320.87 1.02 41.93 130.27 2388.01 8089.8 9.3299 0.02 330 2212 100.0 10.63 6.3407
89 43 20.0075 0.7 100.0 491.19 607.46 1482.16 1247.8 9.35 13.65 335.31 2323.95 8727.25 1.08 44.21 315.35 2388.08 8057.01 9.2389 0.02 364 2324 100.0 24.65 14.8242
89 44 42.0004 0.8419 100.0 445.0 549.25 1353.74 1120.89 3.91 5.72 138.45 2212.0 8332.05 1.02 41.87 130.84 2388.04 8090.3 9.3572 0.02 330 2212 100.0 10.67 6.4353
89 45 34.998 0.8406 100.0 449.44 556.06 1366.74 1124.48 5.48 8.0 194.39 2222.99 8349.36 1.02 41.67 182.79 2388.09 8070.29 9.2855 0.02 332 2223 100.0 14.82 8.9295
89 46 42.0034 0.8419 100.0 445.0 549.12 1347.8 1126.58 3.91 5.71 139.27 2211.96 8322.87 1.02 41.96 130.11 2388.0 8083.54 9.3507 0.02 332 2212 100.0 10.64 6.3402
89 47 24.9983 0.62 60.0 462.54 536.67 1259.87 1049.67 7.05 9.02 175.63 1915.39 8014.24 0.94 36.78 164.25 2028.3 7877.7 10.8811 0.02 306 1915 84.93 14.48 8.5595
89 48 35.0052 0.8419 100.0 449.44 555.27 1366.24 1118.42 5.48 8.0 194.83 2223.03 8351.16 1.03 41.69 183.53 2388.12 8072.12 9.3546 0.02 333 2223 100.0 15.11 8.9068
89 49 42.006 0.84 100.0 445.0 549.26 1347.93 1121.2 3.91 5.71 138.8 2211.89 8316.36 1.02 41.99 130.33 2388.04 8090.2 9.3419 0.02 330 2212 100.0 10.57 6.4448
89 50 0.0014 0.0017 100.0 518.67 642.03 1582.76 1403.35 14.62 21.61 554.3 2388.11 9062.98 1.3 47.08 521.42 2388.07 8142.31 8.4293 0.03 391 2388 100.0 38.92 23.3343
89 51 0.0008 0.0019 100.0 518.67 642.55 1591.38 1403.82 14.62 21.61 553.86 2388.02 9054.73 1.3 47.33 522.88 2388.09 8145.55 8.391 0.03 391 2388 100.0 39.0 23.3404
89 52 10.004 0.2517 100.0 489.05 604.78 1500.35 1309.02 10.52 15.49 394.51 2318.88 8783.25 1.26 45.2 372.25 2388.07 8130.77 8.6339 0.03 368 2319 100.0 28.59 17.0887
89 53 0.001 0.0 100.0 518.67 642.14 1586.1 1404.37 14.62 21.6 553.42 2388.08 9060.07 1.3 47.32 522.4 2388.0 8137.21 8.4369 0.03 391 2388 100.0 39.02 23.3718
89 54 42.0008 0.84 100.0 445.0 549.22 1352.76 1120.01 3.91 5.71 138.5 2211.99 8319.56 1.02 41.98 130.18 2388.07 8088.52 9.3628 0.02 330 2212 100.0 10.6 6.3137
89 55 0.0015 0.0015 100.0 518.67 642.74 1588.29 1406.13 14.62 21.61 554.52 2388.02 9065.26 1.3 47.28 521.19 2388.09 8138.2 8.3847 0.03 393 2388 100.0 39.01 23.4246
89 56 0.0026 0.0 100.0 518.67 642.49 1589.38 1399.55 14.62 21.6 553.91 2388.09 9054.99 1.3 47.31 521.88 2388.05 8141.1 8.4251 0.03 392 2388 100.0 38.92 23.2483
89 57 42.0036 0.84 100.0 445.0 548.49 1351.6 1121.64 3.91 5.71 138.22 2211.95 8325.06 1.02 42.07 131.04 2388.07 8086.05 9.3364 0.02 330 2212 100.0 10.39 6.2962
89 58 42.0047 0.8412 100.0 445.0 549.38 1352.23 1126.94 3.91 5.71 138.91 2211.99 8325.55 1.02 42.12 130.69 2388.1 8089.37 9.3565 0.02 330 2212 100.0 10.54 6.3179
89 59 10.0014 0.2516 100.0 489.05 604.26 1501.57 1302.15 10.52 15.49 394.59 2318.89 8788.44 1.26 45.24 371.58 2388.08 8133.36 8.6546 0.03 368 2319 100.0 28.63 17.1536
89 60 25.003 0.62 60.0 462.54 537.14 1262.77 1048.15 7.05 9.03 174.91 1915.43 8012.76 0.94 36.69 164.69 2028.25 7878.94 10.8864 0.02 307 1915 84.93 14.14 8.5914
89 61 0.0019 0.0011 100.0 518.67 642.24 1585.34 1406.96 14.62 21.61 553.11 2388.07 9062.95 1.3 47.41 522.02 2388.01 8141.86 8.402 0.03 392 2388 100.0 38.98 23.3039
89 62 35.0016 0.84 100.0 449.44 555.62 1370.73 1120.73 5.48 8.0 194.24 2223.02 8353.01 1.02 41.85 182.84 2388.16 8073.77 9.2973 0.02 334 2223 100.0 14.81 8.9673
89 63 42.0063 0.8406 100.0 445.0 549.32 1350.8 1130.04 3.91 5.72 139.21 2212.03 8322.26 1.02 42.14 130.65 2388.04 8085.2 9.3818 0.02 331 2212 100.0 10.54 6.4061
89 64 42.0049 0.8402 100.0 445.0 549.39 1349.91 1115.69 3.91 5.71 139.21 2211.99 8321.51 1.02 42.06 130.61 2388.03 8088.29 9.3418 0.02 331 2212 100.0 10.67 6.33
89 65 10.0035 0.25 100.0 489.05 604.87 1494.21 1307.13 10.52 15.49 395.02 2318.85 8786.45 1.26 45.45 371.78 2388.06 8138.45 8.6293 0.03 368 2319 100.0 28.58 17.1927
89 66 25.0046 0.62 60.0 462.54 536.47 1257.61 1051.84 7.05 9.02 175.43 1915.37 8012.25 0.94 36.58 164.03 2028.32 7875.72 10.8565 0.02 307 1915 84.93 14.36 8.5479
89 67 41.9981 0.84 100.0 445.0 549.68 1342.74 1128.64 3.91 5.72 139.4 2212.03 8332.47 1.02 42.02 131.2 2388.08 8091.57 9.3626 0.02 330 2212 100.0 10.73 6.3739
89 68 35.0029 0.8403 100.0 449.44 555.38 1363.06 1123.51 5.48 8.0 194.67 2223.02 8353.48 1.02 41.87 183.23 2388.07 8067.19 9.3024 0.02 334 2223 100.0 14.88 8.9821
89 69 35.0023 0.84 100.0 449.44 555.23 1360.17 1126.61 5.48 8.0 194.61 2223.06 8352.75 1.02 41.7 183.33 2388.14 8070.77 9.2867 0.02 332 2223 100.0 14.92 8.9784
89 70 42.0077 0.84 100.0 445.0 548.95 1348.23 1125.92 3.91 5.72 138.34 2212.04 8329.64 1.02 42.12 130.77 2388.09 8084.43 9.3659 0.02 330 2212 100.0 10.66 6.4465
89 71 0.0025 0.0016 100.0 518.67 642.4 1589.18 1405.17 14.62 21.61 553.66 2388.0 9064.32 1.3 47.42 521.85 2388.1 8140.22 8.4085 0.03 393 2388 100.0 38.76 23.3428
89 72 42.0077 0.8419 100.0 445.0 549.39 1352.72 1130.4 3.91 5.71 139.08 2211.97 8326.3 1.02 42.11 130.69 2388.06 8080.74 9.3592 0.02 330 2212 100.0 10.71 6.4052
89 73 42.0068 0.84 100.0 445.0 548.95 1348.66 1121.98 3.91 5.72 139.18 2211.96 8321.37 1.02 41.98 130.44 2388.11 8088.68 9.3663 0.02 329 2212 100.0 10.55 6.476
89 74 20.008 0.7004 100.0 491.19 606.83 1489.43 1251.12 9.35 13.66 335.03 2323.98 8727.97 1.08 44.53 314.5 2388.05 8063.76 9.1872 0.02 365 2324 100.0 24.25 14.696
89 75 34.999 0.8407 100.0 449.44 555.26 1366.23 1132.67 5.48 8.0 195.53 2223.05 8353.34 1.02 42.04 182.84 2388.15 8067.21 9.3122 0.02 335 2223 100.0 14.83 8.9673
89 76 42.0045 0.8404 100.0 445.0 549.59 1355.28 1117.73 3.91 5.72 138.62 2212.02 8325.37 1.02 42.07 131.03 2388.1 8094.9 9.3439 0.02 332 2212 100.0 10.59 6.3562
89 77 10.0016 0.25 100.0 489.05 605.51 1494.94 1304.58 10.52 15.49 395.23 2318.91 8786.48 1.26 45.34 372.22 2388.11 8135.67 8.6254 0.03 369 2319 100.0 28.7 17.0326
89 78 25.0028 0.6218 60.0 462.54 536.6 1255.94 1044.05 7.05 9.03 175.5 1915.43 8010.81 0.94 36.6 165.14 2028.31 7877.61 10.8844 0.02 307 1915 84.93 14.35 8.5165
89 79 25.0024 0.62 60.0 462.54 536.76 1259.35 1049.25 7.05 9.03 175.87 1915.47 8010.27 0.94 36.73 164.59 2028.37 7882.08 10.8932 0.02 307 1915 84.93 14.21 8.5424
89 80 20.0036 0.7 100.0 491.19 607.08 1478.41 1249.41 9.35 13.66 334.66 2323.95 8726.43 1.08 44.36 315.18 2388.14 8067.68 9.2258 0.02 363 2324 100.0 24.51 14.7331
89 81 0.0016 0.0 100.0 518.67 642.73 1586.28 1402.26 14.62 21.61 553.94 2388.07 9064.76 1.3 47.46 521.67 2388.05 8141.9 8.4347 0.03 392 2388 100.0 38.9 23.325
89 82 35.004 0.84 100.0 449.44 555.59 1360.22 1123.83 5.48 8.0 194.28 2223.07 8353.54 1.02 41.8 183.27 2388.14 8080.49 9.2943 0.02 334 2223 100.0 14.71 8.9414
89 83 10.0066 0.2512 100.0 489.05 604.49 1500.84 1311.34 10.52 15.49 394.04 2318.94 8777.78 1.26 45.41 371.77 2388.14 8137.61 8.6641 0.03 369 2319 100.0 28.59 17.1042
89 84 25.0035 0.62 60.0 462.54 536.98 1255.45 1042.53 7.05 9.03 175.16 1915.42 8017.23 0.94 36.72 164.7 2028.32 7877.41 10.9086 0.02 307 1915 84.93 14.2 8.6295
89 85 35.0019 0.8415 100.0 449.44 555.69 1366.73 1126.24 5.48 8.0 195.44 2223.07 8360.74 1.02 41.73 182.96 2388.18 8070.93 9.3342 0.02 333 2223 100.0 14.91 8.8518
89 86 41.9995 0.84 100.0 445.0 549.4 1347.79 1121.17 3.91 5.72 138.43 2212.08 8329.25 1.02 42.07 130.8 2388.09 8095.43 9.3572 0.02 331 2212 100.0 10.52 6.3312
89 87 9.9995 0.25 100.0 489.05 605.03 1500.66 1313.4 10.52 15.49 394.87 2318.88 8791.31 1.26 45.46 371.12 2388.11 8127.93 8.5923 0.03 369 2319 100.0 28.53 17.2332
89 88 35.0014 0.8401 100.0 449.44 555.76 1363.55 1133.07 5.48 8.0 194.99 2223.11 8359.36 1.02 41.78 182.9 2388.19 8075.05 9.3218 0.02 333 2223 100.0 14.73 8.8906
89 89 0.0024 0.0009 100.0 518.67 642.83 1589.5 1406.6 14.62 21.61 554.43 2388.08 9064.36 1.3 47.42 521.69 2388.05 8145.88 8.4114 0.03 392 2388 100.0 38.91 23.2714
89 90 42.0015 0.8416 100.0 445.0 549.93 1355.29 1121.34 3.91 5.72 138.51 2212.0 8329.43 1.02 42.07 131.17 2388.19 8088.23 9.3426 0.02 330 2212 100.0 10.62 6.4633
89 91 42.0063 0.84 100.0 445.0 549.9 1352.49 1126.01 3.91 5.72 139.12 2212.05 8330.11 1.02 42.21 130.34 2388.06 8098.2 9.3753 0.02 332 2212 100.0 10.59 6.2806
89 92 35.0074 0.84 100.0 449.44 555.44 1362.01 1131.45 5.48 8.0 194.9 2223.15 8357.18 1.02 41.99 182.75 2388.23 8072.46 9.3329 0.02 334 2223 100.0 14.78 8.929
89 93 20.0075 0.7 100.0 491.19 607.53 1481.86 1252.66 9.35 13.65 334.76 2324.03 8733.46 1.07 44.36 315.68 2388.11 8077.43 9.2316 0.02 364 2324 100.0 24.55 14.6404
89 94 0.0016 0.0 100.0 518.67 642.79 1599.89 1411.52 14.62 21.61 553.38 2388.11 9062.72 1.3 47.48 521.85 2388.11 8148.05 8.4375 0.03 394 2388 100.0 38.83 23.2446
89 95 20.0023 0.7009 100.0 491.19 607.74 1480.58 1255.91 9.35 13.66 334.84 2323.98 8740.08 1.08 44.38 315.36 2388.13 8071.49 9.2228 0.02 365 2324 100.0 24.54 14.5601
89 96 35.0042 0.842 100.0 449.44 555.59 1367.68 1129.65 5.48 8.0 195.06 2223.03 8353.96 1.03 41.77 183.24 2388.21 8078.0 9.302 0.02 332 2223 100.0 14.87 8.951
89 97 20.001 0.7 100.0 491.19 608.32 1482.4 1251.99 9.35 13.66 334.73 2324.05 8728.2 1.07 44.38 315.06 2388.19 8066.66 9.226 0.02 367 2324 100.0 24.46 14.6272
89 98 20.0006 0.7005 100.0 491.19 607.31 1488.06 1249.27 9.35 13.66 334.96 2324.01 8730.23 1.08 44.41 315.87 2388.12 8075.98 9.2164 0.02 365 2324 100.0 24.53 14.6605
89 99 0.0001 0.0016 100.0 518.67 642.25 1593.58 1400.91 14.62 21.61 554.06 2388.04 9062.1 1.3 47.44 521.96 2388.02 8145.33 8.4416 0.03 392 2388 100.0 38.86 23.2742
89 100 34.9991 0.8408 100.0 449.44 556.08 1366.99 1126.68 5.48 8.0 194.7 2223.05 8356.33 1.02 41.89 182.88 2388.19 8073.95 9.3019 0.02 336 2223 100.0 14.81 8.8221
89 101 35.0064 0.8416 100.0 449.44 555.93 1372.09 1129.79 5.48 8.0 194.12 2223.11 8364.24 1.02 42.05 182.9 2388.18 8072.61 9.3082 0.02 336 2223 100.0 14.81 8.9488
89 102 42.0058 0.8411 100.0 445.0 549.05 1347.94 1131.16 3.91 5.72 139.2 2212.09 8334.09 1.02 41.97 130.42 2388.13 8089.64 9.3638 0.02 331 2212 100.0 10.47 6.391
89 103 24.9991 0.6218 60.0 462.54 537.09 1259.17 1048.12 7.05 9.03 175.44 1915.46 8021.57 0.94 36.72 164.99 2028.39 7885.29 10.9008 0.02 307 1915 84.93 14.38 8.5645
89 104 42.0048 0.8403 100.0 445.0 549.42 1348.45 1127.83 3.91 5.72 139.58 2212.05 8331.63 1.02 42.09 130.9 2388.18 8094.34 9.385 0.02 332 2212 100.0 10.73 6.2674
89 105 9.9986 0.25 100.0 489.05 604.94 1501.96 1313.74 10.52 15.49 394.69 2318.92 8794.21 1.26 45.25 372.04 2388.16 8146.42 8.6443 0.03 369 2319 100.0 28.64 17.1247
89 106 34.9994 0.8414 100.0 449.44 555.85 1363.28 1134.18 5.48 8.0 194.76 2223.15 8359.53 1.02 42.07 182.73 2388.26 8077.35 9.3362 0.02 334 2223 100.0 14.89 8.8727
89 107 0.0025 0.0018 100.0 518.67 642.42 1583.87 1408.64 14.62 21.61 553.86 2388.1 9070.64 1.3 47.65 521.22 2388.02 8145.32 8.4281 0.03 394 2388 100.0 39.02 23.231
89 108 42.0048 0.84 100.0 445.0 549.36 1354.38 1126.38 3.91 5.72 138.83 2212.09 8337.33 1.02 42.06 130.7 2388.2 8093.79 9.3369 0.02 333 2212 100.0 10.52 6.3591
89 109 35.0075 0.84 100.0 449.44 555.69 1367.6 1134.11 5.48 8.0 194.2 2223.15 8362.03 1.02 42.0 183.24 2388.24 8075.9 9.303 0.02 334 2223 100.0 14.85 8.7514
89 110 0.0027 0.0014 100.0 518.67 642.29 1589.0 1406.39 14.62 21.61 552.99 2388.02 9075.78 1.3 47.29 521.76 2388.07 8146.33 8.471 0.03 392 2388 100.0 38.91 23.2771
89 111 34.9989 0.84 100.0 449.44 555.92 1364.47 1127.45 5.48 8.0 194.37 2223.17 8359.8 1.02 42.01 183.03 2388.26 8077.72 9.3342 0.02 334 2223 100.0 14.84 8.7967
89 112 35.0075 0.8412 100.0 449.44 555.87 1368.92 1129.77 5.48 8.0 194.4 2223.14 8370.89 1.02 41.85 183.08 2388.28 8083.98 9.3285 0.02 335 2223 100.0 14.66 8.9442
89 113 41.9995 0.84 100.0 445.0 549.44 1358.65 1127.51 3.91 5.72 138.93 2212.17 8334.83 1.02 42.15 130.72 2388.27 8093.91 9.3624 0.02 333 2212 100.0 10.57 6.308
89 114 0.0012 0.0 100.0 518.67 642.65 1591.73 1405.73 14.62 21.61 553.36 2388.08 9071.59 1.3 47.66 521.39 2388.07 8151.0 8.4528 0.03 394 2388 100.0 38.88 23.2688
89 115 10.0033 0.251 100.0 489.05 604.84 1495.42 1311.2 10.52 15.49 394.23 2318.96 8790.19 1.26 45.69 371.54 2388.12 8139.86 8.6612 0.03 369 2319 100.0 28.33 17.0998
89 116 42.0078 0.8417 100.0 445.0 549.96 1356.16 1126.19 3.91 5.71 138.54 2212.1 8339.83 1.02 42.29 130.12 2388.2 8091.7 9.3964 0.02 331 2212 100.0 10.61 6.3572
89 117 20.0021 0.7 100.0 491.19 607.93 1489.22 1256.29 9.35 13.65 334.26 2324.1 8738.39 1.07 44.46 314.86 2388.21 8077.66 9.2374 0.02 364 2324 100.0 24.64 14.657
89 118 10.0029 0.25 100.0 489.05 604.95 1504.26 1304.93 10.52 15.49 394.52 2318.95 8796.58 1.26 45.4 371.46 2388.12 8144.69 8.6559 0.03 368 2319 100.0 28.55 17.0597
89 119 42.0009 0.8413 100.0 445.0 550.35 1358.54 1124.22 3.91 5.72 138.26 2212.19 8342.9 1.02 42.32 130.38 2388.3 8107.05 9.3983 0.02 331 2212 100.0 10.61 6.1546
89 120 25.0065 0.6214 60.0 462.54 536.71 1258.75 1047.61 7.05 9.03 175.78 1915.65 8032.3 0.94 36.91 164.23 2028.58 7887.72 10.8966 0.02 307 1915 84.93 14.2 8.6292
89 121 0.0028 0.0019 100.0 518.67 643.0 1590.93 1409.16 14.62 21.61 553.25 2388.12 9075.53 1.3 47.6 521.25 2388.02 8155.68 8.438 0.03 395 2388 100.0 38.73 23.2774
89 122 20.0017 0.7008 100.0 491.19 608.06 1484.05 1257.99 9.35 13.66 333.8 2324.03 8739.8 1.08 44.45 314.6 2388.23 8084.08 9.2478 0.02 366 2324 100.0 24.41 14.7062
89 123 10.0051 0.25 100.0 489.05 605.02 1498.9 1314.7 10.52 15.49 394.88 2319.01 8799.47 1.26 45.58 371.35 2388.18 8147.3 8.6955 0.03 372 2319 100.0 28.34 17.047
89 124 42.0068 0.84 100.0 445.0 549.51 1349.77 1129.04 3.91 5.72 138.99 2212.11 8340.62 1.02 42.21 130.72 2388.28 8101.14 9.3948 0.02 333 2212 100.0 10.41 6.3607
89 125 42.0036 0.8418 100.0 445.0 549.29 1358.38 1130.38 3.91 5.72 139.05 2212.27 8342.39 1.02 42.26 130.39 2388.34 8109.89 9.3807 0.02 331 2212 100.0 10.47 6.3619
89 126 10.0069 0.2504 100.0 489.05 605.2 1508.14 1315.5 10.52 15.5 395.02 2318.95 8805.85 1.26 45.5 370.93 2388.17 8149.85 8.6966 0.03 371 2319 100.0 28.69 17.0668
89 127 0.0012 0.0 100.0 518.67 642.75 1590.8 1416.89 14.62 21.6 553.24 2388.08 9077.11 1.3 47.58 521.45 2388.07 8156.19 8.4775 0.03 396 2388 100.0 38.71 23.2011
89 128 20.0038 0.7 100.0 491.19 607.79 1486.27 1251.82 9.35 13.66 334.18 2324.1 8737.34 1.08 44.54 314.95 2388.2 8077.79 9.2555 0.02 366 2324 100.0 24.37 14.7323
89 129 9.998 0.25 100.0 489.05 605.17 1507.35 1309.99 10.52 15.49 394.09 2318.96 8801.82 1.26 45.36 371.28 2388.19 8150.0 8.6852 0.03 370 2319 100.0 28.44 17.1508
89 130 20.0074 0.701 100.0 491.19 607.57 1481.09 1250.63 9.35 13.66 334.79 2324.15 8736.28 1.07 44.43 314.84 2388.23 8081.72 9.2426 0.03 367 2324 100.0 24.52 14.6506
89 131 34.9998 0.84 100.0 449.44 556.13 1374.56 1138.38 5.48 8.0 194.43 2223.36 8365.89 1.02 41.87 183.02 2388.47 8090.65 9.3345 0.02 335 2223 100.0 14.89 8.9172
89 132 20.0037 0.7003 100.0 491.19 608.41 1486.2 1259.26 9.35 13.66 334.45 2324.17 8745.42 1.07 44.7 314.7 2388.33 8079.13 9.2652 0.02 366 2324 100.0 24.3 14.6836
89 133 19.9984 0.701 100.0 491.19 607.55 1488.22 1252.75 9.35 13.66 334.36 2324.12 8742.9 1.08 44.74 314.8 2388.32 8084.83 9.2315 0.03 366 2324 100.0 24.27 14.6866
89 134 41.9997 0.842 100.0 445.0 549.65 1356.4 1124.55 3.91 5.72 138.8 2212.28 8347.39 1.02 42.27 130.27 2388.38 8106.13 9.3652 0.02 332 2212 100.0 10.63 6.345
89 135 10.0007 0.2513 100.0 489.05 605.03 1501.94 1320.76 10.52 15.5 394.5 2318.99 8805.25 1.26 45.57 371.18 2388.22 8154.05 8.6759 0.03 370 2319 100.0 28.29 17.0921
89 136 0.0004 0.0011 100.0 518.67 642.57 1594.69 1411.41 14.62 21.61 553.19 2388.15 9094.17 1.3 47.77 521.48 2388.07 8163.75 8.4562 0.03 394 2388 100.0 38.71 23.1539
89 137 35.0072 0.8408 100.0 449.44 556.1 1370.94 1142.19 5.48 8.0 194.36 2223.41 8379.29 1.02 42.09 183.27 2388.54 8090.38 9.3415 0.02 336 2223 100.0 14.94 8.8622
89 138 34.9989 0.8417 100.0 449.44 556.66 1370.75 1142.4 5.48 8.0 194.69 2223.47 8382.15 1.02 42.28 182.85 2388.59 8091.18 9.3319 0.02 334 2223 100.0 14.74 8.9028
89 139 20.0017 0.7 100.0 491.19 607.36 1491.18 1258.14 9.35 13.66 333.72 2324.19 8753.71 1.07 44.48 314.81 2388.35 8087.0 9.2159 0.02 365 2324 100.0 24.5 14.629
89 140 20.0048 0.7 100.0 491.19 608.01 1488.08 1258.73 9.35 13.66 334.75 2324.16 8749.79 1.07 44.74 315.18 2388.38 8085.31 9.2486 0.02 366 2324 100.0 24.41 14.6517
89 141 10.0051 0.2503 100.0 489.05 605.62 1503.87 1323.14 10.52 15.5 393.99 2319.04 8813.74 1.26 45.62 371.17 2388.23 8159.84 8.7163 0.03 371 2319 100.0 28.6 17.0199
89 142 19.9989 0.7009 100.0 491.19 608.28 1490.66 1259.21 9.35 13.66 333.91 2324.22 8756.48 1.07 44.62 314.72 2388.4 8089.29 9.2364 0.02 365 2324 100.0 24.43 14.6159
89 143 0.0011 0.0 100.0 518.67 643.46 1591.34 1415.74 14.62 21.61 552.87 2388.06 9091.27 1.3 47.98 520.48 2388.15 8170.22 8.4523 0.03 395 2388 100.0 38.49 23.288
89 144 20.0012 0.7 100.0 491.19 607.59 1483.84 1260.94 9.35 13.66 334.09 2324.26 8758.05 1.08 44.75 314.3 2388.37 8086.03 9.2605 0.03 368 2324 100.0 24.23 14.6148
89 145 10.0072 0.25 100.0 489.05 605.46 1506.52 1313.3 10.52 15.5 394.23 2319.06 8820.4 1.26 45.61 370.95 2388.28 8166.94 8.6948 0.03 372 2319 100.0 28.4 16.9335
89 146 42.0033 0.84 100.0 445.0 550.1 1357.73 1132.52 3.91 5.72 139.46 2212.52 8362.15 1.02 42.28 129.91 2388.64 8120.46 9.3658 0.02 334 2212 100.0 10.42 6.2386
89 147 25.0004 0.6212 60.0 462.54 536.93 1268.31 1061.04 7.05 9.03 175.94 1915.92 8048.3 0.94 36.98 164.4 2028.83 7902.81 10.9294 0.02 308 1915 84.93 14.31 8.5212
89 148 9.9984 0.2503 100.0 489.05 605.37 1506.3 1329.41 10.52 15.5 394.22 2319.05 8823.75 1.26 45.73 370.51 2388.22 8162.77 8.7135 0.03 371 2319 100.0 28.52 17.0355
89 149 24.9982 0.62 60.0 462.54 536.75 1270.66 1052.54 7.05 9.03 174.92 1915.96 8040.79 0.94 37.07 163.93 2028.93 7908.56 10.9493 0.02 308 1915 84.93 14.22 8.4545
89 150 0.0022 0.0012 100.0 518.67 642.66 1599.99 1424.16 14.62 21.61 552.37 2388.09 9102.6 1.3 47.67 521.31 2388.18 8175.65 8.5303 0.03 396 2388 100.0 38.52 23.2355
89 151 0.0002 0.0 100.0 518.67 643.3 1595.04 1427.3 14.62 21.61 552.45 2388.14 9110.79 1.3 47.89 520.32 2388.16 8175.73 8.4666 0.03 395 2388 100.0 38.61 23.2015
89 152 42.006 0.8419 100.0 445.0 550.07 1370.25 1140.83 3.91 5.72 138.44 2212.55 8375.38 1.02 42.37 130.56 2388.8 8126.02 9.3867 0.02 333 2212 100.0 10.54 6.3637
89 153 35.0053 0.84 100.0 449.44 556.7 1377.18 1138.78 5.48 8.0 194.56 2223.68 8397.24 1.02 42.31 182.19 2388.79 8106.78 9.3534 0.02 336 2223 100.0 14.76 8.8029
89 154 25.0068 0.62 60.0 462.54 536.94 1269.52 1058.07 7.05 9.03 175.39 1916.04 8047.77 0.94 37.26 164.12 2029.02 7913.42 11.0 0.02 310 1915 84.93 14.12 8.5253
89 155 20.0058 0.7 100.0 491.19 608.23 1486.62 1261.3 9.35 13.66 334.16 2324.35 8784.68 1.07 44.75 314.32 2388.51 8108.39 9.3348 0.03 366 2324 100.0 24.35 14.6239
89 156 0.0019 0.0018 100.0 518.67 643.36 1601.54 1423.79 14.62 21.61 551.98 2388.15 9118.95 1.3 48.02 520.53 2388.16 8178.88 8.4739 0.03 396 2388 100.0 38.5 23.2041
89 157 42.0064 0.84 100.0 445.0 549.99 1365.87 1134.15 3.91 5.72 138.93 2212.69 8375.59 1.02 42.57 130.57 2388.81 8131.41 9.3874 0.02 334 2212 100.0 10.53 6.3308
89 158 42.0031 0.84 100.0 445.0 550.17 1358.98 1142.63 3.91 5.72 138.6 2212.77 8382.49 1.03 42.56 130.74 2388.88 8134.31 9.406 0.02 335 2212 100.0 10.54 6.3017
89 159 10.0049 0.2514 100.0 489.05 605.71 1507.46 1322.01 10.52 15.5 393.72 2319.15 8832.77 1.26 45.98 370.4 2388.33 8180.26 8.7605 0.03 373 2319 100.0 28.48 17.0519
89 160 10.0013 0.2515 100.0 489.05 605.5 1515.41 1330.49 10.52 15.5 393.97 2319.14 8840.22 1.26 45.95 371.23 2388.35 8181.51 8.7448 0.03 371 2319 100.0 28.22 17.0784
89 161 35.0073 0.8403 100.0 449.44 556.84 1372.53 1142.04 5.48 8.01 193.95 2223.91 8408.03 1.02 42.36 182.85 2389.13 8122.15 9.346 0.02 336 2223 100.0 14.62 8.8293
89 162 41.9995 0.8401 100.0 445.0 550.21 1362.54 1141.34 3.91 5.72 137.92 2212.84 8390.75 1.03 42.63 130.04 2388.96 8148.78 9.4326 0.02 334 2212 100.0 10.46 6.3542
89 163 41.9998 0.84 100.0 445.0 550.41 1372.08 1144.93 3.91 5.72 139.04 2212.84 8386.69 1.03 42.52 130.32 2389.09 8145.5 9.4303 0.02 332 2212 100.0 10.6 6.2943
89 164 10.0055 0.25 100.0 489.05 605.78 1519.69 1327.9 10.52 15.5 393.19 2319.15 8849.08 1.26 45.92 370.66 2388.4 8185.23 8.749 0.03 373 2319 100.0 28.26 16.9093
89 165 19.9998 0.701 100.0 491.19 608.39 1501.18 1272.9 9.35 13.66 333.84 2324.59 8792.21 1.07 44.78 314.45 2388.67 8116.7 9.3401 0.03 367 2324 100.0 24.34 14.451
89 166 10.008 0.2503 100.0 489.05 605.23 1520.64 1333.85 10.52 15.5 392.87 2319.18 8852.89 1.26 46.1 370.53 2388.35 8190.8 8.7693 0.03 371 2319 100.0 28.31 16.9134
89 167 0.0027 0.0 100.0 518.67 643.97 1598.72 1420.74 14.62 21.61 551.8 2388.17 9135.23 1.3 48.28 520.12 2388.19 8206.62 8.5232 0.03 397 2388 100.0 38.37 23.1164
89 168 42.0061 0.841 100.0 445.0 550.89 1364.84 1152.7 3.91 5.72 139.13 2212.99 8393.95 1.03 42.73 130.26 2389.15 8153.03 9.4236 0.02 335 2212 100.0 10.47 6.3683
159 1 10.0058 0.2512 100.0 489.05 604.07 1484.51 1290.07 10.52 15.46 392.33 2318.68 8751.29 1.25 44.77 369.42 2387.81 8126.84 8.616 0.03 367 2319 100.0 28.68 17.1026
159 2 41.9987 0.8406 100.0 445.0 548.7 1342.84 1105.93 3.91 5.69 137.24 2211.84 8302.25 1.01 41.56 129.57 2387.95 8066.41 9.4011 0.02 329 2212 100.0 10.51 6.2848
159 3 34.9984 0.8409 100.0 449.44 555.38 1354.73 1117.87 5.48 7.97 192.57 2222.71 8333.2 1.02 41.32 181.73 2387.82 8053.14 9.3024 0.02 333 2223 100.0 14.71 8.8223
159 4 42.0039 0.84 100.0 445.0 549.69 1338.94 1104.09 3.91 5.69 138.07 2211.93 8299.24 1.01 41.62 129.79 2387.95 8072.53 9.3379 0.02 329 2212 100.0 10.47 6.374
159 5 42.0033 0.8413 100.0 445.0 548.89 1342.86 1115.88 3.91 5.69 137.65 2211.87 8303.12 1.01 41.57 129.29 2387.94 8068.88 9.3698 0.02 329 2212 100.0 10.58 6.327
159 6 0.0014 0.0004 100.0 518.67 642.44 1580.32 1393.22 14.62 21.58 550.83 2387.82 9037.1 1.3 47.08 519.12 2387.75 8123.66 8.4312 0.03 390 2388 100.0 38.98 23.2976
159 7 35.0055 0.84 100.0 449.44 554.79 1354.05 1112.06 5.48 7.97 192.96 2222.77 8329.94 1.02 41.41 181.9 2387.84 8053.74 9.3459 0.02 332 2223 100.0 14.77 8.9271
159 8 35.0044 0.8416 100.0 449.44 555.34 1358.22 1108.9 5.48 7.97 192.12 2222.73 8333.37 1.02 41.42 181.48 2387.87 8053.01 9.335 0.02 332 2223 100.0 14.74 8.8997
159 9 10.0053 0.25 100.0 489.05 604.92 1485.16 1295.22 10.52 15.46 393.54 2318.69 8765.94 1.26 44.86 370.08 2387.85 8123.56 8.6258 0.03 369 2319 100.0 28.49 17.1438
159 10 35.0072 0.8409 100.0 449.44 554.63 1351.92 1112.46 5.48 7.97 193.29 2222.73 8330.5 1.02 41.21 181.61 2387.77 8056.67 9.354 0.02 331 2223 100.0 14.77 8.9117
159 11 42.0061 0.8418 100.0 445.0 549.13 1342.65 1115.14 3.91 5.69 137.7 2211.81 8304.11 1.01 41.49 129.59 2387.97 8072.34 9.3731 0.02 329 2212 100.0 10.58 6.3183
159 12 42.0056 0.84 100.0 445.0 549.07 1339.85 1101.63 3.91 5.69 137.61 2211.93 8295.7 1.01 41.56 129.16 2387.99 8067.54 9.376 0.02 328 2212 100.0 10.55 6.3308
159 13 10.0075 0.2502 100.0 489.05 603.56 1484.49 1290.0 10.52 15.46 392.36 2318.57 8772.53 1.26 44.85 369.32 2387.84 8121.72 8.6394 0.03 367 2319 100.0 28.61 17.242
159 14 9.9986 0.2508 100.0 489.05 604.03 1495.51 1296.84 10.52 15.46 393.04 2318.69 8769.02 1.25 45.02 369.85 2387.92 8120.07 8.599 0.03 368 2319 100.0 28.56 17.1585
159 15 42.0011 0.84 100.0 445.0 548.94 1347.32 1114.11 3.91 5.69 137.36 2211.91 8295.17 1.01 41.6 130.02 2388.01 8073.65 9.3615 0.02 328 2212 100.0 10.69 6.3674
159 16 10.0038 0.2504 100.0 489.05 603.79 1493.67 1295.07 10.52 15.46 392.55 2318.63 8766.91 1.26 44.96 370.23 2387.87 8120.99 8.6385 0.03 367 2319 100.0 28.63 17.216
159 17 42.0015 0.84 100.0 445.0 548.42 1343.08 1108.03 3.91 5.69 138.39 2211.9 8303.08 1.01 41.71 129.5 2387.94 8069.79 9.3564 0.02 329 2212 100.0 10.51 6.2449
159 18 0.001 0.0 100.0 518.67 642.36 1580.89 1395.31 14.62 21.58 551.13 2387.72 9038.66 1.3 47.27 519.1 2387.66 8118.62 8.4161 0.03 390 2388 100.0 38.86 23.2273
159 19 0.0027 0.0 100.0 518.67 641.86 1582.07 1395.29 14.62 21.57 551.22 2387.5 9037.42 1.3 47.29 519.43 2387.46 8122.73 8.4628 0.03 390 2388 100.0 38.81 23.3852
159 20 42.0008 0.84 100.0 445.0 549.17 1341.35 1110.72 3.91 5.69 137.5 2211.9 8305.89 1.01 41.4 129.45 2388.03 8071.99 9.3918 0.02 328 2212 100.0 10.54 6.3076
159 21 35.0072 0.84 100.0 449.44 555.07 1355.95 1108.42 5.48 7.97 192.27 2222.75 8336.71 1.02 41.43 182.2 2387.81 8055.52 9.3513 0.02 331 2223 100.0 15.01 8.8685
159 22 25.0024 0.62 60.0 462.54 536.41 1255.46 1042.06 7.05 9.0 173.8 1915.2 8005.25 0.94 36.04 163.6 2028.07 7862.19 10.8788 0.02 304 1915 84.93 14.32 8.5714
159 23 35.0033 0.84 100.0 449.44 555.08 1351.28 1114.74 5.48 7.97 192.89 2222.78 8326.31 1.02 41.4 181.53 2387.79 8053.22 9.2901 0.02 331 2223 100.0 14.92 8.877
159 24 0.0002 0.0 100.0 518.67 642.85 1574.46 1388.98 14.62 21.57 551.54 2387.47 9039.37 1.3 47.24 519.15 2387.47 8120.81 8.4055 0.03 388 2388 100.0 38.71 23.2954
159 25 10.0049 0.25 100.0 489.05 603.86 1496.09 1290.24 10.52 15.46 392.31 2318.59 8769.38 1.25 44.86 369.98 2387.79 8117.79 8.6467 0.03 367 2319 100.0 28.67 17.189
159 26 25.0057 0.62 60.0 462.54 536.16 1247.29 1040.03 7.05 9.0 174.72 1915.2 8002.4 0.93 36.37 163.91 2028.15 7863.93 10.8808 0.02 304 1915 84.93 14.25 8.6153
159 27 0.0006 0.001 100.0 518.67 642.18 1577.61 1400.44 14.62 21.58 550.83 2387.67 9031.26 1.3 47.17 518.72 2387.73 8119.56 8.4344 0.03 390 2388 100.0 38.5 23.2379
159 28 0.0009 0.0004 100.0 518.67 642.2 1577.23 1401.04 14.62 21.58 550.86 2387.44 9031.37 1.3 47.23 518.7 2387.42 8119.21 8.4476 0.03 389 2388 100.0 38.72 23.2651
159 29 35.0076 0.84 100.0 449.44 554.96 1358.68 1117.37 5.48 7.97 193.29 2222.75 8336.36 1.01 41.53 181.35 2387.83 8056.6 9.3144 0.02 331 2223 100.0 14.9 8.8799
159 30 0.0006 0.0 100.0 518.67 641.94 1578.86 1389.34 14.62 21.57 550.97 2387.68 9036.96 1.3 47.04 519.3 2387.77 8118.85 8.4255 0.03 391 2388 100.0 38.75 23.2721
159 31 0.0024 0.0 100.0 518.67 641.9 1579.46 1405.79 14.62 21.58 551.13 2387.63 9041.3 1.3 47.31 518.3 2387.61 8119.8 8.3961 0.03 390 2388 100.0 38.82 23.2533
159 32 25.0042 0.6204 60.0 462.54 536.01 1253.31 1039.27 7.05 9.0 174.27 1915.2 8003.85 0.94 36.36 163.64 2028.12 7871.91 10.8726 0.02 305 1915 84.93 14.46 8.5039
159 33 20.0029 0.7 100.0 491.19 606.58 1478.14 1236.1 9.35 13.6 332.43 2323.68 8698.13 1.07 43.98 312.79 2387.78 8048.9 9.2075 0.02 362 2324 100.0 24.35 14.6515
159 34 25.0029 0.6219 60.0 462.54 536.49 1249.51 1037.78 7.05 9.0 173.73 1915.18 7994.43 0.94 36.24 163.47 2028.04 7865.05 10.9244 0.02 304 1915 84.93 14.27 8.5857
159 35 20.0063 0.7013 100.0 491.19 606.72 1471.77 1236.08 9.35 13.6 331.51 2323.69 8706.79 1.07 43.84 312.15 2387.79 8048.83 9.2104 0.02 361 2324 100.0 24.38 14.627
159 36 42.0057 0.8406 100.0 445.0 549.41 1342.77 1108.26 3.91 5.69 138.08 2211.92 8309.26 1.01 41.45 129.88 2387.92 8073.04 9.373 0.02 328 2212 100.0 10.63 6.3654
159 37 35.0073 0.8409 100.0 449.44 554.65 1354.41 1111.45 5.48 7.97 193.61 2222.73 8339.2 1.02 41.34 181.5 2387.84 8054.99 9.3093 0.02 333 2223 100.0 14.82 8.8671
159 38 42.0034 0.84 100.0 445.0 548.56 1339.09 1115.03 3.91 5.69 136.96 2211.9 8299.32 1.01 41.76 129.47 2387.91 8076.26 9.383 0.02 328 2212 100.0 10.56 6.3518
159 39 25.0031 0.621 60.0 462.54 536.39 1246.27 1030.68 7.05 9.0 174.78 1915.19 8000.73 0.94 36.3 163.95 2028.11 7864.52 10.8561 0.02 304 1915 84.93 14.13 8.57
159 40 35.0043 0.841 100.0 449.44 555.4 1350.91 1113.48 5.48 7.97 193.22 2222.74 8331.51 1.01 41.42 181.56 2387.87 8053.03 9.3065 0.02 331 2223 100.0 14.82 8.8745
159 41 42.0044 0.84 100.0 445.0 548.47 1338.34 1117.66 3.91 5.69 137.17 2211.92 8303.69 1.01 41.62 129.57 2388.02 8070.34 9.3783 0.02 328 2212 100.0 10.69 6.271
159 42 20.0005 0.7 100.0 491.19 606.93 1474.5 1236.94 9.35 13.6 332.34 2323.61 8704.97 1.07 43.96 312.59 2387.78 8049.78 9.2017 0.02 362 2324 100.0 24.46 14.6022
159 43 42.0017 0.8407 100.0 445.0 549.07 1345.14 1105.15 3.91 5.69 137.29 2211.87 8304.96 1.01 41.59 129.59 2387.98 8069.07 9.3734 0.02 329 2212 100.0 10.45 6.337
159 44 20.0077 0.7003 100.0 491.19 606.98 1465.86 1233.84 9.35 13.6 332.1 2323.71 8707.86 1.07 43.76 312.39 2387.76 8047.56 9.2134 0.02 361 2324 100.0 24.37 14.5069
159 45 20.0015 0.7 100.0 491.19 606.77 1468.54 1237.56 9.35 13.61 332.64 2323.72 8703.71 1.07 43.86 312.86 2387.82 8046.2 9.181 0.02 362 2324 100.0 24.52 14.6527
159 46 35.0025 0.84 100.0 449.44 555.35 1359.68 1112.12 5.48 7.97 192.9 2222.75 8338.7 1.02 41.37 181.68 2387.8 8050.96 9.3187 0.02 331 2223 100.0 14.92 8.9182
159 47 42.0061 0.8417 100.0 445.0 548.83 1341.13 1109.03 3.91 5.69 137.74 2211.87 8300.76 1.01 41.54 129.09 2387.94 8070.72 9.3705 0.02 329 2212 100.0 10.43 6.361
159 48 41.9995 0.8414 100.0 445.0 549.19 1349.05 1111.69 3.91 5.69 137.68 2211.92 8306.68 1.01 41.6 129.96 2387.99 8071.19 9.3554 0.02 328 2212 100.0 10.55 6.3266
159 49 25.0018 0.622 60.0 462.54 536.15 1256.18 1030.06 7.05 9.0 174.39 1915.2 7998.48 0.94 36.34 163.6 2028.07 7864.78 10.8799 0.02 306 1915 84.93 14.22 8.619
159 50 10.0009 0.25 100.0 489.05 603.93 1488.09 1296.47 10.52 15.46 392.48 2318.6 8760.14 1.26 44.91 369.55 2387.77 8117.71 8.6583 0.03 367 2319 100.0 28.57 17.0775
159 51 0.0007 0.001 100.0 518.67 641.91 1583.83 1398.1 14.62 21.57 551.54 2387.69 9041.87 1.3 47.05 518.97 2387.67 8117.66 8.4451 0.03 389 2388 100.0 38.91 23.3092
159 52 10.007 0.25 100.0 489.05 603.85 1493.56 1295.05 10.52 15.46 393.14 2318.63 8763.85 1.26 44.91 369.56 2387.82 8120.5 8.6448 0.03 368 2319 100.0 28.66 17.2043
159 53 20.0071 0.7016 100.0 491.19 606.48 1469.06 1235.0 9.35 13.6 332.8 2323.67 8704.8 1.07 43.93 313.24 2387.82 8050.75 9.2048 0.02 362 2324 100.0 24.28 14.7152
159 54 41.9995 0.84 100.0 445.0 548.95 1337.94 1109.06 3.91 5.69 137.65 2211.97 8302.97 1.01 41.71 128.95 2387.98 8068.23 9.3489 0.02 329 2212 100.0 10.69 6.3869
159 55 20.0041 0.7 100.0 491.19 606.11 1473.52 1232.74 9.35 13.6 332.24 2323.65 8705.24 1.07 44.1 312.13 2387.78 8051.34 9.232 0.02 363 2324 100.0 24.28 14.7737
159 56 0.0004 0.0 100.0 518.67 642.03 1574.63 1401.21 14.62 21.57 550.69 2387.75 9043.28 1.3 47.18 519.59 2387.71 8123.47 8.4164 0.03 390 2388 100.0 38.74 23.2821
159 57 10.002 0.2518 100.0 489.05 603.9 1488.25 1295.67 10.52 15.46 392.97 2318.69 8762.0 1.25 44.84 370.05 2387.84 8121.81 8.627 0.03 367 2319 100.0 28.61 17.1377
159 58 25.0057 0.62 60.0 462.54 536.32 1253.26 1039.64 7.05 9.0 174.29 1915.23 7996.97 0.93 36.44 163.84 2028.11 7864.99 10.8901 0.02 304 1915 84.93 14.42 8.4891
159 59 35.001 0.84 100.0 449.44 555.2 1350.42 1117.51 5.48 7.97 192.87 2222.77 8331.66 1.02 41.37 181.78 2387.81 8055.64 9.3166 0.02 332 2223 100.0 14.6 8.8925
159 60 41.9986 0.8409 100.0 445.0 549.06 1341.25 1107.2 3.91 5.69 137.99 2211.92 8303.58 1.02 41.59 128.89 2388.02 8076.18 9.3971 0.02 329 2212 100.0 10.67 6.329
159 61 20.0061 0.7008 100.0 491.19 607.6 1470.58 1241.25 9.35 13.61 332.72 2323.7 8704.48 1.07 43.9 313.04 2387.79 8054.56 9.2092 0.02 363 2324 100.0 24.4 14.6438
159 62 0.0006 0.0 100.0 518.67 642.0 1584.14 1390.4 14.62 21.57 551.08 2387.44 9035.04 1.3 47.26 518.99 2387.45 8122.69 8.4018 0.03 390 2388 100.0 38.73 23.3279
159 63 24.9991 0.62 60.0 462.54 535.81 1259.43 1045.42 7.05 9.0 174.29 1915.21 8004.09 0.94 36.1 163.53 2028.08 7866.38 10.8536 0.02 305 1915 84.93 14.26 8.4831
159 64 42.0025 0.8416 100.0 445.0 549.27 1336.07 1109.29 3.91 5.69 137.26 2211.88 8315.31 1.01 41.6 129.36 2388.02 8067.53 9.3709 0.02 329 2212 100.0 10.47 6.328
159 65 20.0011 0.7 100.0 491.19 606.83 1474.54 1241.31 9.35 13.6 332.57 2323.61 8705.94 1.07 43.95 312.57 2387.76 8046.66 9.1709 0.02 363 2324 100.0 24.58 14.5339
159 66 0.0016 0.0015 100.0 518.67 642.45 1578.31 1403.33 14.62 21.57 550.57 2387.67 9035.47 1.3 47.22 518.56 2387.72 8124.52 8.4017 0.03 390 2388 100.0 38.81 23.2977
159 67 42.0011 0.84 100.0 445.0 548.65 1342.51 1107.78 3.91 5.69 137.57 2211.86 8301.2 1.01 41.62 130.03 2387.97 8072.46 9.3868 0.02 329 2212 100.0 10.65 6.282
159 68 9.9982 0.25 100.0 489.05 603.72 1494.25 1299.12 10.52 15.46 392.58 2318.62 8765.29 1.26 44.94 370.01 2387.83 8118.61 8.6016 0.03 367 2319 100.0 28.36 17.1807
159 69 25.0021 0.62 60.0 462.54 536.23 1255.27 1035.42 7.05 9.0 173.98 1915.19 7997.7 0.93 36.29 163.6 2028.11 7867.31 10.8554 0.02 307 1915 84.93 14.31 8.618
159 70 24.9982 0.6202 60.0 462.54 535.76 1255.72 1035.82 7.05 9.0 174.91 1915.21 8001.46 0.94 36.26 163.61 2028.09 7859.33 10.8795 0.02 304 1915 84.93 14.28 8.5447
159 71 25.0009 0.6202 60.0 462.54 536.4 1256.63 1036.59 7.05 9.0 175.33 1915.18 7999.73 0.94 36.36 163.49 2028.15 7864.73 10.8801 0.02 307 1915 84.93 14.22 8.5532
159 72 0.0017 0.0 100.0 518.67 641.97 1585.12 1404.04 14.62 21.57 550.62 2387.47 9037.81 1.3 47.32 518.63 2387.44 8117.92 8.4221 0.03 391 2388 100.0 38.72 23.3086
159 73 19.9991 0.701 100.0 491.19 606.34 1476.37 1230.16 9.35 13.6 332.21 2323.63 8704.49 1.07 43.76 313.09 2387.77 8049.39 9.2307 0.02 362 2324 100.0 24.36 14.6445
159 74 42.0043 0.8405 100.0 445.0 548.66 1344.11 1111.44 3.91 5.69 137.03 2211.84 8304.05 1.01 41.49 129.49 2387.94 8072.23 9.3814 0.02 329 2212 100.0 10.46 6.3171
159 75 10.0077 0.25 100.0 489.05 604.05 1488.75 1297.39 10.52 15.46 392.23 2318.63 8761.9 1.26 44.9 370.09 2387.83 8124.98 8.6186 0.03 367 2319 100.0 28.67 17.1502
159 76 20.0033 0.7005 100.0 491.19 606.79 1478.29 1231.05 9.35 13.6 332.49 2323.61 8711.85 1.07 43.91 312.53 2387.72 8050.64 9.2202 0.02 361 2324 100.0 24.52 14.6932
159 77 19.9988 0.7 100.0 491.19 607.0 1477.56 1238.15 9.35 13.6 332.28 2323.66 8717.9 1.07 43.93 312.36 2387.75 8048.41 9.2207 0.02 363 2324 100.0 24.5 14.6827
159 78 42.0005 0.84 100.0 445.0 548.97 1344.78 1110.9 3.91 5.69 137.19 2211.91 8310.01 1.01 41.7 129.34 2388.0 8067.19 9.4025 0.02 326 2212 100.0 10.68 6.3321
159 79 10.005 0.25 100.0 489.05 603.79 1496.7 1296.93 10.52 15.46 392.98 2318.65 8768.95 1.25 44.93 369.65 2387.86 8126.71 8.6222 0.03 366 2319 100.0 28.65 17.1779
159 80 42.0001 0.84 100.0 445.0 548.87 1348.66 1117.09 3.91 5.69 137.52 2211.91 8298.72 1.01 41.36 129.25 2387.97 8070.3 9.3948 0.02 328 2212 100.0 10.52 6.3099
159 81 41.9995 0.84 100.0 445.0 548.62 1349.19 1114.37 3.91 5.69 137.6 2211.96 8309.21 1.01 41.45 129.65 2388.0 8070.57 9.3866 0.02 329 2212 100.0 10.55 6.2926
159 82 19.9985 0.7012 100.0 491.19 606.13 1475.21 1237.59 9.35 13.6 331.44 2323.61 8710.29 1.07 43.83 311.95 2387.76 8046.74 9.1981 0.02 362 2324 100.0 24.36 14.706
159 83 42.0043 0.8401 100.0 445.0 549.23 1349.9 1114.15 3.91 5.69 137.39 2211.89 8307.51 1.01 41.6 129.88 2387.98 8072.05 9.3797 0.02 327 2212 100.0 10.49 6.2581
159 84 0.0029 0.002 100.0 518.67 642.02 1583.66 1397.28 14.62 21.57 550.69 2387.5 9027.25 1.3 47.23 519.17 2387.49 8119.87 8.4374 0.03 391 2388 100.0 38.72 23.3761
159 85 10.007 0.25 100.0 489.05 604.11 1483.51 1293.7 10.52 15.46 392.36 2318.65 8765.42 1.25 44.94 369.77 2387.85 8124.0 8.6331 0.03 366 2319 100.0 28.65 17.175
159 86 25.0035 0.6212 60.0 462.54 536.37 1258.55 1036.36 7.05 9.0 174.79 1915.18 7999.43 0.93 36.33 163.57 2028.07 7864.39 10.8591 0.02 305 1915 84.93 14.18 8.5395
159 87 25.0056 0.6211 60.0 462.54 535.95 1255.43 1034.71 7.05 9.0 174.32 1915.16 7998.84 0.94 36.37 163.85 2028.07 7861.69 10.8888 0.02 305 1915 84.93 14.27 8.5748
159 88 0.0002 0.0 100.0 518.67 642.22 1570.74 1392.08 14.62 21.57 550.73 2387.78 9035.69 1.3 46.92 519.21 2387.82 8121.71 8.4436 0.03 389 2388 100.0 39.01 23.3413
159 89 42.0013 0.84 100.0 445.0 549.11 1343.62 1114.56 3.91 5.69 137.27 2211.89 8304.44 1.01 41.46 128.9 2387.98 8074.04 9.3748 0.02 328 2212 100.0 10.67 6.3408
159 90 42.0034 0.8414 100.0 445.0 549.36 1344.27 1116.39 3.91 5.69 137.86 2211.88 8308.49 1.01 41.71 128.45 2388.0 8072.41 9.3838 0.02 329 2212 100.0 10.6 6.3216
159 91 25.0037 0.62 60.0 462.54 536.13 1256.8 1037.37 7.05 9.0 174.56 1915.23 7996.37 0.94 36.34 164.2 2028.23 7864.93 10.8428 0.02 305 1915 84.93 14.32 8.4909
159 92 34.999 0.8401 100.0 449.44 555.07 1353.73 1121.23 5.48 7.97 193.41 2222.74 8340.75 1.02 41.38 182.11 2387.82 8058.49 9.3318 0.02 331 2223 100.0 14.96 8.8755
159 93 10.0041 0.25 100.0 489.05 604.17 1493.0 1305.49 10.52 15.46 392.3 2318.68 8765.97 1.26 45.07 370.14 2387.83 8116.8 8.5959 0.03 367 2319 100.0 28.57 17.1332
159 94 9.9989 0.25 100.0 489.05 604.19 1494.83 1287.26 10.52 15.45 393.03 2318.64 8766.07 1.26 44.93 370.51 2387.87 8126.5 8.589 0.03 369 2319 100.0 28.71 17.1401
159 95 20.0066 0.7 100.0 491.19 607.31 1477.28 1228.94 9.35 13.6 331.65 2323.67 8713.62 1.07 43.8 312.82 2387.78 8053.96 9.2249 0.02 362 2324 100.0 24.51 14.728
159 96 42.0011 0.84 100.0 445.0 548.19 1343.23 1105.05 3.91 5.69 137.62 2211.86 8304.66 1.01 41.6 129.61 2387.94 8066.95 9.3662 0.02 328 2212 100.0 10.63 6.3772
159 97 25.0072 0.6203 60.0 462.54 535.99 1259.19 1030.64 7.05 9.0 174.05 1915.17 7994.57 0.93 36.3 163.43 2028.08 7867.54 10.8744 0.02 304 1915 84.93 14.3 8.4954
159 98 42.0035 0.84 100.0 445.0 548.86 1338.97 1107.7 3.91 5.69 137.91 2211.86 8306.15 1.01 41.54 129.82 2387.93 8071.79 9.3788 0.02 328 2212 100.0 10.39 6.2939
159 99 9.9991 0.2509 100.0 489.05 603.94 1495.87 1293.32 10.52 15.45 392.59 2318.68 8759.54 1.25 44.74 369.86 2387.84 8122.42 8.6253 0.03 367 2319 100.0 28.82 17.2052
159 100 0.0009 0.0 100.0 518.67 641.73 1576.5 1401.22 14.62 21.57 551.05 2387.4 9036.35 1.3 47.46 518.78 2387.45 8116.6 8.4378 0.03 390 2388 100.0 38.63 23.246
159 101 20.0062 0.7 100.0 491.19 606.6 1482.95 1235.17 9.35 13.6 332.57 2323.63 8705.82 1.07 44.04 312.56 2387.8 8047.53 9.2067 0.02 363 2324 100.0 24.52 14.7118
159 102 20.0071 0.7012 100.0 491.19 607.34 1470.7 1238.12 9.35 13.6 332.53 2323.67 8712.0 1.07 43.89 312.96 2387.79 8048.08 9.1902 0.02 361 2324 100.0 24.22 14.6261
159 103 19.9981 0.7014 100.0 491.19 606.9 1481.48 1233.94 9.35 13.6 331.75 2323.65 8710.55 1.07 43.95 312.79 2387.83 8056.0 9.2064 0.02 363 2324 100.0 24.44 14.6866
159 104 35.0073 0.8402 100.0 449.44 554.79 1354.81 1112.26 5.48 7.97 193.09 2222.8 8334.58 1.02 41.39 181.94 2387.89 8056.7 9.3012 0.02 331 2223 100.0 14.89 8.895
159 105 20.0007 0.7 100.0 491.19 606.59 1467.71 1240.64 9.35 13.59 332.07 2323.67 8708.66 1.07 43.71 312.55 2387.77 8052.46 9.2226 0.02 363 2324 100.0 24.4 14.6421
159 106 24.9996 0.622 60.0 462.54 536.87 1258.56 1040.58 7.05 9.0 173.98 1915.22 7993.77 0.94 36.33 163.19 2028.11 7867.09 10.8692 0.02 306 1915 84.93 14.12 8.6257
159 107 42.0023 0.84 100.0 445.0 548.66 1339.62 1107.5 3.91 5.69 137.9 2211.92 8302.31 1.01 41.55 129.46 2388.02 8074.29 9.3783 0.02 328 2212 100.0 10.51 6.2542
159 108 25.0037 0.6213 60.0 462.54 536.54 1250.37 1041.04 7.05 9.0 174.76 1915.23 7999.17 0.93 36.17 163.99 2028.08 7864.89 10.8837 0.02 306 1915 84.93 14.46 8.5734
159 109 42.0072 0.84 100.0 445.0 549.09 1339.34 1114.59 3.91 5.69 137.5 2211.89 8306.57 1.01 41.62 129.5 2387.98 8065.55 9.3446 0.02 327 2212 100.0 10.69 6.3949
159 110 0.0021 0.0006 100.0 518.67 642.34 1573.36 1392.21 14.62 21.57 550.92 2387.58 9031.87 1.3 47.41 518.23 2387.5 8120.52 8.4285 0.03 389 2388 100.0 38.75 23.233
159 111 35.0035 0.8413 100.0 449.44 555.32 1353.91 1122.56 5.48 7.97 193.19 2222.77 8337.59 1.02 41.33 181.61 2387.83 8054.88 9.3207 0.02 332 2223 100.0 14.71 8.8582
159 112 10.0016 0.25 100.0 489.05 604.34 1492.18 1301.46 10.52 15.46 392.49 2318.68 8759.75 1.26 44.85 369.67 2387.86 8117.2 8.624 0.03 367 2319 100.0 28.61 17.1969
159 113 19.9993 0.7 100.0 491.19 606.89 1470.11 1239.73 9.35 13.6 332.46 2323.69 8706.64 1.07 43.9 313.31 2387.71 8055.45 9.2009 0.02 364 2324 100.0 24.32 14.6861
159 114 35.0022 0.84 100.0 449.44 555.22 1359.79 1115.35 5.48 7.96 193.18 2222.79 8339.09 1.02 41.47 181.6 2387.86 8052.99 9.3228 0.02 330 2223 100.0 14.89 8.8448
159 115 20.002 0.7005 100.0 491.19 606.84 1478.08 1237.82 9.35 13.59 331.86 2323.62 8703.0 1.07 43.85 312.38 2387.75 8045.39 9.2069 0.02 360 2324 100.0 24.4 14.6433
159 116 42.0001 0.8411 100.0 445.0 549.33 1346.18 1110.63 3.91 5.69 137.81 2211.91 8300.47 1.01 41.57 129.2 2387.96 8067.84 9.3895 0.02 329 2212 100.0 10.69 6.3658
159 117 20.0043 0.7 100.0 491.19 606.81 1472.87 1234.89 9.35 13.59 332.36 2323.65 8708.84 1.07 43.87 313.17 2387.78 8053.4 9.2071 0.02 363 2324 100.0 24.39 14.7218
159 118 0.0013 0.0 100.0 518.67 641.59 1579.78 1398.35 14.62 21.57 550.89 2387.58 9035.23 1.3 47.42 518.68 2387.53 8115.5 8.4768 0.03 390 2388 100.0 38.83 23.2896
159 119 42.0052 0.84 100.0 445.0 548.52 1338.83 1110.65 3.91 5.69 137.4 2211.97 8312.17 1.02 41.42 128.95 2388.02 8071.31 9.3793 0.02 330 2212 100.0 10.73 6.3954
159 120 35.0052 0.84 100.0 449.44 555.03 1347.56 1104.71 5.48 7.97 192.75 2222.8 8333.7 1.02 41.53 181.59 2387.87 8055.37 9.3353 0.02 331 2223 100.0 14.78 8.8969
159 121 0.0006 0.0019 100.0 518.67 642.25 1584.14 1397.22 14.62 21.57 550.29 2387.3 9031.28 1.3 47.21 519.19 2387.32 8122.54 8.4511 0.03 389 2388 100.0 38.86 23.2719
159 122 24.9995 0.62 60.0 462.54 536.3 1258.68 1033.54 7.05 9.0 174.43 1915.27 8000.83 0.93 36.3 163.88 2028.07 7862.48 10.8912 0.02 305 1915 84.93 14.33 8.5753
159 123 42.0009 0.8409 100.0 445.0 549.18 1354.34 1106.08 3.91 5.69 136.97 2211.91 8301.08 1.01 41.6 129.63 2388.01 8071.72 9.388 0.02 330 2212 100.0 10.7 6.4311
159 124 42.0006 0.84 100.0 445.0 549.11 1342.44 1106.4 3.91 5.69 137.34 2211.87 8305.0 1.01 41.52 129.06 2387.95 8069.62 9.4006 0.02 327 2212 100.0 10.89 6.3515
159 125 0.0004 0.0016 100.0 518.67 642.47 1578.52 1396.25 14.62 21.57 550.91 2387.26 9040.68 1.3 47.15 518.69 2387.25 8121.45 8.4309 0.03 390 2388 100.0 38.55 23.2261
159 126 25.0012 0.6203 60.0 462.54 536.6 1253.5 1034.96 7.05 9.0 174.55 1915.31 8002.25 0.93 36.32 163.99 2028.11 7870.02 10.8778 0.02 304 1915 84.93 14.44 8.5027
159 127 0.0027 0.0018 100.0 518.67 642.26 1587.58 1395.66 14.62 21.57 550.81 2387.7 9031.15 1.3 47.23 518.29 2387.7 8120.39 8.4393 0.03 391 2388 100.0 38.78 23.2239
159 128 20.008 0.7015 100.0 491.19 607.01 1478.18 1235.82 9.35 13.59 331.86 2323.69 8701.31 1.07 44.0 312.85 2387.8 8056.67 9.2187 0.02 364 2324 100.0 24.38 14.6173
159 129 25.0007 0.6201 60.0 462.54 536.39 1255.05 1025.75 7.05 9.0 174.28 1915.24 8004.66 0.94 36.26 163.61 2028.14 7864.65 10.9109 0.02 306 1915 84.93 14.22 8.4795
159 130 41.9999 0.8419 100.0 445.0 549.36 1337.95 1113.11 3.91 5.69 137.62 2211.88 8301.57 1.01 41.53 129.35 2388.0 8073.74 9.3718 0.02 329 2212 100.0 10.7 6.3717
159 131 10.0036 0.25 100.0 489.05 603.81 1486.53 1292.4 10.52 15.45 392.98 2318.61 8770.08 1.25 44.92 369.92 2387.86 8126.08 8.6392 0.03 367 2319 100.0 28.6 17.1288
159 132 9.9999 0.25 100.0 489.05 603.74 1492.46 1299.43 10.52 15.45 393.19 2318.67 8764.32 1.25 45.08 370.09 2387.87 8125.91 8.6507 0.03 367 2319 100.0 28.48 17.1113
159 133 25.0 0.6213 60.0 462.54 536.36 1252.83 1036.77 7.05 9.0 174.63 1915.28 7999.76 0.94 36.43 163.5 2028.18 7867.33 10.8577 0.02 308 1915 84.93 14.35 8.4429
159 134 0.0002 0.0014 100.0 518.67 641.74 1582.12 1393.91 14.62 21.57 552.18 2387.91 9041.75 1.3 47.15 520.09 2387.94 8130.44 8.4096 0.03 391 2388 100.0 38.67 23.452
159 135 20.0 0.7009 100.0 491.19 606.9 1467.65 1235.53 9.35 13.6 331.88 2323.64 8708.66 1.07 43.99 312.94 2387.79 8049.27 9.1999 0.02 362 2324 100.0 24.45 14.8091
159 136 25.0014 0.6212 60.0 462.54 536.78 1252.5 1038.01 7.05 9.0 173.74 1915.3 8003.3 0.93 36.22 164.1 2028.14 7863.43 10.848 0.02 307 1915 84.93 14.28 8.5231
159 137 25.0031 0.62 60.0 462.54 536.32 1255.25 1047.31 7.05 9.0 174.46 1915.26 8003.78 0.94 36.29 163.24 2028.11 7866.8 10.8507 0.02 305 1915 84.93 14.33 8.6033
159 138 25.0076 0.62 60.0 462.54 536.36 1255.04 1041.02 7.05 9.0 174.75 1915.25 8001.41 0.94 36.46 163.72 2028.16 7868.03 10.8885 0.02 307 1915 84.93 14.21 8.5417
159 139 35.0053 0.8417 100.0 449.44 555.44 1348.73 1111.72 5.48 7.96 193.7 2222.72 8343.69 1.02 41.36 181.4 2387.86 8061.16 9.2943 0.02 332 2223 100.0 14.74 8.8611
159 140 10.0073 0.25 100.0 489.05 604.37 1497.28 1300.83 10.52 15.45 392.72 2318.68 8765.88 1.26 44.85 370.34 2387.84 8122.17 8.6238 0.03 367 2319 100.0 28.62 17.2426
159 141 25.0027 0.6214 60.0 462.54 536.69 1259.5 1035.89 7.05 9.0 174.56 1915.25 7996.05 0.94 36.26 164.55 2028.23 7869.8 10.8443 0.02 306 1915 84.93 14.23 8.5906
159 142 35.0022 0.84 100.0 449.44 554.67 1353.24 1112.67 5.48 7.97 193.26 2222.84 8338.34 1.02 41.6 181.71 2387.87 8061.19 9.3097 0.02 332 2223 100.0 14.92 8.9019
159 143 25.0063 0.62 60.0 462.54 536.12 1247.7 1039.28 7.05 9.0 173.96 1915.29 7997.86 0.93 36.29 163.57 2028.12 7862.39 10.8654 0.02 305 1915 84.93 14.26 8.4941
159 144 42.0008 0.84 100.0 445.0 549.26 1350.61 1108.22 3.91 5.69 137.72 2211.89 8311.33 1.01 41.55 129.6 2387.96 8074.58 9.3883 0.02 330 2212 100.0 10.6 6.2984
159 145 41.9991 0.84 100.0 445.0 548.82 1347.64 1112.29 3.91 5.69 137.37 2211.98 8310.2 1.01 41.62 129.59 2387.98 8072.93 9.3651 0.02 328 2212 100.0 10.66 6.3673
159 146 10.0054 0.2502 100.0 489.05 603.93 1496.35 1299.26 10.52 15.46 393.51 2318.74 8768.04 1.26 44.85 370.95 2387.86 8125.41 8.6355 0.03 368 2319 100.0 28.68 17.1425
159 147 42.0029 0.8409 100.0 445.0 549.4 1342.13 1102.87 3.91 5.69 137.4 2211.93 8308.44 1.01 41.57 129.52 2387.94 8071.91 9.3758 0.02 327 2212 100.0 10.71 6.397
159 148 25.001 0.62 60.0 462.54 535.62 1250.38 1043.4 7.05 8.99 174.27 1915.26 7994.45 0.94 36.33 163.78 2028.13 7862.57 10.874 0.02 304 1915 84.93 14.14 8.5329
159 149 20.0073 0.7 100.0 491.19 606.47 1478.1 1237.67 9.35 13.59 332.97 2323.64 8706.8 1.07 43.96 313.19 2387.8 8060.67 9.175 0.02 362 2324 100.0 24.55 14.7887
159 150 20.0028 0.7 100.0 491.19 606.45 1473.96 1237.61 9.35 13.59 331.94 2323.7 8704.91 1.07 43.8 312.6 2387.77 8053.63 9.2171 0.02 362 2324 100.0 24.39 14.625
159 151 0.0016 0.0 100.0 518.67 642.11 1581.08 1399.13 14.62 21.57 552.94 2387.92 9047.66 1.3 47.03 520.85 2387.9 8129.46 8.4076 0.03 391 2388 100.0 38.88 23.3877
159 152 42.0006 0.84 100.0 445.0 548.33 1344.28 1114.39 3.91 5.69 137.77 2211.92 8313.37 1.02 41.67 129.56 2388.03 8076.94 9.3229 0.02 331 2212 100.0 10.65 6.2791
159 153 42.0002 0.842 100.0 445.0 549.07 1350.93 1111.89 3.91 5.69 137.55 2211.92 8312.42 1.02 41.61 129.46 2388.07 8076.9 9.3294 0.02 329 2212 100.0 10.49 6.4009
159 154 25.0018 0.62 60.0 462.54 536.75 1246.52 1033.88 7.05 8.99 174.35 1915.31 8006.14 0.93 36.38 164.06 2028.12 7866.44 10.8676 0.02 305 1915 84.93 14.17 8.4893
159 155 42.0055 0.8404 100.0 445.0 549.32 1336.88 1107.59 3.91 5.69 137.64 2211.96 8312.4 1.01 41.64 130.02 2388.0 8070.83 9.3237 0.02 328 2212 100.0 10.36 6.3231
159 156 42.0002 0.841 100.0 445.0 549.1 1337.98 1112.49 3.91 5.69 137.63 2211.95 8306.09 1.02 41.56 130.16 2388.03 8077.23 9.352 0.02 330 2212 100.0 10.57 6.4024
159 157 42.0032 0.84 100.0 445.0 549.07 1354.73 1111.08 3.91 5.69 137.96 2211.94 8307.63 1.02 41.66 129.85 2388.04 8071.86 9.3381 0.02 329 2212 100.0 10.51 6.4152
159 158 42.0065 0.84 100.0 445.0 548.69 1348.41 1110.96 3.91 5.69 136.62 2211.93 8310.17 1.01 41.55 129.36 2388.02 8075.12 9.3576 0.02 328 2212 100.0 10.51 6.2447
159 159 25.0061 0.62 60.0 462.54 536.9 1251.04 1030.76 7.05 9.0 174.52 1915.24 8005.28 0.94 36.5 164.11 2028.17 7867.98 10.8991 0.02 305 1915 84.93 14.19 8.6278
159 160 20.0013 0.7 100.0 491.19 606.63 1474.99 1242.36 9.35 13.59 333.05 2323.66 8716.16 1.07 43.86 312.46 2387.81 8052.31 9.2307 0.02 363 2324 100.0 24.34 14.7444
159 161 0.0014 0.0002 100.0 518.67 641.21 1586.39 1385.88 14.62 21.57 553.04 2387.9 9047.81 1.3 46.96 520.98 2387.9 8134.59 8.3871 0.03 392 2388 100.0 39.02 23.448
159 162 25.004 0.62 60.0 462.54 536.35 1252.07 1034.48 7.05 8.99 175.11 1915.25 8003.93 0.94 36.39 163.77 2028.15 7867.91 10.8432 0.02 306 1915 84.93 14.3 8.5406
159 163 25.0002 0.62 60.0 462.54 536.23 1257.1 1036.06 7.05 9.0 174.4 1915.23 7992.8 0.94 36.31 163.48 2028.12 7867.55 10.858 0.02 305 1915 84.93 14.11 8.6286
159 164 20.0025 0.7 100.0 491.19 606.48 1472.82 1245.87 9.35 13.59 332.68 2323.73 8708.09 1.07 43.98 313.26 2387.86 8055.78 9.2147 0.02 362 2324 100.0 24.41 14.6815
159 165 24.9997 0.62 60.0 462.54 536.2 1264.98 1034.27 7.05 9.0 174.07 1915.25 8001.57 0.93 36.44 163.6 2028.17 7863.89 10.8456 0.02 306 1915 84.93 14.35 8.5326
159 166 35.0037 0.84 100.0 449.44 554.82 1359.14 1115.36 5.48 7.96 193.02 2222.8 8333.09 1.02 41.5 182.13 2387.92 8055.51 9.2684 0.02 331 2223 100.0 14.94 8.8727
159 167 10.0027 0.25 100.0 489.05 604.49 1495.48 1297.04 10.52 15.45 393.69 2318.71 8757.98 1.26 45.12 370.79 2387.86 8128.55 8.6098 0.03 368 2319 100.0 28.6 17.2602
159 168 42.0054 0.84 100.0 445.0 549.65 1343.9 1114.02 3.91 5.69 137.6 2212.0 8310.53 1.02 41.64 130.26 2387.98 8080.04 9.3786 0.02 329 2212 100.0 10.62 6.3955
159 169 42.0046 0.84 100.0 445.0 548.6 1342.6 1119.62 3.91 5.69 138.38 2211.97 8306.35 1.02 41.72 130.09 2388.01 8074.16 9.3467 0.02 328 2212 100.0 10.73 6.4025
159 170 25.0011 0.6202 60.0 462.54 536.53 1250.44 1041.1 7.05 9.0 174.67 1915.29 7996.69 0.94 36.48 164.14 2028.21 7867.7 10.8107 0.02 305 1915 84.93 14.31 8.512
159 171 25.0038 0.6201 60.0 462.54 535.95 1258.53 1035.76 7.05 8.99 174.35 1915.23 7994.45 0.94 36.35 164.12 2028.2 7866.78 10.8388 0.02 304 1915 84.93 14.27 8.6002
159 172 35.0071 0.8409 100.0 449.44 555.38 1348.61 1120.49 5.48 7.96 193.61 2222.82 8339.25 1.02 41.42 182.05 2387.92 8065.66 9.3014 0.02 332 2223 100.0 14.77 8.994
159 173 0.001 0.0009 100.0 518.67 641.81 1580.02 1394.68 14.62 21.57 553.22 2387.96 9048.06 1.3 47.17 521.04 2387.94 8135.72 8.3975 0.03 392 2388 100.0 38.92 23.3414
159 174 41.9997 0.84 100.0 445.0 548.71 1340.5 1116.6 3.91 5.69 137.42 2211.95 8304.28 1.02 41.46 128.8 2388.04 8074.62 9.3392 0.02 327 2212 100.0 10.26 6.3324
159 175 9.9989 0.25 100.0 489.05 604.67 1498.68 1302.02 10.52 15.45 393.73 2318.66 8763.48 1.26 45.07 370.64 2387.88 8123.46 8.6291 0.03 368 2319 100.0 28.84 17.1751
159 176 9.9993 0.2504 100.0 489.05 604.02 1491.61 1295.73 10.52 15.45 393.72 2318.7 8767.89 1.26 45.06 370.41 2387.96 8123.05 8.6282 0.03 367 2319 100.0 28.69 17.2353
159 177 35.0039 0.8404 100.0 449.44 555.18 1352.9 1113.03 5.48 7.96 192.63 2222.81 8333.08 1.02 41.47 182.1 2387.81 8056.31 9.3295 0.02 331 2223 100.0 14.9 8.992
159 178 0.0008 0.0 100.0 518.67 642.16 1586.28 1398.26 14.62 21.56 553.38 2387.93 9048.7 1.3 47.25 521.89 2387.97 8133.47 8.374 0.03 391 2388 100.0 39.22 23.2976
159 179 0.0029 0.001 100.0 518.67 641.56 1579.48 1395.75 14.62 21.57 553.48 2387.96 9050.04 1.3 47.2 521.4 2387.98 8141.55 8.3845 0.03 391 2388 100.0 39.17 23.3899
159 180 20.0025 0.7 100.0 491.19 607.11 1473.62 1238.47 9.35 13.59 333.2 2323.75 8711.56 1.07 43.89 313.37 2387.88 8052.54 9.2008 0.02 364 2324 100.0 24.4 14.7551
159 181 35.0077 0.8416 100.0 449.44 555.33 1352.86 1116.31 5.48 7.96 193.58 2222.83 8335.23 1.02 41.58 182.27 2387.96 8062.25 9.3261 0.02 331 2223 100.0 14.87 8.9548
159 182 34.9991 0.8419 100.0 449.44 555.52 1361.16 1112.78 5.48 7.96 193.21 2222.84 8339.82 1.02 41.54 181.39 2387.91 8057.66 9.2964 0.02 333 2223 100.0 14.7 8.9986
159 183 25.0071 0.62 60.0 462.54 536.51 1256.74 1036.81 7.05 8.99 174.75 1915.31 7999.86 0.93 36.46 163.66 2028.16 7865.26 10.8263 0.02 306 1915 84.93 14.2 8.5496
159 184 41.9995 0.8404 100.0 445.0 549.1 1341.96 1108.01 3.91 5.69 137.68 2211.98 8308.17 1.02 41.74 129.83 2388.08 8079.32 9.3337 0.02 327 2212 100.0 10.59 6.3066
159 185 10.0038 0.25 100.0 489.05 603.73 1498.25 1305.23 10.52 15.45 393.3 2318.67 8773.09 1.26 45.13 371.13 2387.87 8122.96 8.651 0.03 368 2319 100.0 28.64 17.2079
159 186 42.0037 0.84 100.0 445.0 549.54 1353.21 1114.2 3.91 5.69 138.07 2211.99 8307.75 1.02 41.62 129.9 2388.09 8082.52 9.3253 0.02 329 2212 100.0 10.39 6.3706
159 187 0.0002 0.0 100.0 518.67 641.82 1574.69 1390.34 14.62 21.56 553.44 2387.94 9046.86 1.3 47.11 520.95 2387.92 8138.33 8.3909 0.03 390 2388 100.0 38.88 23.482
159 188 0.0012 0.0006 100.0 518.67 641.88 1587.98 1397.5 14.62 21.57 553.87 2388.01 9052.59 1.3 47.13 521.87 2388.0 8134.24 8.3503 0.03 392 2388 100.0 38.89 23.4752
159 189 35.0024 0.84 100.0 449.44 555.25 1364.72 1121.39 5.48 7.96 193.55 2222.88 8338.89 1.02 41.58 182.22 2387.94 8063.47 9.2756 0.02 332 2223 100.0 14.9 8.8798
159 190 0.0028 0.0 100.0 518.67 641.71 1584.62 1387.14 14.62 21.56 554.01 2387.95 9048.99 1.3 47.05 521.83 2388.0 8133.55 8.383 0.03 391 2388 100.0 38.96 23.4462
159 191 42.0079 0.84 100.0 445.0 549.0 1350.06 1114.9 3.91 5.69 137.97 2211.98 8315.45 1.02 41.57 129.69 2388.05 8081.04 9.3366 0.02 330 2212 100.0 10.45 6.3377
159 192 35.004 0.842 100.0 449.44 554.44 1347.67 1113.02 5.48 7.96 193.23 2222.8 8343.41 1.02 41.49 182.21 2387.93 8064.23 9.2971 0.02 333 2223 100.0 14.87 8.9418
159 193 10.0017 0.25 100.0 489.05 604.68 1497.6 1301.03 10.52 15.45 394.05 2318.73 8773.28 1.26 45.08 371.21 2387.91 8126.12 8.6293 0.03 369 2319 100.0 28.73 17.1741
159 194 42.0067 0.84 100.0 445.0 549.84 1341.17 1113.1 3.91 5.69 137.35 2212.03 8309.92 1.02 41.67 129.95 2388.01 8080.58 9.3387 0.02 329 2212 100.0 10.48 6.3767
159 195 42.0029 0.84 100.0 445.0 549.04 1348.34 1119.32 3.91 5.69 137.37 2211.97 8319.34 1.02 41.81 130.18 2388.08 8080.18 9.3536 0.02 329 2212 100.0 10.57 6.2115
159 196 35.0054 0.84 100.0 449.44 555.35 1355.37 1113.44 5.48 7.96 194.15 2222.82 8350.46 1.02 41.53 182.54 2387.95 8067.59 9.2776 0.02 333 2223 100.0 14.74 8.9296
159 197 35.0059 0.84 100.0 449.44 554.74 1357.36 1119.94 5.48 7.96 193.65 2222.89 8337.88 1.02 41.56 182.23 2388.0 8063.3 9.3027 0.02 330 2223 100.0 14.73 8.8137
159 198 20.0006 0.7 100.0 491.19 606.88 1478.31 1241.69 9.35 13.58 333.03 2323.76 8713.33 1.07 44.07 314.14 2387.87 8061.94 9.1961 0.02 363 2324 100.0 24.35 14.7451
159 199 42.0069 0.84 100.0 445.0 548.97 1344.22 1115.44 3.91 5.69 138.02 2212.02 8317.66 1.02 41.65 130.34 2388.06 8086.0 9.3136 0.02 330 2212 100.0 10.4 6.4357
159 200 42.0054 0.84 100.0 445.0 549.17 1342.05 1116.03 3.91 5.69 137.93 2212.0 8310.25 1.02 41.68 130.53 2388.07 8084.29 9.3189 0.02 331 2212 100.0 10.64 6.3189
159 201 42.0064 0.8419 100.0 445.0 549.01 1349.66 1118.0 3.91 5.69 137.77 2211.95 8315.91 1.02 41.69 130.47 2388.09 8081.66 9.3206 0.02 329 2212 100.0 10.73 6.358
159 202 41.9992 0.8404 100.0 445.0 549.28 1345.29 1118.77 3.91 5.69 138.13 2212.06 8314.1 1.02 41.76 130.6 2388.08 8084.53 9.3795 0.02 328 2212 100.0 10.59 6.3591
159 203 10.0034 0.2502 100.0 489.05 604.18 1495.05 1309.26 10.52 15.45 393.87 2318.72 8768.53 1.26 45.08 371.51 2387.98 8134.0 8.6105 0.03 368 2319 100.0 28.5 17.0891
159 204 10.0013 0.2509 100.0 489.05 604.32 1499.32 1295.9 10.52 15.45 394.65 2318.77 8776.74 1.26 44.97 371.44 2388.0 8127.6 8.5984 0.03 367 2319 100.0 28.66 17.0944
159 205 34.9996 0.84 100.0 449.44 555.71 1366.33 1115.74 5.48 7.96 194.59 2222.93 8337.88 1.02 41.54 183.0 2388.03 8064.0 9.2518 0.02 332 2223 100.0 14.83 8.8594
159 206 24.9993 0.62 60.0 462.54 536.29 1263.56 1039.29 7.05 9.0 174.95 1915.39 8009.94 0.94 36.46 164.28 2028.25 7871.73 10.8283 0.02 307 1915 84.93 14.36 8.5399
159 207 25.0075 0.6218 60.0 462.54 536.17 1256.84 1048.44 7.05 8.99 174.93 1915.36 8014.5 0.94 36.47 164.17 2028.24 7872.69 10.8102 0.02 307 1915 84.93 14.38 8.517
159 208 25.0049 0.6209 60.0 462.54 535.85 1255.52 1041.84 7.05 8.99 175.04 1915.36 8006.42 0.94 36.48 164.15 2028.33 7871.93 10.8083 0.02 306 1915 84.93 14.33 8.6069
159 209 42.0029 0.84 100.0 445.0 549.41 1340.23 1115.9 3.91 5.69 138.81 2212.02 8315.01 1.02 41.92 130.11 2388.1 8078.72 9.3437 0.02 330 2212 100.0 10.67 6.3965
159 210 10.0026 0.25 100.0 489.05 604.6 1501.12 1292.81 10.52 15.45 394.36 2318.81 8770.69 1.26 45.13 372.61 2387.95 8134.27 8.5795 0.03 366 2319 100.0 28.44 17.1965
159 211 10.0027 0.25 100.0 489.05 604.0 1501.15 1297.74 10.52 15.45 394.22 2318.78 8774.08 1.26 45.07 371.89 2387.97 8134.41 8.581 0.03 368 2319 100.0 28.72 17.0726
159 212 35.0062 0.8403 100.0 449.44 555.32 1367.21 1116.03 5.48 7.96 194.15 2222.94 8346.47 1.02 41.53 182.78 2388.03 8062.97 9.2455 0.02 334 2223 100.0 14.68 8.8974
159 213 20.0055 0.701 100.0 491.19 607.26 1474.17 1243.7 9.35 13.59 333.93 2323.79 8724.88 1.07 44.15 314.05 2388.01 8065.32 9.1606 0.02 363 2324 100.0 24.49 14.7423
159 214 34.9988 0.84 100.0 449.44 555.48 1357.18 1121.42 5.48 7.96 194.1 2222.95 8344.39 1.02 41.64 182.41 2387.99 8070.68 9.2527 0.02 332 2223 100.0 14.85 8.9816
159 215 34.9999 0.8407 100.0 449.44 554.89 1356.91 1117.91 5.48 7.96 193.83 2222.94 8343.75 1.02 41.7 182.88 2388.02 8073.52 9.2519 0.02 334 2223 100.0 14.91 9.0061
159 216 9.9995 0.2518 100.0 489.05 604.62 1495.2 1298.09 10.52 15.45 394.19 2318.77 8783.82 1.26 45.17 372.26 2388.02 8134.36 8.5703 0.03 369 2319 100.0 28.72 17.2413
159 217 10.0008 0.25 100.0 489.05 604.49 1495.41 1308.32 10.52 15.45 395.38 2318.81 8784.81 1.26 45.28 372.64 2387.94 8138.53 8.5515 0.03 368 2319 100.0 28.61 17.2929
159 218 20.0055 0.7 100.0 491.19 606.95 1478.69 1246.18 9.35 13.59 334.57 2323.9 8720.89 1.08 44.26 315.0 2388.02 8063.1 9.1661 0.02 364 2324 100.0 24.59 14.7603
159 219 25.0049 0.6216 60.0 462.54 536.92 1253.79 1036.82 7.05 8.99 175.68 1915.41 8010.94 0.94 36.55 164.61 2028.29 7870.24 10.8011 0.02 306 1915 84.93 14.08 8.5493
159 220 0.0018 0.0014 100.0 518.67 641.83 1583.7 1399.09 14.62 21.56 555.72 2388.01 9065.55 1.3 47.22 523.02 2388.01 8144.38 8.3474 0.03 393 2388 100.0 39.12 23.452
159 221 0.0023 0.0 100.0 518.67 642.25 1585.67 1399.09 14.62 21.56 555.29 2388.05 9056.54 1.3 47.25 522.87 2388.0 8142.74 8.334 0.03 392 2388 100.0 39.08 23.4187
159 222 25.0043 0.6218 60.0 462.54 537.02 1260.18 1042.27 7.05 8.99 175.23 1915.38 8014.27 0.94 36.53 164.9 2028.34 7877.82 10.8339 0.02 304 1915 84.93 14.11 8.594
159 223 20.0079 0.7013 100.0 491.19 606.39 1480.93 1253.66 9.35 13.58 333.87 2323.92 8718.04 1.08 44.15 314.36 2388.0 8066.72 9.1249 0.02 364 2324 100.0 24.46 14.6991
159 224 10.0047 0.2514 100.0 489.05 604.52 1500.23 1306.49 10.52 15.45 395.56 2318.84 8772.01 1.26 45.08 372.68 2388.03 8140.59 8.5894 0.03 368 2319 100.0 28.64 17.1946
159 225 35.004 0.8407 100.0 449.44 555.47 1362.57 1122.04 5.48 7.96 194.46 2223.06 8354.25 1.02 41.72 183.16 2388.08 8066.3 9.2574 0.02 332 2223 100.0 14.99 8.9247
159 226 20.002 0.7018 100.0 491.19 607.05 1480.34 1248.06 9.35 13.59 335.42 2323.94 8739.23 1.08 44.33 315.76 2388.02 8066.15 9.1756 0.02 364 2324 100.0 24.61 14.7366
159 227 9.9992 0.25 100.0 489.05 604.71 1501.71 1304.39 10.52 15.45 396.24 2318.91 8780.72 1.26 45.17 372.91 2388.05 8140.65 8.5695 0.03 369 2319 100.0 28.73 17.1855
159 228 35.0058 0.84 100.0 449.44 554.92 1364.87 1120.93 5.48 7.96 195.08 2223.04 8353.45 1.02 41.53 183.3 2388.11 8075.81 9.2537 0.02 333 2223 100.0 14.92 8.8517
159 229 0.0018 0.0 100.0 518.67 641.75 1585.45 1392.05 14.62 21.56 556.71 2388.11 9065.98 1.3 47.44 524.2 2388.08 8151.39 8.3502 0.03 392 2388 100.0 39.27 23.5286
159 230 20.003 0.7 100.0 491.19 606.83 1487.95 1242.6 9.35 13.58 335.0 2323.94 8728.33 1.08 44.15 314.92 2388.02 8063.04 9.1289 0.02 364 2324 100.0 24.42 14.7035
159 231 20.001 0.7 100.0 491.19 606.85 1486.72 1245.24 9.35 13.59 335.48 2323.94 8732.12 1.08 44.23 315.39 2388.1 8071.96 9.1286 0.02 365 2324 100.0 24.54 14.6635
159 232 25.0037 0.6211 60.0 462.54 536.63 1253.06 1045.0 7.05 8.99 176.19 1915.4 8011.93 0.94 36.51 164.85 2028.32 7879.15 10.7984 0.02 307 1915 84.93 14.37 8.6303
159 233 24.9993 0.62 60.0 462.54 536.23 1256.66 1048.82 7.05 8.99 175.77 1915.47 8011.62 0.94 36.68 165.1 2028.34 7874.61 10.7878 0.02 305 1915 84.93 14.39 8.5422
159 234 9.9999 0.2518 100.0 489.05 604.26 1501.09 1302.82 10.52 15.45 397.06 2318.93 8789.26 1.26 45.38 373.63 2388.09 8142.57 8.5975 0.03 369 2319 100.0 28.63 17.2745
159 235 42.0038 0.8415 100.0 445.0 549.09 1352.41 1115.78 3.91 5.69 139.21 2212.13 8331.52 1.02 41.96 131.12 2388.21 8095.0 9.2979 0.02 331 2212 100.0 10.48 6.2702
159 236 10.0034 0.25 100.0 489.05 604.24 1504.18 1308.66 10.52 15.45 396.6 2318.9 8794.5 1.26 45.27 373.57 2388.12 8143.73 8.5662 0.03 368 2319 100.0 28.76 17.1175
159 237 35.0021 0.84 100.0 449.44 555.11 1365.52 1130.49 5.48 7.96 194.14 2223.06 8358.32 1.02 41.83 183.63 2388.21 8081.96 9.2335 0.02 333 2223 100.0 14.83 9.0081
159 238 0.0011 0.0 100.0 518.67 642.42 1581.68 1404.56 14.62 21.57 557.65 2388.13 9079.08 1.3 47.22 525.25 2388.08 8150.93 8.3247 0.03 393 2388 100.0 39.12 23.5308
159 239 25.0022 0.62 60.0 462.54 536.88 1263.17 1047.58 7.05 8.99 175.76 1915.49 8011.06 0.94 36.55 164.91 2028.35 7879.78 10.7752 0.02 308 1915 84.93 14.21 8.6172
159 240 35.0016 0.8412 100.0 449.44 555.67 1361.11 1124.24 5.48 7.95 194.52 2223.07 8356.45 1.02 41.71 184.1 2388.22 8081.54 9.2297 0.02 333 2223 100.0 14.87 8.905
159 241 10.0034 0.2501 100.0 489.05 604.38 1498.7 1310.74 10.52 15.45 397.31 2318.98 8791.87 1.26 45.13 373.89 2388.18 8146.22 8.5271 0.03 368 2319 100.0 28.9 17.2947
159 242 41.9995 0.8407 100.0 445.0 549.05 1355.03 1122.46 3.91 5.68 139.45 2212.17 8338.07 1.02 41.95 130.26 2388.25 8096.19 9.2604 0.02 330 2212 100.0 10.7 6.3592
159 243 9.9987 0.2502 100.0 489.05 604.49 1502.86 1306.6 10.52 15.45 397.62 2318.95 8796.63 1.26 45.28 374.05 2388.18 8152.71 8.5615 0.03 370 2319 100.0 28.62 17.3759
159 244 0.0014 0.0 100.0 518.67 642.48 1584.47 1404.83 14.62 21.56 557.74 2388.08 9075.08 1.3 47.49 525.24 2388.16 8151.71 8.3471 0.03 394 2388 100.0 39.01 23.6016
159 245 25.0036 0.62 60.0 462.54 536.47 1256.22 1045.85 7.05 8.99 176.45 1915.5 8016.08 0.94 36.59 165.26 2028.39 7882.22 10.7971 0.02 307 1915 84.93 14.27 8.715
159 246 42.0063 0.8409 100.0 445.0 549.06 1359.82 1121.26 3.91 5.68 139.31 2212.17 8344.05 1.03 41.97 131.1 2388.23 8100.42 9.2443 0.02 331 2212 100.0 10.67 6.4385
159 247 20.0052 0.7 100.0 491.19 607.38 1484.96 1253.06 9.35 13.58 335.31 2324.03 8729.42 1.08 44.38 316.38 2388.14 8081.33 9.1044 0.02 365 2324 100.0 24.6 14.8333
159 248 9.9994 0.25 100.0 489.05 605.14 1497.53 1308.13 10.52 15.45 397.99 2319.03 8796.19 1.26 45.4 374.81 2388.19 8144.3 8.5298 0.03 371 2319 100.0 28.89 17.2692
159 249 10.0025 0.25 100.0 489.05 604.5 1499.89 1309.0 10.52 15.45 397.92 2319.05 8795.26 1.26 45.33 374.31 2388.2 8147.57 8.5316 0.03 370 2319 100.0 29.02 17.2888
159 250 41.9998 0.8406 100.0 445.0 549.3 1353.64 1126.04 3.91 5.69 139.71 2212.2 8340.06 1.03 41.93 131.7 2388.31 8104.56 9.207 0.02 332 2212 100.0 10.72 6.4558
159 251 35.003 0.84 100.0 449.44 554.92 1365.91 1121.71 5.48 7.96 195.74 2223.21 8370.62 1.03 42.0 184.72 2388.37 8084.6 9.1935 0.02 335 2223 100.0 14.91 8.9725
159 252 24.9988 0.6206 60.0 462.54 536.83 1260.63 1050.9 7.05 8.99 176.32 1915.58 8026.17 0.94 36.69 165.74 2028.5 7887.36 10.7547 0.02 307 1915 84.93 14.5 8.5589
159 253 20.0079 0.7 100.0 491.19 606.9 1485.03 1254.05 9.35 13.58 336.97 2324.19 8746.54 1.08 44.44 317.99 2388.25 8081.94 9.0998 0.02 365 2324 100.0 24.58 14.8606
159 254 10.0019 0.2519 100.0 489.05 604.99 1506.12 1311.85 10.52 15.45 399.12 2319.05 8800.66 1.26 45.62 375.32 2388.27 8150.24 8.5293 0.03 370 2319 100.0 28.81 17.2504
159 255 35.0066 0.84 100.0 449.44 554.85 1362.28 1133.14 5.48 7.96 196.31 2223.22 8373.09 1.03 41.9 184.8 2388.33 8089.93 9.2464 0.02 336 2223 100.0 14.85 9.0108
159 256 42.0025 0.84 100.0 445.0 549.1 1354.34 1121.67 3.91 5.68 140.39 2212.25 8342.62 1.03 41.9 131.98 2388.33 8108.75 9.2517 0.02 332 2212 100.0 10.62 6.3423
159 257 42.0042 0.8406 100.0 445.0 548.84 1350.79 1117.6 3.91 5.68 139.88 2212.19 8344.26 1.03 42.32 131.67 2388.32 8106.9 9.2309 0.02 331 2212 100.0 10.67 6.3731
159 258 0.0015 0.0 100.0 518.67 642.78 1589.8 1410.67 14.62 21.56 559.49 2388.24 9077.4 1.3 47.59 527.78 2388.19 8162.64 8.3219 0.03 393 2388 100.0 39.16 23.5187
159 259 10.005 0.2514 100.0 489.05 604.98 1509.46 1309.34 10.52 15.44 399.05 2319.13 8797.62 1.26 45.6 375.85 2388.31 8152.26 8.5289 0.03 372 2319 100.0 29.07 17.1833
159 260 24.9982 0.62 60.0 462.54 536.73 1261.25 1050.92 7.05 8.99 176.83 1915.62 8029.5 0.94 36.74 165.73 2028.51 7890.86 10.728 0.02 306 1915 84.93 14.46 8.4835
159 261 10.0067 0.25 100.0 489.05 604.81 1510.07 1315.33 10.52 15.45 398.77 2319.15 8812.57 1.26 45.5 376.75 2388.42 8154.85 8.5025 0.03 370 2319 100.0 28.82 17.3053
159 262 0.0024 0.0 100.0 518.67 642.54 1598.34 1419.3 14.62 21.56 561.36 2388.27 9082.89 1.31 47.55 528.56 2388.26 8166.41 8.2888 0.03 392 2388 100.0 39.05 23.6022
159 263 0.0013 0.0017 100.0 518.67 642.94 1590.14 1416.74 14.62 21.55 561.14 2388.27 9089.87 1.31 47.76 528.78 2388.27 8165.65 8.3105 0.03 394 2388 100.0 39.28 23.5525
159 264 10.0025 0.2511 100.0 489.05 604.83 1505.06 1318.53 10.52 15.45 399.95 2319.18 8811.81 1.27 45.61 376.53 2388.42 8157.94 8.5318 0.03 371 2319 100.0 28.82 17.2638
159 265 0.0007 0.0014 100.0 518.67 642.9 1594.38 1413.0 14.62 21.56 562.05 2388.33 9090.33 1.31 47.73 529.0 2388.24 8168.1 8.3395 0.03 394 2388 100.0 39.22 23.5013
159 266 41.9986 0.84 100.0 445.0 549.74 1352.47 1130.29 3.91 5.69 140.75 2212.31 8351.84 1.03 42.27 132.35 2388.45 8115.08 9.2082 0.02 333 2212 100.0 10.63 6.3935
159 267 42.0006 0.8401 100.0 445.0 549.69 1359.59 1134.58 3.91 5.68 140.46 2212.34 8356.29 1.03 42.25 132.1 2388.45 8116.62 9.1746 0.02 332 2212 100.0 10.68 6.4499
159 268 0.0015 0.0 100.0 518.67 642.4 1597.14 1417.8 14.62 21.56 562.76 2388.33 9093.56 1.31 47.85 530.52 2388.32 8172.83 8.2619 0.03 394 2388 100.0 39.52 23.538
159 269 9.9993 0.2519 100.0 489.05 604.95 1504.12 1314.43 10.52 15.45 399.9 2319.31 8819.44 1.27 45.47 377.32 2388.47 8162.35 8.4774 0.03 372 2319 100.0 28.95 17.2861
159 270 42.0015 0.84 100.0 445.0 549.78 1355.57 1138.13 3.91 5.68 141.05 2212.28 8364.11 1.04 42.32 132.16 2388.44 8115.51 9.1804 0.02 333 2212 100.0 10.79 6.4567
159 271 25.0078 0.6202 60.0 462.54 537.32 1261.81 1052.1 7.05 8.99 177.98 1915.75 8033.23 0.94 36.86 166.84 2028.62 7893.76 10.7182 0.02 308 1915 84.93 14.26 8.7713
159 272 35.0044 0.84 100.0 449.44 555.76 1373.22 1135.28 5.48 7.96 197.51 2223.45 8387.78 1.04 42.15 186.11 2388.57 8098.83 9.1513 0.02 336 2223 100.0 15.1 9.009
159 273 20.004 0.7014 100.0 491.19 607.66 1487.28 1262.6 9.35 13.59 339.77 2324.45 8764.2 1.09 44.83 320.03 2388.54 8096.27 9.0352 0.02 366 2324 100.0 24.76 14.7805
159 274 34.9997 0.84 100.0 449.44 555.8 1367.74 1136.67 5.48 7.96 198.62 2223.41 8385.69 1.04 42.33 185.63 2388.56 8102.93 9.0989 0.02 335 2223 100.0 15.0 8.8911
159 275 42.0041 0.8405 100.0 445.0 549.26 1363.23 1130.81 3.91 5.69 140.55 2212.42 8363.37 1.04 42.38 132.82 2388.53 8123.9 9.1466 0.02 333 2212 100.0 10.51 6.4851
159 276 9.9989 0.25 100.0 489.05 605.25 1509.86 1317.99 10.52 15.45 401.87 2319.41 8823.98 1.27 45.58 378.07 2388.58 8167.89 8.5002 0.03 372 2319 100.0 28.98 17.3636
159 277 24.9985 0.6203 60.0 462.54 537.29 1273.65 1057.06 7.05 8.99 178.66 1915.83 8037.62 0.94 36.89 167.27 2028.75 7900.93 10.6622 0.02 308 1915 84.93 14.47 8.626
159 278 42.0065 0.8417 100.0 445.0 549.24 1359.81 1140.11 3.91 5.68 140.79 2212.44 8369.94 1.04 42.52 132.97 2388.56 8125.45 9.1344 0.02 333 2212 100.0 11.0 6.4515
159 279 41.9993 0.84 100.0 445.0 549.51 1357.34 1138.24 3.91 5.68 141.19 2212.44 8367.73 1.04 42.48 132.93 2388.59 8130.12 9.1493 0.02 333 2212 100.0 10.61 6.3693
159 280 0.0021 0.0008 100.0 518.67 643.01 1599.9 1416.64 14.62 21.56 566.19 2388.45 9109.37 1.31 47.96 533.16 2388.45 8185.55 8.2445 0.03 395 2388 100.0 39.36 23.6365
159 281 42.0032 0.84 100.0 445.0 550.08 1366.86 1140.05 3.91 5.68 141.3 2212.52 8368.17 1.04 42.58 134.18 2388.53 8134.19 9.1188 0.02 333 2212 100.0 10.76 6.438
159 282 9.9984 0.25 100.0 489.05 605.81 1510.03 1323.03 10.52 15.45 403.2 2319.51 8829.53 1.27 45.94 380.39 2388.71 8177.58 8.4465 0.03 371 2319 100.0 29.04 17.2736
159 283 34.9981 0.84 100.0 449.44 556.55 1380.84 1142.96 5.48 7.96 199.31 2223.64 8407.84 1.04 42.39 187.21 2388.74 8116.01 9.0681 0.02 337 2223 100.0 15.1 9.0721
159 284 24.9984 0.62 60.0 462.54 537.28 1270.91 1048.69 7.05 8.99 179.25 1915.8 8041.9 0.94 37.05 167.51 2028.73 7905.49 10.6905 0.02 308 1915 84.93 14.39 8.5245
159 285 0.0009 0.0 100.0 518.67 643.32 1601.89 1421.12 14.62 21.56 567.22 2388.5 9117.45 1.31 48.13 534.72 2388.44 8189.29 8.2245 0.03 396 2388 100.0 39.54 23.7376
159 286 25.004 0.62 60.0 462.54 537.29 1268.38 1058.31 7.05 8.99 178.63 1915.82 8044.89 0.94 36.94 168.0 2028.79 7903.18 10.6715 0.02 308 1915 84.93 14.64 8.7764
159 287 0.0003 0.0 100.0 518.67 643.33 1599.39 1427.88 14.62 21.56 567.35 2388.49 9126.66 1.32 48.17 534.42 2388.48 8192.69 8.2325 0.03 396 2388 100.0 39.59 23.6868
159 288 0.0021 0.0003 100.0 518.67 643.21 1606.56 1426.83 14.62 21.56 568.67 2388.53 9124.42 1.32 48.21 535.54 2388.54 8196.99 8.213 0.03 397 2388 100.0 39.52 23.7386
