54 1 -0.0011 -0.0004 100.0 518.67 642.66 1587.0 1406.28 14.62 21.61 553.35 2388.12 9050.53 1.3 47.65 521.26 2388.12 8128.87 8.476 0.03 394 2388 100.0 38.87 23.3062
54 2 -0.0009 -0.0002 100.0 518.67 643.29 1590.78 1405.99 14.62 21.61 553.42 2388.07 9049.17 1.3 47.51 521.83 2388.12 8126.76 8.434 0.03 394 2388 100.0 38.99 23.2795
54 3 0.0024 -0.0 100.0 518.67 642.16 1587.41 1410.63 14.62 21.61 553.82 2388.12 9052.33 1.3 47.45 521.35 2388.06 8125.37 8.4475 0.03 394 2388 100.0 39.02 23.3578
54 4 0.001 0.0001 100.0 518.67 642.57 1590.96 1415.61 14.62 21.61 552.98 2388.07 9048.97 1.3 47.48 521.34 2388.14 8131.97 8.4003 0.03 393 2388 100.0 39.05 23.2664
54 5 -0.0051 -0.0004 100.0 518.67 643.08 1589.44 1413.24 14.62 21.61 553.32 2388.08 9039.66 1.3 47.52 521.77 2388.08 8128.32 8.4334 0.03 392 2388 100.0 38.82 23.3907
54 6 0.0018 0.0003 100.0 518.67 643.08 1587.19 1401.73 14.62 21.61 553.53 2388.14 9052.78 1.3 47.38 521.52 2388.04 8130.15 8.4064 0.03 393 2388 100.0 38.77 23.2305
54 7 0.0037 0.0003 100.0 518.67 642.31 1590.63 1405.94 14.62 21.61 553.85 2388.13 9047.01 1.3 47.43 521.22 2388.09 8130.94 8.4035 0.03 392 2388 100.0 38.79 23.2842
54 8 -0.0032 -0.0004 100.0 518.67 642.62 1599.28 1414.2 14.62 21.61 552.9 2388.14 9050.3 1.3 47.69 521.4 2388.12 8133.57 8.4521 0.03 394 2388 100.0 38.82 23.2093
54 9 -0.0003 -0.0002 100.0 518.67 642.23 1593.93 1397.9 14.62 21.61 552.62 2388.11 9043.76 1.3 47.53 521.44 2388.06 8132.79 8.4309 0.03 391 2388 100.0 38.82 23.3219
54 10 -0.0002 0.0003 100.0 518.67 642.28 1587.57 1418.28 14.62 21.61 553.21 2388.11 9045.33 1.3 47.38 521.44 2388.11 8125.24 8.4261 0.03 393 2388 100.0 38.78 23.2789
54 11 0.0016 0.0002 100.0 518.67 642.81 1587.47 1405.77 14.62 21.61 553.24 2388.15 9043.54 1.3 47.52 521.16 2388.1 8128.3 8.4175 0.03 393 2388 100.0 38.82 23.2294
54 12 0.0005 0.0003 100.0 518.67 642.62 1595.4 1407.74 14.62 21.61 554.06 2388.11 9045.89 1.3 47.46 521.13 2388.11 8127.47 8.4204 0.03 392 2388 100.0 38.75 23.2189
54 13 -0.0016 -0.0001 100.0 518.67 642.79 1589.1 1398.21 14.62 21.61 553.48 2388.11 9046.66 1.3 47.43 522.05 2388.12 8129.28 8.444 0.03 392 2388 100.0 38.86 23.3592
54 14 0.0014 -0.0003 100.0 518.67 642.02 1583.31 1409.93 14.62 21.61 553.25 2388.16 9048.58 1.3 47.41 521.25 2388.08 8124.97 8.4476 0.03 393 2388 100.0 38.86 23.406
54 15 0.0006 -0.0001 100.0 518.67 642.61 1589.9 1408.42 14.62 21.61 553.38 2388.13 9053.33 1.3 47.39 521.84 2388.1 8130.82 8.4287 0.03 392 2388 100.0 38.71 23.284
54 16 0.0029 0.0001 100.0 518.67 642.71 1588.93 1398.1 14.62 21.61 553.19 2388.12 9054.04 1.3 47.61 521.89 2388.11 8127.82 8.4073 0.03 393 2388 100.0 38.92 23.2438
54 17 -0.0021 -0.0001 100.0 518.67 642.32 1583.24 1404.93 14.62 21.61 553.62 2388.11 9052.45 1.3 47.47 521.49 2388.12 8127.15 8.4499 0.03 393 2388 100.0 39.13 23.2102
54 18 -0.0018 -0.0001 100.0 518.67 642.32 1592.73 1407.64 14.62 21.61 553.79 2388.1 9051.35 1.3 47.55 521.6 2388.11 8126.5 8.4464 0.03 394 2388 100.0 38.66 23.2757
54 19 -0.0025 0.0002 100.0 518.67 642.82 1588.58 1414.26 14.62 21.61 554.16 2388.09 9046.65 1.3 47.52 521.61 2388.17 8129.1 8.4242 0.03 393 2388 100.0 38.97 23.2746
54 20 -0.0002 -0.0004 100.0 518.67 642.47 1588.31 1403.93 14.62 21.61 553.22 2388.12 9043.67 1.3 47.43 521.91 2388.06 8125.04 8.4382 0.03 393 2388 100.0 38.82 23.2921
54 21 0.0003 -0.0004 100.0 518.67 643.0 1596.04 1410.8 14.62 21.61 553.9 2388.06 9047.86 1.3 47.47 521.79 2388.16 8126.68 8.4505 0.03 393 2388 100.0 38.96 23.4232
54 22 0.0005 -0.0002 100.0 518.67 642.59 1592.92 1409.07 14.62 21.61 553.55 2388.09 9045.67 1.3 47.44 521.48 2388.12 8129.79 8.3904 0.03 392 2388 100.0 39.0 23.2273
54 23 0.0009 -0.0 100.0 518.67 642.59 1586.85 1406.93 14.62 21.61 553.33 2388.15 9046.57 1.3 47.67 522.3 2388.12 8128.45 8.3953 0.03 391 2388 100.0 38.93 23.3531
54 24 -0.0005 -0.0 100.0 518.67 642.48 1591.67 1402.84 14.62 21.61 553.15 2388.1 9055.71 1.3 47.61 521.71 2388.09 8129.63 8.4333 0.03 393 2388 100.0 38.93 23.3619
54 25 0.0005 -0.0005 100.0 518.67 642.78 1592.74 1401.76 14.62 21.61 552.52 2388.09 9048.08 1.3 47.48 521.71 2388.1 8124.18 8.4417 0.03 393 2388 100.0 38.82 23.2342
54 26 -0.0023 0.0001 100.0 518.67 642.41 1593.21 1409.06 14.62 21.61 553.77 2388.09 9051.44 1.3 47.42 520.9 2388.11 8131.92 8.4303 0.03 393 2388 100.0 38.82 23.3465
54 27 0.0006 0.0 100.0 518.67 642.62 1582.98 1404.53 14.62 21.61 553.79 2388.11 9046.21 1.3 47.72 522.01 2388.1 8127.74 8.4264 0.03 392 2388 100.0 38.81 23.3572
54 28 0.0009 -0.0001 100.0 518.67 642.21 1591.02 1405.03 14.62 21.61 553.79 2388.07 9047.91 1.3 47.28 521.62 2388.08 8133.27 8.4538 0.03 395 2388 100.0 38.9 23.3945
54 29 0.0009 -0.0002 100.0 518.67 642.46 1594.37 1409.0 14.62 21.61 553.41 2388.12 9045.12 1.3 47.49 521.24 2388.1 8127.53 8.4232 0.03 392 2388 100.0 38.76 23.2141
54 30 0.0023 0.0 100.0 518.67 642.87 1595.25 1402.46 14.62 21.61 553.45 2388.11 9044.42 1.3 47.62 521.7 2388.04 8128.12 8.4616 0.03 394 2388 100.0 38.74 23.2144
54 31 0.0007 0.0004 100.0 518.67 642.56 1593.32 1404.06 14.62 21.61 552.71 2388.18 9053.38 1.3 47.43 521.46 2388.14 8130.74 8.406 0.03 396 2388 100.0 38.86 23.2946
54 32 -0.0015 0.0003 100.0 518.67 642.82 1587.64 1404.78 14.62 21.61 554.16 2388.11 9044.97 1.3 47.36 521.71 2388.11 8130.93 8.4216 0.03 393 2388 100.0 38.83 23.3367
54 33 0.0009 -0.0 100.0 518.67 642.75 1596.94 1408.7 14.62 21.61 553.21 2388.13 9055.31 1.3 47.54 521.88 2388.14 8125.15 8.4479 0.03 394 2388 100.0 38.88 23.2848
54 34 0.0014 -0.0 100.0 518.67 642.52 1589.24 1407.76 14.62 21.61 554.0 2388.11 9048.96 1.3 47.57 521.58 2388.15 8130.23 8.4255 0.03 393 2388 100.0 38.85 23.2531
54 35 0.0024 0.0002 100.0 518.67 642.91 1586.75 1410.0 14.62 21.61 554.14 2388.12 9047.85 1.3 47.64 521.08 2388.12 8127.98 8.4354 0.03 392 2388 100.0 38.77 23.2905
54 36 0.0033 -0.0003 100.0 518.67 642.96 1588.91 1408.18 14.62 21.61 554.49 2388.09 9049.85 1.3 47.35 522.03 2388.18 8134.63 8.4511 0.03 391 2388 100.0 38.84 23.2667
54 37 0.0005 -0.0003 100.0 518.67 643.03 1592.49 1399.31 14.62 21.61 553.88 2388.11 9043.03 1.3 47.47 521.31 2388.1 8130.24 8.4358 0.03 393 2388 100.0 38.77 23.195
54 38 -0.0009 0.0003 100.0 518.67 642.75 1583.29 1405.95 14.62 21.61 552.49 2388.12 9044.51 1.3 47.54 521.83 2388.11 8129.8 8.4429 0.03 393 2388 100.0 38.91 23.3796
54 39 0.0011 0.0002 100.0 518.67 642.64 1589.9 1410.2 14.62 21.61 553.18 2388.13 9046.51 1.3 47.45 521.97 2388.13 8133.03 8.4674 0.03 394 2388 100.0 38.98 23.1957
54 40 0.0034 0.0004 100.0 518.67 642.55 1591.28 1409.49 14.62 21.61 553.93 2388.09 9045.53 1.3 47.47 521.71 2388.11 8132.93 8.4401 0.03 394 2388 100.0 38.94 23.2661
54 41 -0.005 -0.0004 100.0 518.67 642.23 1597.82 1408.99 14.62 21.61 554.34 2388.12 9047.59 1.3 47.5 522.06 2388.06 8135.08 8.427 0.03 394 2388 100.0 38.92 23.3319
54 42 0.0021 -0.0003 100.0 518.67 643.13 1589.0 1406.39 14.62 21.61 553.31 2388.09 9050.22 1.3 47.58 521.26 2388.18 8131.74 8.4341 0.03 393 2388 100.0 38.73 23.3049
54 43 -0.0005 -0.0005 100.0 518.67 642.43 1595.22 1410.52 14.62 21.61 553.75 2388.1 9048.43 1.3 47.44 521.03 2388.11 8130.83 8.4344 0.03 395 2388 100.0 38.76 23.2046
54 44 0.0005 -0.0003 100.0 518.67 642.62 1585.42 1407.12 14.62 21.61 553.94 2388.13 9047.68 1.3 47.6 521.48 2388.08 8131.5 8.4396 0.03 393 2388 100.0 38.69 23.3222
54 45 -0.0018 -0.0 100.0 518.67 642.71 1591.33 1409.82 14.62 21.61 553.21 2388.13 9048.3 1.3 47.51 521.74 2388.12 8131.84 8.4438 0.03 393 2388 100.0 38.92 23.2375
54 46 -0.0034 0.0004 100.0 518.67 642.5 1589.25 1408.31 14.62 21.61 553.08 2388.12 9045.6 1.3 47.65 520.71 2388.1 8126.99 8.4636 0.03 392 2388 100.0 38.81 23.3043
54 47 0.0014 0.0002 100.0 518.67 642.71 1591.68 1408.35 14.62 21.61 553.17 2388.16 9042.07 1.3 47.63 521.57 2388.12 8121.51 8.4665 0.03 393 2388 100.0 38.71 23.2796
54 48 0.0027 0.0003 100.0 518.67 643.48 1591.48 1409.86 14.62 21.61 553.43 2388.11 9048.63 1.3 47.59 521.31 2388.11 8127.37 8.4556 0.03 393 2388 100.0 38.83 23.3963
54 49 -0.0034 0.0003 100.0 518.67 642.49 1590.33 1406.35 14.62 21.61 553.74 2388.11 9052.72 1.3 47.38 521.24 2388.14 8130.8 8.3997 0.03 391 2388 100.0 38.88 23.3205
54 50 0.0006 -0.0001 100.0 518.67 642.62 1588.78 1411.76 14.62 21.61 553.3 2388.14 9052.88 1.3 47.46 521.11 2388.13 8129.48 8.4763 0.03 392 2388 100.0 38.78 23.3141
54 51 -0.0017 -0.0004 100.0 518.67 642.98 1586.12 1411.78 14.62 21.61 553.12 2388.1 9046.81 1.3 47.44 521.17 2388.06 8127.45 8.4337 0.03 393 2388 100.0 38.93 23.3964
54 52 0.0008 0.0004 100.0 518.67 642.3 1589.34 1404.49 14.62 21.61 553.08 2388.09 9054.03 1.3 47.69 521.71 2388.13 8130.36 8.4345 0.03 394 2388 100.0 38.76 23.2701
54 53 -0.0033 -0.0 100.0 518.67 642.19 1590.79 1410.73 14.62 21.61 553.47 2388.16 9050.16 1.3 47.5 521.47 2388.12 8126.12 8.4452 0.03 392 2388 100.0 38.92 23.3294
54 54 0.0022 0.0001 100.0 518.67 642.65 1589.33 1410.01 14.62 21.61 553.45 2388.14 9049.83 1.3 47.59 521.48 2388.1 8125.46 8.4045 0.03 393 2388 100.0 39.05 23.3243
54 55 0.0016 -0.0 100.0 518.67 642.12 1580.39 1406.61 14.62 21.61 553.72 2388.11 9055.9 1.3 47.35 521.56 2388.14 8126.36 8.4302 0.03 392 2388 100.0 38.7 23.4065
54 56 -0.0013 -0.0003 100.0 518.67 642.38 1588.05 1406.7 14.62 21.61 553.73 2388.11 9052.22 1.3 47.5 521.86 2388.1 8132.33 8.4415 0.03 392 2388 100.0 38.9 23.3386
54 57 -0.0006 0.0003 100.0 518.67 642.9 1591.02 1413.39 14.62 21.61 552.98 2388.09 9050.11 1.3 47.36 521.25 2388.11 8129.06 8.4466 0.03 392 2388 100.0 38.75 23.2552
54 58 0.0002 0.0005 100.0 518.67 642.51 1594.83 1408.8 14.62 21.61 553.77 2388.1 9047.87 1.3 47.34 521.65 2388.12 8128.07 8.4452 0.03 392 2388 100.0 38.92 23.354
54 59 0.0018 0.0003 100.0 518.67 642.14 1585.47 1409.59 14.62 21.61 552.89 2388.09 9051.25 1.3 47.47 521.47 2388.13 8133.99 8.4136 0.03 392 2388 100.0 38.84 23.3918
54 60 -0.0011 -0.0005 100.0 518.67 642.7 1590.23 1408.13 14.62 21.61 554.42 2388.1 9052.18 1.3 47.59 521.19 2388.12 8131.35 8.4555 0.03 393 2388 100.0 38.74 23.3967
54 61 0.0019 -0.0001 100.0 518.67 642.33 1582.7 1403.72 14.62 21.61 553.47 2388.1 9050.57 1.3 47.56 521.53 2388.15 8131.5 8.4063 0.03 393 2388 100.0 38.82 23.2695
54 62 -0.0021 -0.0 100.0 518.67 642.41 1585.84 1405.44 14.62 21.61 553.27 2388.07 9049.75 1.3 47.51 521.48 2388.11 8129.03 8.449 0.03 394 2388 100.0 38.89 23.2114
54 63 -0.0044 -0.0001 100.0 518.67 642.76 1585.95 1409.71 14.62 21.61 553.14 2388.16 9046.98 1.3 47.5 521.5 2388.08 8127.6 8.4451 0.03 393 2388 100.0 38.87 23.3791
54 64 0.0018 0.0002 100.0 518.67 642.59 1584.0 1402.69 14.62 21.61 553.5 2388.16 9047.63 1.3 47.31 521.85 2388.11 8125.88 8.466 0.03 394 2388 100.0 38.9 23.3841
54 65 0.002 0.0003 100.0 518.67 642.61 1591.88 1403.34 14.62 21.61 553.05 2388.15 9046.38 1.3 47.41 521.61 2388.12 8130.3 8.4316 0.03 393 2388 100.0 38.78 23.2273
54 66 -0.0 0.0001 100.0 518.67 642.99 1597.8 1401.79 14.62 21.61 553.19 2388.12 9052.31 1.3 47.42 521.28 2388.14 8124.9 8.4127 0.03 393 2388 100.0 39.06 23.2972
54 67 0.0018 -0.0002 100.0 518.67 642.8 1592.74 1411.7 14.62 21.61 553.31 2388.1 9053.47 1.3 47.45 520.7 2388.12 8129.78 8.4504 0.03 393 2388 100.0 38.77 23.3405
54 68 -0.0006 -0.0003 100.0 518.67 642.27 1586.82 1401.83 14.62 21.61 553.5 2388.13 9042.61 1.3 47.63 522.04 2388.13 8124.43 8.3922 0.03 393 2388 100.0 38.75 23.1603
54 69 0.0007 0.0002 100.0 518.67 642.32 1591.24 1408.59 14.62 21.61 553.94 2388.11 9046.54 1.3 47.74 521.09 2388.13 8130.2 8.4647 0.03 392 2388 100.0 38.94 23.1934
54 70 -0.0014 0.0 100.0 518.67 642.54 1588.61 1410.88 14.62 21.61 553.69 2388.09 9049.29 1.3 47.36 521.31 2388.15 8132.62 8.4285 0.03 394 2388 100.0 38.89 23.3635
54 71 -0.0043 -0.0001 100.0 518.67 642.4 1587.65 1413.8 14.62 21.61 552.93 2388.15 9046.75 1.3 47.6 521.45 2388.06 8127.64 8.4084 0.03 393 2388 100.0 38.88 23.233
54 72 0.0005 0.0004 100.0 518.67 642.57 1593.41 1406.66 14.62 21.61 553.82 2388.12 9053.06 1.3 47.55 521.36 2388.09 8135.74 8.442 0.03 394 2388 100.0 38.75 23.4202
54 73 0.0006 -0.0003 100.0 518.67 643.27 1585.74 1404.96 14.62 21.61 551.99 2388.11 9044.5 1.3 47.61 521.22 2388.12 8128.42 8.4939 0.03 393 2388 100.0 38.89 23.2597
54 74 -0.0008 0.0004 100.0 518.67 642.73 1590.53 1407.69 14.62 21.61 553.69 2388.11 9051.59 1.3 47.42 521.16 2388.1 8136.32 8.4433 0.03 394 2388 100.0 38.88 23.2623
54 75 0.0003 -0.0001 100.0 518.67 642.52 1581.98 1411.92 14.62 21.61 553.02 2388.1 9050.06 1.3 47.66 521.96 2388.11 8138.15 8.4359 0.03 393 2388 100.0 38.64 23.3559
54 76 0.0002 0.0004 100.0 518.67 643.02 1586.17 1400.04 14.62 21.61 553.45 2388.15 9050.95 1.3 47.46 521.39 2388.16 8124.24 8.4503 0.03 392 2388 100.0 38.66 23.4524
54 77 -0.0007 -0.0 100.0 518.67 642.59 1581.18 1414.82 14.62 21.61 553.54 2388.13 9055.83 1.3 47.58 521.9 2388.13 8130.52 8.4825 0.03 392 2388 100.0 38.91 23.2848
54 78 -0.0034 -0.0002 100.0 518.67 643.03 1590.67 1404.59 14.62 21.61 553.5 2388.07 9054.85 1.3 47.55 521.2 2388.12 8132.85 8.4447 0.03 394 2388 100.0 38.9 23.3511
54 79 -0.0025 -0.0005 100.0 518.67 642.96 1587.23 1412.37 14.62 21.61 553.96 2388.14 9054.17 1.3 47.52 521.13 2388.12 8130.55 8.4364 0.03 393 2388 100.0 38.72 23.2378
54 80 -0.0004 0.0001 100.0 518.67 643.16 1590.7 1405.81 14.62 21.61 552.95 2388.11 9046.89 1.3 47.49 521.34 2388.12 8134.94 8.4102 0.03 393 2388 100.0 38.89 23.232
54 81 0.0026 -0.0002 100.0 518.67 643.24 1587.24 1402.77 14.62 21.61 553.98 2388.16 9054.65 1.3 47.58 521.92 2388.11 8135.42 8.4753 0.03 394 2388 100.0 38.78 23.2641
54 82 -0.0004 -0.0003 100.0 518.67 643.09 1591.33 1409.7 14.62 21.61 553.79 2388.1 9046.62 1.3 47.7 521.11 2388.09 8130.38 8.425 0.03 394 2388 100.0 38.82 23.1544
54 83 0.0006 -0.0005 100.0 518.67 642.59 1593.28 1408.9 14.62 21.61 553.7 2388.12 9057.54 1.3 47.69 521.26 2388.12 8133.33 8.4635 0.03 394 2388 100.0 38.86 23.2582
54 84 0.0008 -0.0002 100.0 518.67 642.54 1594.16 1419.76 14.62 21.61 553.54 2388.12 9054.55 1.3 47.54 520.83 2388.14 8137.69 8.4313 0.03 393 2388 100.0 38.85 23.2697
54 85 -0.0014 -0.0002 100.0 518.67 642.38 1594.29 1411.18 14.62 21.61 553.12 2388.12 9051.77 1.3 47.62 521.96 2388.13 8128.83 8.4774 0.03 394 2388 100.0 38.88 23.3255
54 86 0.0016 -0.0004 100.0 518.67 642.76 1590.93 1406.48 14.62 21.61 553.45 2388.14 9057.69 1.3 47.64 521.54 2388.1 8135.79 8.4463 0.03 394 2388 100.0 38.88 23.2313
54 87 0.0012 -0.0004 100.0 518.67 642.48 1591.76 1412.61 14.62 21.61 553.45 2388.1 9054.78 1.3 47.6 520.63 2388.12 8134.25 8.4713 0.03 392 2388 100.0 38.67 23.2834
54 88 -0.0005 0.0002 100.0 518.67 642.42 1588.24 1409.15 14.62 21.61 552.92 2388.1 9052.15 1.3 47.62 521.45 2388.15 8137.91 8.4703 0.03 392 2388 100.0 38.87 23.2198
54 89 -0.0027 -0.0002 100.0 518.67 642.31 1588.96 1407.86 14.62 21.61 553.45 2388.11 9053.86 1.3 47.46 521.1 2388.12 8131.62 8.3805 0.03 394 2388 100.0 38.77 23.4078
54 90 -0.0018 -0.0003 100.0 518.67 642.58 1587.3 1410.7 14.62 21.61 552.73 2388.13 9057.81 1.3 47.36 521.75 2388.09 8133.22 8.4842 0.03 391 2388 100.0 38.65 23.1942
54 91 0.0028 -0.0 100.0 518.67 643.06 1595.02 1410.84 14.62 21.61 553.11 2388.13 9049.3 1.3 47.38 521.82 2388.02 8135.09 8.4204 0.03 393 2388 100.0 38.86 23.3899
54 92 0.0013 0.0 100.0 518.67 642.56 1587.62 1408.1 14.62 21.61 553.99 2388.07 9049.89 1.3 47.51 521.19 2388.12 8129.52 8.4636 0.03 394 2388 100.0 38.84 23.1849
54 93 -0.0036 -0.0004 100.0 518.67 642.72 1587.51 1414.48 14.62 21.61 553.96 2388.09 9063.08 1.3 47.81 521.71 2388.09 8129.48 8.4407 0.03 393 2388 100.0 38.88 23.2751
54 94 0.0014 -0.0001 100.0 518.67 642.56 1585.84 1411.0 14.62 21.61 552.44 2388.15 9058.59 1.3 47.56 521.34 2388.16 8130.8 8.4319 0.03 393 2388 100.0 38.54 23.2395
54 95 0.0023 -0.0001 100.0 518.67 643.07 1593.04 1412.8 14.62 21.61 553.24 2388.08 9049.27 1.3 47.4 521.41 2388.1 8137.84 8.4617 0.03 392 2388 100.0 38.87 23.3029
54 96 0.0043 -0.0001 100.0 518.67 643.11 1586.5 1409.4 14.62 21.61 553.26 2388.12 9059.68 1.3 47.7 521.24 2388.14 8137.89 8.4498 0.03 393 2388 100.0 38.72 23.3281
54 97 -0.0038 -0.0 100.0 518.67 642.7 1586.92 1410.81 14.62 21.61 552.68 2388.12 9058.1 1.3 47.54 521.18 2388.12 8129.09 8.442 0.03 394 2388 100.0 38.76 23.3453
54 98 -0.0016 0.0003 100.0 518.67 642.53 1586.73 1413.1 14.62 21.61 552.93 2388.12 9056.19 1.3 47.44 521.63 2388.08 8139.38 8.4459 0.03 393 2388 100.0 38.88 23.3314
54 99 -0.0032 -0.0002 100.0 518.67 643.03 1593.25 1411.95 14.62 21.61 553.23 2388.16 9051.79 1.3 47.54 521.41 2388.15 8136.47 8.4628 0.03 395 2388 100.0 38.66 23.1968
54 100 0.0006 -0.0004 100.0 518.67 643.08 1589.7 1409.47 14.62 21.61 552.37 2388.11 9063.76 1.3 47.64 520.98 2388.12 8134.47 8.4657 0.03 395 2388 100.0 38.73 23.3565
54 101 0.0016 -0.0001 100.0 518.67 643.18 1597.26 1411.04 14.62 21.61 553.52 2388.12 9054.96 1.3 47.48 521.22 2388.1 8133.79 8.4562 0.03 393 2388 100.0 38.82 23.2399
54 102 0.0017 0.0002 100.0 518.67 642.08 1588.41 1412.57 14.62 21.61 552.65 2388.17 9057.77 1.3 47.41 521.2 2388.11 8140.03 8.4481 0.03 393 2388 100.0 38.91 23.214
54 103 -0.0015 0.0001 100.0 518.67 642.65 1592.83 1410.62 14.62 21.61 553.47 2388.1 9049.67 1.3 47.44 520.88 2388.12 8136.26 8.4978 0.03 393 2388 100.0 38.75 23.266
54 104 0.0011 0.0005 100.0 518.67 642.79 1600.27 1411.55 14.62 21.61 554.11 2388.13 9055.33 1.3 47.48 520.95 2388.13 8131.83 8.4773 0.03 393 2388 100.0 38.74 23.2556
54 105 -0.0031 -0.0001 100.0 518.67 642.96 1589.88 1402.13 14.62 21.61 553.06 2388.15 9057.53 1.3 47.54 521.68 2388.1 8137.61 8.4481 0.03 394 2388 100.0 38.85 23.3544
54 106 -0.0015 0.0003 100.0 518.67 642.48 1591.71 1409.25 14.62 21.61 553.17 2388.13 9052.61 1.3 47.52 521.35 2388.08 8132.84 8.454 0.03 394 2388 100.0 38.88 23.366
54 107 -0.0011 0.0 100.0 518.67 643.56 1593.85 1412.0 14.62 21.61 553.38 2388.13 9057.67 1.3 47.68 521.29 2388.12 8138.01 8.4622 0.03 393 2388 100.0 38.64 23.2151
54 108 0.0038 -0.0004 100.0 518.67 642.82 1590.38 1412.02 14.62 21.61 553.17 2388.13 9050.61 1.3 47.53 521.2 2388.1 8137.23 8.4284 0.03 393 2388 100.0 38.65 23.2458
54 109 0.0005 -0.0001 100.0 518.67 642.61 1589.71 1409.52 14.62 21.61 553.53 2388.14 9058.04 1.3 47.4 521.07 2388.13 8138.76 8.4168 0.03 394 2388 100.0 38.82 23.3969
54 110 -0.0013 -0.0 100.0 518.67 642.43 1589.77 1409.28 14.62 21.61 553.21 2388.1 9055.28 1.3 47.54 521.72 2388.08 8139.63 8.45 0.03 393 2388 100.0 38.8 23.2759
54 111 0.0072 -0.0002 100.0 518.67 642.6 1589.67 1408.89 14.62 21.61 554.0 2388.13 9061.86 1.3 47.61 521.46 2388.13 8138.04 8.4668 0.03 394 2388 100.0 38.99 23.2456
54 112 -0.0041 -0.0003 100.0 518.67 642.77 1583.77 1409.26 14.62 21.61 553.62 2388.14 9064.78 1.3 47.53 521.57 2388.11 8135.55 8.4521 0.03 396 2388 100.0 38.77 23.2839
54 113 -0.0029 -0.0004 100.0 518.67 642.65 1590.33 1408.51 14.62 21.61 553.02 2388.15 9057.8 1.3 47.55 521.28 2388.12 8141.51 8.4308 0.03 394 2388 100.0 38.83 23.2497
54 114 0.0037 0.0002 100.0 518.67 642.3 1592.88 1412.77 14.62 21.61 554.06 2388.12 9055.82 1.3 47.54 521.41 2388.12 8136.95 8.4455 0.03 393 2388 100.0 38.88 23.3006
54 115 0.0024 0.0005 100.0 518.67 642.59 1596.48 1405.1 14.62 21.61 553.07 2388.12 9056.92 1.3 47.64 521.51 2388.14 8141.2 8.4508 0.03 394 2388 100.0 38.74 23.3
54 116 0.0013 0.0001 100.0 518.67 642.86 1587.79 1410.04 14.62 21.61 553.39 2388.11 9060.08 1.3 47.56 521.24 2388.11 8140.84 8.4516 0.03 393 2388 100.0 38.86 23.2614
54 117 0.0017 -0.0003 100.0 518.67 642.87 1586.93 1406.17 14.62 21.61 553.23 2388.12 9061.79 1.3 47.67 521.29 2388.08 8136.55 8.4296 0.03 391 2388 100.0 39.02 23.1976
54 118 0.0008 -0.0001 100.0 518.67 643.58 1587.76 1411.05 14.62 21.61 553.2 2388.13 9060.03 1.3 47.58 521.57 2388.11 8141.66 8.441 0.03 395 2388 100.0 38.87 23.2721
54 119 -0.0001 0.0003 100.0 518.67 642.57 1595.44 1410.93 14.62 21.61 553.5 2388.09 9068.04 1.3 47.47 521.17 2388.09 8144.95 8.4593 0.03 394 2388 100.0 38.71 23.1742
54 120 -0.0012 0.0004 100.0 518.67 642.81 1591.28 1409.58 14.62 21.61 552.93 2388.11 9064.02 1.3 47.69 521.34 2388.19 8143.64 8.4347 0.03 392 2388 100.0 38.65 23.2478
54 121 0.0007 -0.0004 100.0 518.67 643.08 1593.6 1415.33 14.62 21.61 552.91 2388.14 9064.89 1.3 47.63 521.28 2388.1 8137.27 8.4673 0.03 392 2388 100.0 38.78 23.2054
54 122 -0.0004 0.0001 100.0 518.67 643.28 1594.74 1414.58 14.62 21.61 552.96 2388.1 9059.35 1.3 47.7 521.71 2388.11 8137.53 8.4397 0.03 392 2388 100.0 38.75 23.3588
54 123 0.0004 0.0001 100.0 518.67 642.33 1592.67 1414.36 14.62 21.61 552.69 2388.16 9064.89 1.3 47.57 521.07 2388.17 8142.7 8.4325 0.03 394 2388 100.0 38.65 23.3642
54 124 0.0029 -0.0003 100.0 518.67 642.77 1586.83 1416.51 14.62 21.61 552.28 2388.15 9066.36 1.3 47.58 520.61 2388.17 8144.32 8.4405 0.03 395 2388 100.0 38.73 23.313
54 125 -0.0005 -0.0004 100.0 518.67 643.17 1594.24 1407.39 14.62 21.61 552.76 2388.14 9057.96 1.3 47.76 521.22 2388.15 8143.1 8.4498 0.03 394 2388 100.0 38.85 23.2277
54 126 0.0031 -0.0003 100.0 518.67 642.76 1596.61 1416.44 14.62 21.61 553.28 2388.15 9059.87 1.3 47.7 520.97 2388.14 8146.89 8.482 0.03 392 2388 100.0 38.72 23.2692
54 127 -0.0 0.0001 100.0 518.67 642.83 1593.35 1412.87 14.62 21.61 553.73 2388.11 9070.74 1.3 47.63 521.19 2388.05 8145.69 8.4331 0.03 394 2388 100.0 38.62 23.2423
54 128 0.0018 -0.0005 100.0 518.67 642.82 1580.93 1415.02 14.62 21.61 552.86 2388.12 9064.34 1.3 47.46 520.94 2388.15 8143.41 8.4521 0.03 393 2388 100.0 38.77 23.2165
54 129 -0.0031 -0.0004 100.0 518.67 642.95 1585.98 1409.55 14.62 21.61 552.57 2388.11 9066.58 1.3 47.51 520.92 2388.05 8142.26 8.43 0.03 393 2388 100.0 38.79 23.2467
54 130 0.0007 -0.0001 100.0 518.67 643.17 1594.01 1408.28 14.62 21.61 553.32 2388.09 9069.59 1.3 47.68 521.13 2388.07 8146.16 8.4668 0.03 394 2388 100.0 38.77 23.2802
54 131 0.003 0.0003 100.0 518.67 642.8 1592.36 1413.36 14.62 21.61 552.72 2388.12 9063.4 1.3 47.58 521.12 2388.12 8148.71 8.4724 0.03 395 2388 100.0 38.6 23.2396
54 132 0.0005 0.0003 100.0 518.67 642.69 1596.64 1414.87 14.62 21.61 552.97 2388.09 9070.41 1.3 47.58 521.1 2388.16 8145.29 8.4436 0.03 394 2388 100.0 38.76 23.2938
54 133 -0.0011 -0.0 100.0 518.67 642.64 1589.16 1418.21 14.62 21.61 553.37 2388.16 9072.68 1.3 47.54 520.93 2388.14 8147.41 8.4277 0.03 394 2388 100.0 38.83 23.3424
54 134 -0.0009 -0.0003 100.0 518.67 642.53 1600.46 1408.52 14.62 21.61 553.21 2388.15 9075.67 1.3 47.95 520.93 2388.1 8148.65 8.5029 0.03 393 2388 100.0 38.78 23.2474
54 135 0.0026 -0.0005 100.0 518.67 643.41 1594.05 1411.81 14.62 21.61 553.06 2388.1 9068.75 1.3 47.71 521.05 2388.05 8148.39 8.4609 0.03 395 2388 100.0 38.84 23.3695
54 136 0.0016 -0.0003 100.0 518.67 643.06 1592.64 1415.8 14.62 21.61 552.77 2388.09 9072.19 1.3 47.69 521.07 2388.08 8145.01 8.4441 0.03 394 2388 100.0 38.72 23.2282
54 137 0.0016 0.0003 100.0 518.67 642.93 1588.97 1418.11 14.62 21.61 552.86 2388.1 9067.43 1.3 47.62 520.66 2388.09 8148.74 8.4776 0.03 396 2388 100.0 38.67 23.1746
54 138 -0.0028 -0.0005 100.0 518.67 642.39 1591.74 1420.76 14.62 21.61 553.06 2388.11 9071.11 1.3 47.57 520.45 2388.11 8143.58 8.4698 0.03 394 2388 100.0 38.59 23.1873
54 139 -0.0009 -0.0 100.0 518.67 642.32 1591.02 1408.21 14.62 21.61 553.34 2388.16 9068.3 1.3 47.69 520.41 2388.11 8144.68 8.4777 0.03 394 2388 100.0 38.59 23.3135
54 140 0.0018 -0.0003 100.0 518.67 642.29 1601.0 1405.99 14.62 21.61 553.16 2388.15 9072.85 1.3 47.57 521.28 2388.11 8154.07 8.4837 0.03 395 2388 100.0 38.62 23.2635
54 141 0.003 0.0004 100.0 518.67 642.6 1596.05 1418.22 14.62 21.61 552.81 2388.12 9078.4 1.3 47.59 521.38 2388.1 8145.79 8.4824 0.03 394 2388 100.0 38.65 23.2877
54 142 -0.0004 -0.0004 100.0 518.67 642.56 1593.63 1416.09 14.62 21.61 552.84 2388.07 9075.27 1.3 47.69 520.99 2388.15 8149.23 8.4213 0.03 395 2388 100.0 38.58 23.2368
54 143 -0.0013 -0.0003 100.0 518.67 643.27 1591.14 1415.34 14.62 21.61 552.94 2388.12 9077.04 1.3 47.57 521.36 2388.1 8150.19 8.4571 0.03 394 2388 100.0 38.82 23.1916
54 144 0.0019 0.0003 100.0 518.67 643.1 1593.11 1419.1 14.62 21.61 553.0 2388.1 9075.65 1.3 47.72 519.95 2388.11 8157.17 8.4088 0.03 395 2388 100.0 38.73 23.3104
54 145 0.0036 -0.0005 100.0 518.67 643.06 1584.83 1423.01 14.62 21.61 552.9 2388.13 9070.66 1.3 47.55 521.15 2388.19 8148.88 8.4691 0.03 394 2388 100.0 38.64 23.2508
54 146 0.0004 -0.0004 100.0 518.67 643.5 1587.06 1412.2 14.62 21.61 552.89 2388.13 9089.93 1.3 47.43 521.56 2388.15 8156.31 8.4681 0.03 395 2388 100.0 38.73 23.1913
54 147 -0.0056 -0.0003 100.0 518.67 642.64 1598.51 1411.16 14.62 21.61 552.24 2388.08 9078.21 1.3 47.69 520.71 2388.11 8151.79 8.4646 0.03 393 2388 100.0 38.68 23.2048
54 148 0.0014 0.0004 100.0 518.67 643.47 1590.6 1415.29 14.62 21.61 553.23 2388.12 9073.79 1.3 47.8 520.8 2388.1 8155.76 8.4556 0.03 393 2388 100.0 38.66 23.22
54 149 -0.0013 -0.0004 100.0 518.67 642.99 1594.15 1419.6 14.62 21.61 552.82 2388.07 9067.86 1.3 47.93 520.64 2388.13 8155.01 8.4536 0.03 394 2388 100.0 38.79 23.2224
54 150 0.0022 0.0002 100.0 518.67 642.82 1592.11 1412.38 14.62 21.61 552.58 2388.11 9078.62 1.3 47.79 520.52 2388.07 8156.97 8.4547 0.03 394 2388 100.0 38.75 23.2169
54 151 -0.0001 -0.0002 100.0 518.67 643.31 1594.42 1411.77 14.62 21.61 553.21 2388.14 9081.24 1.3 47.6 521.08 2388.16 8154.52 8.4554 0.03 396 2388 100.0 38.8 23.2961
54 152 -0.0005 0.0002 100.0 518.67 643.14 1587.97 1412.5 14.62 21.61 552.85 2388.12 9082.07 1.3 47.72 521.14 2388.13 8159.05 8.4977 0.03 394 2388 100.0 38.46 23.239
54 153 0.0002 0.0001 100.0 518.67 642.8 1601.61 1414.42 14.62 21.61 552.67 2388.16 9086.38 1.3 47.6 520.63 2388.11 8160.96 8.476 0.03 396 2388 100.0 38.78 23.2163
54 154 -0.0003 0.0002 100.0 518.67 643.41 1592.54 1416.31 14.62 21.61 552.38 2388.16 9076.08 1.3 47.83 520.86 2388.12 8162.61 8.4633 0.03 394 2388 100.0 38.5 23.2405
54 155 -0.0036 0.0002 100.0 518.67 642.96 1599.51 1416.88 14.62 21.61 552.19 2388.16 9087.59 1.3 47.83 521.02 2388.15 8159.81 8.4661 0.03 394 2388 100.0 38.6 23.1522
54 156 0.0033 -0.0004 100.0 518.67 643.22 1595.35 1414.91 14.62 21.61 552.43 2388.11 9093.4 1.3 47.69 520.25 2388.13 8163.74 8.4666 0.03 394 2388 100.0 38.63 23.2314
54 157 -0.0 0.0001 100.0 518.67 642.97 1596.79 1417.18 14.62 21.61 552.41 2388.13 9090.7 1.3 47.69 520.62 2388.17 8166.67 8.5122 0.03 396 2388 100.0 38.67 23.2174
54 158 0.0004 -0.0004 100.0 518.67 643.47 1592.0 1429.81 14.62 21.61 552.23 2388.1 9084.81 1.3 47.71 520.83 2388.1 8160.17 8.4535 0.03 394 2388 100.0 38.6 23.2192
54 159 -0.0008 -0.0002 100.0 518.67 642.76 1596.5 1416.87 14.62 21.61 552.31 2388.13 9099.26 1.3 47.77 520.36 2388.1 8162.26 8.5087 0.03 394 2388 100.0 38.76 23.224
54 160 -0.0023 0.0 100.0 518.67 643.05 1595.77 1413.52 14.62 21.61 552.17 2388.11 9096.17 1.3 47.89 521.06 2388.12 8165.49 8.4592 0.03 396 2388 100.0 38.66 23.0995
54 161 0.0019 -0.0 100.0 518.67 642.77 1593.85 1426.75 14.62 21.61 552.75 2388.16 9093.71 1.3 47.95 520.37 2388.08 8165.78 8.4791 0.03 393 2388 100.0 38.63 23.1345
54 162 0.0015 0.0002 100.0 518.67 642.91 1601.15 1411.33 14.62 21.61 552.42 2388.15 9086.32 1.3 47.78 520.69 2388.12 8167.61 8.4726 0.03 395 2388 100.0 38.47 23.1403
54 163 -0.0005 -0.0003 100.0 518.67 642.9 1587.81 1413.56 14.62 21.61 552.66 2388.15 9096.92 1.3 47.86 520.44 2388.07 8167.32 8.4429 0.03 395 2388 100.0 38.83 23.1799
54 164 -0.0026 0.0003 100.0 518.67 642.51 1597.98 1421.39 14.62 21.61 552.68 2388.12 9098.87 1.3 47.86 520.13 2388.13 8170.85 8.4724 0.03 395 2388 100.0 38.78 23.1565
54 165 -0.0021 -0.0004 100.0 518.67 642.86 1591.98 1417.36 14.62 21.61 552.17 2388.11 9099.29 1.3 47.83 520.54 2388.11 8166.72 8.4607 0.03 395 2388 100.0 38.8 23.2235
54 166 -0.0041 -0.0003 100.0 518.67 643.0 1599.84 1419.69 14.62 21.61 551.97 2388.12 9102.16 1.3 47.83 520.34 2388.09 8171.14 8.4507 0.03 395 2388 100.0 38.54 23.1484
54 167 0.0006 0.0001 100.0 518.67 643.1 1596.01 1424.59 14.62 21.61 552.03 2388.18 9094.15 1.3 47.74 520.16 2388.15 8172.67 8.4702 0.03 396 2388 100.0 38.69 23.1725
54 168 0.0008 -0.0003 100.0 518.67 642.89 1595.88 1417.97 14.62 21.61 552.25 2388.1 9100.39 1.3 47.84 520.6 2388.11 8174.74 8.4599 0.03 394 2388 100.0 38.7 23.277
54 169 -0.0028 -0.0004 100.0 518.67 643.02 1599.44 1423.78 14.62 21.61 552.29 2388.15 9103.82 1.3 47.89 520.59 2388.15 8177.2 8.4743 0.03 394 2388 100.0 38.7 23.2138
54 170 0.0023 -0.0002 100.0 518.67 643.17 1599.01 1419.1 14.62 21.61 552.59 2388.14 9106.97 1.3 47.67 520.9 2388.11 8179.89 8.505 0.03 394 2388 100.0 38.42 23.2387
54 171 0.0038 0.0 100.0 518.67 643.17 1594.6 1416.51 14.62 21.61 552.32 2388.1 9104.89 1.3 47.76 520.69 2388.15 8177.97 8.5034 0.03 394 2388 100.0 38.55 23.2287
54 172 -0.0006 -0.0005 100.0 518.67 643.42 1601.11 1414.67 14.62 21.61 552.27 2388.16 9105.95 1.3 47.94 521.02 2388.14 8179.42 8.4846 0.03 395 2388 100.0 38.64 23.1678
54 173 -0.0003 -0.0003 100.0 518.67 642.94 1594.55 1431.62 14.62 21.61 551.64 2388.13 9115.33 1.3 47.76 520.5 2388.11 8176.16 8.4946 0.03 395 2388 100.0 38.73 23.13
54 174 0.0012 0.0002 100.0 518.67 643.08 1597.2 1419.04 14.62 21.61 552.71 2388.1 9116.74 1.3 47.95 519.78 2388.17 8182.99 8.5394 0.03 395 2388 100.0 38.49 23.1236
54 175 0.0002 -0.0003 100.0 518.67 643.1 1606.0 1418.16 14.62 21.61 552.99 2388.12 9113.23 1.3 47.96 520.64 2388.13 8182.62 8.5049 0.03 397 2388 100.0 38.63 23.1265
54 176 0.0001 -0.0 100.0 518.67 643.49 1597.85 1428.43 14.62 21.61 551.61 2388.12 9112.28 1.3 47.86 520.49 2388.11 8185.76 8.5137 0.03 394 2388 100.0 38.56 23.2747
54 177 0.0007 -0.0003 100.0 518.67 643.92 1600.01 1423.93 14.62 21.61 552.0 2388.1 9117.33 1.3 48.13 519.93 2388.12 8185.31 8.4931 0.03 397 2388 100.0 38.46 23.0803
54 178 -0.0004 0.0004 100.0 518.67 644.34 1593.76 1418.5 14.62 21.61 551.84 2388.15 9123.63 1.3 47.82 521.02 2388.09 8188.84 8.4584 0.03 395 2388 100.0 38.66 23.1103
54 179 0.0039 0.0004 100.0 518.67 643.4 1597.16 1423.22 14.62 21.61 552.34 2388.17 9120.59 1.3 48.0 520.39 2388.15 8195.3 8.4839 0.03 398 2388 100.0 38.44 23.2339
54 180 0.0013 0.0003 100.0 518.67 643.28 1598.85 1420.0 14.62 21.61 551.82 2388.17 9123.98 1.3 47.96 520.58 2388.13 8183.57 8.4967 0.03 395 2388 100.0 38.55 23.1722
54 181 0.0 -0.0004 100.0 518.67 643.2 1593.62 1425.07 14.62 21.61 551.81 2388.15 9126.99 1.3 48.01 520.2 2388.11 8198.0 8.498 0.03 395 2388 100.0 38.55 23.1575
54 182 0.0013 -0.0 100.0 518.67 644.1 1597.29 1425.77 14.62 21.61 551.83 2388.14 9134.43 1.3 48.06 520.32 2388.1 8196.75 8.476 0.03 396 2388 100.0 38.55 23.0796
54 183 -0.0016 -0.0002 100.0 518.67 643.45 1599.61 1423.86 14.62 21.61 552.07 2388.13 9135.28 1.3 48.15 520.47 2388.19 8196.04 8.5132 0.03 395 2388 100.0 38.52 23.0906
54 184 -0.0017 0.0002 100.0 518.67 643.44 1600.96 1430.14 14.62 21.61 552.14 2388.13 9130.07 1.3 47.98 520.52 2388.1 8193.88 8.4846 0.03 396 2388 100.0 38.43 23.1748
54 185 -0.0015 -0.0 100.0 518.67 643.61 1597.49 1423.8 14.62 21.61 551.3 2388.15 9133.81 1.3 47.89 520.81 2388.16 8201.45 8.5113 0.03 397 2388 100.0 38.41 23.173
54 186 -0.0031 -0.0002 100.0 518.67 642.85 1597.07 1427.27 14.62 21.61 552.2 2388.15 9138.86 1.3 47.95 520.25 2388.18 8203.56 8.508 0.03 395 2388 100.0 38.46 23.1206
54 187 0.0005 0.0001 100.0 518.67 643.37 1600.15 1427.68 14.62 21.61 552.58 2388.16 9135.98 1.3 48.14 519.7 2388.17 8203.58 8.5341 0.03 396 2388 100.0 38.51 23.2388
54 188 -0.0005 -0.0003 100.0 518.67 643.55 1603.36 1426.76 14.62 21.61 551.89 2388.19 9139.66 1.3 48.15 520.07 2388.17 8201.52 8.4976 0.03 397 2388 100.0 38.65 23.123
54 189 0.0047 0.0001 100.0 518.67 643.5 1606.26 1430.87 14.62 21.61 552.0 2388.15 9147.14 1.3 48.09 519.83 2388.11 8211.83 8.4913 0.03 396 2388 100.0 38.31 23.0038
54 190 0.0015 0.0002 100.0 518.67 643.39 1608.56 1428.21 14.62 21.61 552.14 2388.19 9147.84 1.3 48.04 520.36 2388.2 8214.81 8.5221 0.03 397 2388 100.0 38.36 22.9757
54 191 0.0007 -0.0004 100.0 518.67 643.77 1599.83 1429.68 14.62 21.61 551.44 2388.15 9153.38 1.3 48.05 520.36 2388.2 8212.97 8.5087 0.03 398 2388 100.0 38.61 23.0271
54 192 0.0014 0.0002 100.0 518.67 643.96 1605.14 1429.11 14.62 21.61 551.57 2388.16 9149.72 1.3 47.99 519.48 2388.15 8216.88 8.5157 0.03 398 2388 100.0 38.56 22.9861
54 193 0.0032 -0.0004 100.0 518.67 643.38 1598.43 1432.48 14.62 21.61 551.67 2388.17 9156.33 1.3 48.08 520.05 2388.17 8211.09 8.5135 0.03 398 2388 100.0 38.4 23.0804
54 194 -0.0017 0.0004 100.0 518.67 643.6 1606.93 1430.02 14.62 21.61 551.88 2388.2 9157.3 1.3 48.19 519.65 2388.19 8216.48 8.5388 0.03 396 2388 100.0 38.53 23.1733
74 1 0.0013 -0.0003 100.0 518.67 642.19 1589.58 1408.54 14.62 21.61 553.88 2387.99 9064.91 1.3 47.43 521.79 2388.0 8145.35 8.4601 0.03 391 2388 100.0 38.89 23.3443
74 2 0.0021 -0.0003 100.0 518.67 642.73 1578.25 1398.5 14.62 21.61 553.32 2388.01 9066.94 1.3 47.14 522.59 2388.02 8145.24 8.4233 0.03 393 2388 100.0 38.72 23.3481
74 3 -0.0005 0.0003 100.0 518.67 642.76 1595.35 1407.18 14.62 21.61 554.03 2388.04 9061.43 1.3 47.38 522.25 2388.08 8141.36 8.4304 0.03 393 2388 100.0 38.87 23.4117
74 4 0.0013 0.0002 100.0 518.67 642.52 1591.23 1407.57 14.62 21.61 553.8 2388.08 9062.55 1.3 47.34 521.8 2388.1 8144.92 8.4131 0.03 393 2388 100.0 38.94 23.2593
74 5 0.002 0.0001 100.0 518.67 642.68 1586.28 1403.38 14.62 21.61 553.79 2388.08 9063.34 1.3 47.47 521.81 2388.04 8142.5 8.4154 0.03 392 2388 100.0 38.85 23.2933
74 6 -0.0002 0.0003 100.0 518.67 642.76 1587.59 1410.27 14.62 21.61 554.13 2388.05 9057.55 1.3 47.47 521.85 2388.05 8142.93 8.3988 0.03 394 2388 100.0 38.75 23.3528
74 7 -0.003 0.0005 100.0 518.67 642.16 1585.84 1400.03 14.62 21.61 553.57 2388.06 9070.65 1.3 47.14 521.74 2388.08 8147.35 8.4391 0.03 392 2388 100.0 38.93 23.4539
74 8 -0.0004 -0.0002 100.0 518.67 642.98 1593.5 1404.39 14.62 21.6 553.87 2388.0 9064.56 1.3 47.27 522.13 2388.05 8140.75 8.3979 0.03 392 2388 100.0 38.93 23.2133
74 9 -0.0028 0.0003 100.0 518.67 642.25 1589.95 1399.97 14.62 21.61 554.64 2388.09 9065.58 1.3 47.15 521.42 2388.02 8143.13 8.379 0.03 393 2388 100.0 38.98 23.4365
74 10 0.0001 0.0002 100.0 518.67 642.59 1593.47 1400.06 14.62 21.61 553.3 2388.07 9060.7 1.3 47.42 521.9 2388.11 8140.38 8.4146 0.03 391 2388 100.0 38.89 23.4128
74 11 -0.0017 0.0 100.0 518.67 642.18 1581.7 1401.97 14.62 21.61 554.61 2388.07 9060.59 1.3 47.29 521.28 2388.05 8142.2 8.4058 0.03 390 2388 100.0 39.07 23.3636
74 12 -0.0011 0.0004 100.0 518.67 642.74 1587.42 1411.9 14.62 21.61 554.09 2388.09 9066.78 1.3 47.35 522.34 2388.04 8144.56 8.3622 0.03 393 2388 100.0 38.9 23.4294
74 13 -0.0005 -0.0004 100.0 518.67 642.37 1588.41 1402.92 14.62 21.61 553.74 2388.06 9062.91 1.3 47.49 521.32 2388.09 8143.42 8.4001 0.03 391 2388 100.0 38.79 23.3449
74 14 -0.0049 -0.0002 100.0 518.67 642.72 1590.14 1402.66 14.62 21.61 553.21 2388.05 9057.5 1.3 47.23 521.54 2388.06 8144.07 8.4209 0.03 392 2388 100.0 38.95 23.4228
74 15 -0.0005 0.0002 100.0 518.67 642.2 1587.12 1409.56 14.62 21.61 554.35 2388.05 9063.92 1.3 47.41 521.63 2388.04 8144.52 8.4177 0.03 392 2388 100.0 38.88 23.2178
74 16 -0.0018 -0.0002 100.0 518.67 642.08 1588.43 1402.73 14.62 21.61 554.31 2388.02 9054.46 1.3 47.29 522.33 2388.09 8141.69 8.4176 0.03 393 2388 100.0 38.97 23.2719
74 17 -0.0026 -0.0001 100.0 518.67 642.66 1591.85 1402.02 14.62 21.61 553.57 2388.06 9063.95 1.3 47.44 521.03 2388.07 8142.07 8.4235 0.03 393 2388 100.0 38.8 23.2524
74 18 -0.0023 0.0005 100.0 518.67 642.45 1587.43 1404.21 14.62 21.61 554.25 2388.05 9074.98 1.3 47.53 522.16 2387.99 8145.66 8.4306 0.03 391 2388 100.0 38.78 23.4953
74 19 0.0007 0.0004 100.0 518.67 642.13 1591.08 1409.41 14.62 21.61 553.95 2388.06 9063.92 1.3 47.35 521.68 2388.01 8142.99 8.4245 0.03 392 2388 100.0 38.9 23.3481
74 20 -0.0044 -0.0004 100.0 518.67 642.07 1583.4 1405.1 14.62 21.61 553.34 2388.05 9063.4 1.3 47.3 521.84 2388.06 8144.77 8.4198 0.03 392 2388 100.0 38.99 23.3411
74 21 -0.0012 -0.0003 100.0 518.67 642.34 1597.12 1405.54 14.62 21.61 554.25 2388.05 9064.01 1.3 47.33 521.69 2388.06 8141.32 8.3983 0.03 394 2388 100.0 38.71 23.3222
74 22 0.0009 -0.0001 100.0 518.67 642.46 1586.03 1400.32 14.62 21.61 554.77 2387.96 9058.51 1.3 47.48 521.57 2388.12 8140.31 8.4609 0.03 393 2388 100.0 38.81 23.3595
74 23 0.0018 0.0002 100.0 518.67 642.56 1583.37 1405.41 14.62 21.61 553.96 2388.01 9066.26 1.3 47.32 522.1 2388.03 8142.52 8.4009 0.03 393 2388 100.0 38.82 23.3181
74 24 0.0011 0.0001 100.0 518.67 642.26 1585.44 1406.4 14.62 21.61 554.21 2388.09 9069.94 1.3 47.29 522.05 2388.08 8146.6 8.4464 0.03 392 2388 100.0 38.97 23.4348
74 25 0.0002 -0.0 100.0 518.67 642.97 1590.64 1407.69 14.62 21.61 553.22 2387.99 9059.69 1.3 47.31 521.69 2388.1 8148.93 8.4011 0.03 393 2388 100.0 38.89 23.3371
74 26 0.0047 -0.0005 100.0 518.67 642.42 1590.38 1405.09 14.62 21.61 553.74 2388.11 9060.3 1.3 47.36 521.5 2388.09 8146.15 8.4626 0.03 392 2388 100.0 39.06 23.3361
74 27 0.0011 0.0002 100.0 518.67 641.98 1587.03 1406.02 14.62 21.61 553.8 2388.09 9068.49 1.3 47.49 521.25 2388.09 8146.12 8.4439 0.03 392 2388 100.0 38.9 23.3525
74 28 0.0013 0.0005 100.0 518.67 642.51 1586.84 1400.45 14.62 21.61 553.41 2388.08 9068.24 1.3 47.6 521.18 2388.1 8147.8 8.4201 0.03 393 2388 100.0 38.91 23.3369
74 29 0.0 -0.0005 100.0 518.67 642.41 1591.52 1398.92 14.62 21.61 553.81 2388.01 9063.49 1.3 47.3 521.7 2388.03 8143.06 8.4192 0.03 393 2388 100.0 38.93 23.3955
74 30 -0.0011 -0.0005 100.0 518.67 642.47 1589.01 1405.39 14.62 21.61 554.46 2388.05 9058.79 1.3 47.61 522.08 2388.08 8151.83 8.4161 0.03 391 2388 100.0 38.98 23.3555
74 31 0.002 -0.0005 100.0 518.67 642.37 1590.09 1407.72 14.62 21.61 554.01 2388.04 9065.3 1.3 47.5 521.8 2388.03 8150.28 8.4351 0.03 392 2388 100.0 38.78 23.2518
74 32 0.0009 0.0003 100.0 518.67 642.04 1594.68 1410.14 14.62 21.61 553.72 2388.04 9067.25 1.3 47.38 521.41 2388.06 8152.54 8.4072 0.03 393 2388 100.0 38.97 23.4454
74 33 0.0036 0.0001 100.0 518.67 642.33 1593.32 1399.84 14.62 21.61 553.43 2388.13 9063.78 1.3 47.39 522.15 2388.03 8138.26 8.4315 0.03 393 2388 100.0 38.84 23.3434
74 34 0.0015 -0.0005 100.0 518.67 642.78 1589.03 1399.61 14.62 21.61 553.48 2388.07 9064.59 1.3 47.38 521.76 2388.02 8144.65 8.4469 0.03 393 2388 100.0 38.98 23.3813
74 35 -0.0015 -0.0004 100.0 518.67 643.13 1588.06 1401.07 14.62 21.61 552.92 2388.09 9068.6 1.3 47.39 521.5 2388.04 8145.51 8.4162 0.03 392 2388 100.0 39.05 23.2713
74 36 0.0005 0.0002 100.0 518.67 642.65 1590.25 1399.8 14.62 21.61 553.62 2388.09 9064.14 1.3 47.31 521.84 2388.06 8145.36 8.4442 0.03 395 2388 100.0 38.77 23.3455
74 37 0.0018 -0.0005 100.0 518.67 642.47 1592.42 1402.01 14.62 21.61 553.77 2388.08 9067.17 1.3 47.42 522.1 2388.01 8145.8 8.4418 0.03 392 2388 100.0 38.91 23.3767
74 38 -0.0042 0.0003 100.0 518.67 642.28 1584.66 1407.24 14.62 21.61 553.38 2388.07 9069.63 1.3 47.56 522.27 2388.05 8141.4 8.455 0.03 392 2388 100.0 38.8 23.3994
74 39 -0.0008 -0.0 100.0 518.67 642.21 1598.31 1409.92 14.62 21.61 554.5 2388.1 9065.5 1.3 47.2 521.74 2388.07 8140.63 8.4276 0.03 393 2388 100.0 38.76 23.358
74 40 0.0007 0.0 100.0 518.67 642.16 1579.48 1408.15 14.62 21.61 554.0 2388.09 9070.63 1.3 47.43 521.64 2388.03 8143.68 8.4587 0.03 391 2388 100.0 38.78 23.3095
74 41 0.0018 0.0 100.0 518.67 642.43 1591.77 1403.21 14.62 21.61 554.07 2388.07 9063.65 1.3 47.45 521.57 2388.09 8150.53 8.4319 0.03 393 2388 100.0 38.85 23.3651
74 42 -0.0022 0.0001 100.0 518.67 642.15 1587.04 1409.08 14.62 21.61 553.69 2388.09 9067.73 1.3 47.16 521.63 2388.1 8145.37 8.4232 0.03 393 2388 100.0 38.87 23.3319
74 43 0.0016 -0.0002 100.0 518.67 642.22 1585.91 1410.03 14.62 21.61 554.44 2388.11 9064.58 1.3 47.26 521.49 2388.04 8149.15 8.422 0.03 392 2388 100.0 38.94 23.3119
74 44 0.0007 -0.0003 100.0 518.67 642.69 1591.46 1405.54 14.62 21.61 553.06 2388.03 9071.46 1.3 47.25 522.13 2388.05 8149.52 8.4373 0.03 392 2388 100.0 38.68 23.2431
74 45 -0.0037 0.0002 100.0 518.67 642.39 1587.36 1407.08 14.62 21.61 554.19 2387.97 9061.52 1.3 47.34 521.74 2388.1 8145.81 8.4061 0.03 392 2388 100.0 38.83 23.3375
74 46 -0.0015 -0.0005 100.0 518.67 643.18 1589.87 1405.57 14.62 21.61 554.02 2388.05 9067.5 1.3 47.26 522.22 2388.05 8142.28 8.4426 0.03 392 2388 100.0 39.01 23.3608
74 47 0.0004 0.0004 100.0 518.67 643.1 1587.19 1404.41 14.62 21.61 553.71 2388.09 9069.45 1.3 47.51 522.17 2388.06 8139.24 8.4419 0.03 393 2388 100.0 38.85 23.296
74 48 0.0003 -0.0004 100.0 518.67 642.73 1586.9 1401.81 14.62 21.61 553.35 2388.05 9069.35 1.3 47.54 521.54 2388.06 8146.69 8.436 0.03 393 2388 100.0 39.09 23.3935
74 49 -0.0013 0.0004 100.0 518.67 642.46 1589.31 1406.62 14.62 21.61 554.07 2388.07 9066.41 1.3 47.45 521.98 2388.02 8144.81 8.4213 0.03 391 2388 100.0 38.95 23.3433
74 50 0.0019 -0.0003 100.0 518.67 642.9 1589.59 1403.48 14.62 21.61 553.45 2388.02 9057.75 1.3 47.44 522.13 2388.07 8143.0 8.4087 0.03 392 2388 100.0 38.77 23.3274
74 51 -0.0005 -0.0005 100.0 518.67 642.57 1583.32 1403.99 14.62 21.61 554.2 2388.05 9065.48 1.3 47.45 521.91 2388.07 8145.58 8.4161 0.03 393 2388 100.0 38.9 23.3148
74 52 0.0025 0.0004 100.0 518.67 642.5 1589.27 1401.9 14.62 21.61 554.0 2388.07 9064.27 1.3 47.35 521.84 2388.06 8142.31 8.4468 0.03 393 2388 100.0 38.98 23.3741
74 53 -0.0001 -0.0001 100.0 518.67 642.83 1590.86 1406.2 14.62 21.61 553.14 2388.1 9064.4 1.3 47.53 521.98 2388.09 8149.26 8.4193 0.03 393 2388 100.0 38.97 23.3721
74 54 0.0027 0.0004 100.0 518.67 642.27 1590.07 1403.45 14.62 21.61 553.22 2388.09 9061.35 1.3 47.45 521.92 2388.14 8147.59 8.4519 0.03 392 2388 100.0 38.85 23.4252
74 55 0.0027 -0.0002 100.0 518.67 642.7 1595.54 1409.93 14.62 21.61 552.91 2388.07 9065.96 1.3 47.42 521.44 2388.03 8154.67 8.4309 0.03 392 2388 100.0 38.91 23.4264
74 56 -0.0036 -0.0005 100.0 518.67 642.18 1591.25 1412.16 14.62 21.61 553.64 2388.08 9069.69 1.3 47.33 521.43 2388.1 8148.45 8.4053 0.03 394 2388 100.0 38.88 23.2131
74 57 -0.0012 -0.0003 100.0 518.67 642.04 1590.71 1410.21 14.62 21.61 553.92 2388.07 9060.73 1.3 47.47 521.45 2388.09 8147.63 8.4247 0.03 393 2388 100.0 39.01 23.375
74 58 -0.0002 0.0005 100.0 518.67 642.25 1587.04 1398.19 14.62 21.61 553.72 2388.06 9069.04 1.3 47.34 521.41 2388.05 8146.18 8.4255 0.03 392 2388 100.0 39.04 23.2697
74 59 -0.0001 -0.0002 100.0 518.67 642.35 1593.98 1411.28 14.62 21.61 553.61 2388.04 9070.67 1.3 47.6 521.57 2388.03 8154.25 8.4021 0.03 393 2388 100.0 38.83 23.3734
74 60 0.0015 0.0004 100.0 518.67 642.65 1587.67 1406.91 14.62 21.6 553.78 2388.06 9069.43 1.3 47.3 521.93 2388.06 8148.78 8.4392 0.03 395 2388 100.0 38.89 23.3423
74 61 0.0019 0.0001 100.0 518.67 642.55 1598.36 1402.97 14.62 21.61 553.74 2388.02 9068.61 1.3 47.62 521.79 2388.1 8145.65 8.4446 0.03 393 2388 100.0 38.85 23.3397
74 62 0.001 0.0003 100.0 518.67 642.56 1590.71 1401.9 14.62 21.61 553.43 2388.11 9067.93 1.3 47.41 522.09 2388.07 8144.05 8.3994 0.03 392 2388 100.0 38.8 23.3278
74 63 0.0016 -0.0003 100.0 518.67 643.28 1583.11 1407.35 14.62 21.61 553.15 2388.11 9063.58 1.3 47.47 522.21 2388.06 8148.01 8.4025 0.03 392 2388 100.0 38.76 23.1943
74 64 -0.0002 0.0001 100.0 518.67 642.47 1587.92 1402.3 14.62 21.61 553.82 2388.1 9063.68 1.3 47.49 521.57 2388.05 8150.51 8.43 0.03 393 2388 100.0 38.88 23.3773
74 65 -0.0019 -0.0001 100.0 518.67 642.32 1592.07 1405.72 14.62 21.61 553.54 2388.06 9066.9 1.3 47.47 521.81 2388.08 8147.98 8.454 0.03 395 2388 100.0 38.96 23.3286
74 66 0.0004 -0.0002 100.0 518.67 643.02 1588.5 1409.33 14.62 21.61 553.71 2388.0 9061.46 1.3 47.4 521.7 2388.1 8143.03 8.4227 0.03 394 2388 100.0 38.88 23.2653
74 67 -0.0023 0.0001 100.0 518.67 642.7 1586.81 1404.48 14.62 21.61 553.72 2388.04 9074.89 1.3 47.23 522.13 2388.03 8149.16 8.4444 0.03 393 2388 100.0 38.87 23.2951
74 68 -0.0006 0.0003 100.0 518.67 642.76 1588.8 1414.13 14.62 21.61 554.51 2388.03 9067.93 1.3 47.59 521.98 2388.03 8150.68 8.4558 0.03 393 2388 100.0 38.86 23.349
74 69 -0.0008 0.0002 100.0 518.67 642.56 1591.47 1405.32 14.62 21.61 552.97 2388.08 9071.65 1.3 47.39 521.65 2388.03 8149.91 8.447 0.03 393 2388 100.0 38.92 23.3018
74 70 0.0003 0.0001 100.0 518.67 642.14 1590.46 1403.82 14.62 21.61 553.92 2388.02 9071.03 1.3 47.49 521.3 2388.07 8146.44 8.4358 0.03 393 2388 100.0 38.7 23.3353
74 71 -0.0015 -0.0 100.0 518.67 642.7 1586.7 1401.7 14.62 21.61 553.93 2388.04 9071.94 1.3 47.56 521.61 2388.08 8150.19 8.4034 0.03 391 2388 100.0 38.98 23.2952
74 72 0.0001 -0.0 100.0 518.67 642.94 1589.52 1400.71 14.62 21.61 554.29 2388.03 9063.62 1.3 47.38 521.83 2388.11 8148.53 8.4124 0.03 393 2388 100.0 38.88 23.3967
74 73 0.0002 -0.0002 100.0 518.67 642.33 1586.19 1413.66 14.62 21.61 553.05 2388.08 9066.51 1.3 47.4 521.28 2388.06 8147.75 8.4342 0.03 392 2388 100.0 38.95 23.331
74 74 0.0011 0.0003 100.0 518.67 642.67 1589.38 1403.62 14.62 21.61 553.99 2388.07 9067.72 1.3 47.6 521.7 2388.09 8143.32 8.4208 0.03 393 2388 100.0 38.73 23.2123
74 75 -0.0028 0.0004 100.0 518.67 642.28 1590.29 1401.33 14.62 21.61 554.61 2388.08 9069.12 1.3 47.45 521.74 2388.04 8142.6 8.4208 0.03 393 2388 100.0 38.95 23.4031
74 76 -0.0027 0.0 100.0 518.67 642.02 1591.96 1404.56 14.62 21.61 553.16 2388.02 9070.47 1.3 47.56 521.54 2388.04 8148.54 8.4507 0.03 393 2388 100.0 38.78 23.4334
74 77 0.0004 -0.0004 100.0 518.67 642.64 1581.24 1401.66 14.62 21.61 553.6 2388.07 9072.12 1.3 47.56 520.97 2388.08 8151.6 8.4685 0.03 394 2388 100.0 38.88 23.2265
74 78 -0.0006 -0.0004 100.0 518.67 642.24 1587.56 1403.8 14.62 21.61 553.69 2388.06 9069.31 1.3 47.21 522.27 2388.04 8148.22 8.3913 0.03 391 2388 100.0 38.85 23.4344
74 79 -0.0006 0.0004 100.0 518.67 642.6 1590.83 1405.43 14.62 21.61 554.22 2388.05 9067.52 1.3 47.43 521.99 2388.05 8151.08 8.4287 0.03 393 2388 100.0 38.76 23.3333
74 80 -0.0025 0.0001 100.0 518.67 642.62 1585.44 1407.18 14.62 21.61 553.58 2388.07 9058.37 1.3 47.42 521.92 2388.08 8140.75 8.4066 0.03 394 2388 100.0 38.8 23.2299
74 81 0.0006 0.0004 100.0 518.67 642.39 1586.6 1402.76 14.62 21.61 553.03 2388.09 9077.38 1.3 47.48 521.72 2388.07 8147.25 8.4374 0.03 393 2388 100.0 38.67 23.3201
74 82 0.0001 -0.0005 100.0 518.67 642.37 1588.55 1401.72 14.62 21.61 554.04 2388.08 9060.31 1.3 47.51 521.81 2388.04 8147.59 8.4605 0.03 393 2388 100.0 38.84 23.2653
74 83 0.0011 -0.0005 100.0 518.67 642.83 1593.39 1405.53 14.62 21.61 553.9 2388.04 9073.97 1.3 47.34 521.5 2388.03 8145.03 8.4086 0.03 394 2388 100.0 38.91 23.3743
74 84 -0.0031 0.0004 100.0 518.67 642.88 1588.71 1407.15 14.62 21.61 553.52 2388.08 9073.16 1.3 47.4 521.29 2388.1 8145.2 8.4131 0.03 394 2388 100.0 38.77 23.2827
74 85 0.0002 -0.0005 100.0 518.67 642.52 1595.76 1407.21 14.62 21.61 553.98 2388.09 9066.72 1.3 47.5 521.35 2388.07 8151.68 8.4709 0.03 393 2388 100.0 38.82 23.3452
74 86 -0.0016 0.0001 100.0 518.67 642.51 1584.7 1407.25 14.62 21.61 553.23 2388.07 9068.63 1.3 47.48 521.64 2388.04 8147.61 8.4398 0.03 394 2388 100.0 38.85 23.3998
74 87 -0.0 0.0005 100.0 518.67 642.54 1590.05 1409.45 14.62 21.61 553.31 2387.98 9070.06 1.3 47.53 521.52 2388.1 8146.37 8.4575 0.03 394 2388 100.0 38.78 23.3247
74 88 -0.0018 0.0004 100.0 518.67 642.78 1585.88 1404.19 14.62 21.61 553.4 2388.12 9070.41 1.3 47.58 520.9 2388.09 8151.61 8.4559 0.03 393 2388 100.0 39.04 23.2711
74 89 0.0011 -0.0001 100.0 518.67 643.13 1587.12 1403.88 14.62 21.61 553.97 2388.08 9073.93 1.3 47.54 521.54 2388.04 8145.99 8.4326 0.03 394 2388 100.0 38.76 23.3779
74 90 0.0 0.0002 100.0 518.67 642.97 1590.57 1410.14 14.62 21.61 552.97 2388.07 9067.91 1.3 47.53 522.16 2388.08 8147.95 8.3865 0.03 393 2388 100.0 38.92 23.289
74 91 -0.0003 -0.0005 100.0 518.67 642.21 1593.96 1407.45 14.62 21.61 554.04 2388.1 9066.73 1.3 47.4 521.76 2388.07 8146.57 8.4398 0.03 394 2388 100.0 38.94 23.3622
74 92 0.001 -0.0002 100.0 518.67 642.45 1581.44 1410.23 14.62 21.61 554.04 2388.11 9072.18 1.3 47.52 521.36 2388.06 8148.83 8.42 0.03 393 2388 100.0 38.8 23.3348
74 93 0.0046 0.0002 100.0 518.67 642.56 1591.72 1409.7 14.62 21.61 552.63 2388.13 9068.99 1.3 47.43 521.8 2388.05 8148.05 8.4441 0.03 394 2388 100.0 38.65 23.2696
74 94 0.0005 0.0 100.0 518.67 642.42 1584.79 1408.51 14.62 21.61 553.76 2388.1 9068.78 1.3 47.54 521.42 2388.07 8144.43 8.4513 0.03 393 2388 100.0 38.95 23.2134
74 95 -0.0026 -0.0002 100.0 518.67 642.62 1591.85 1411.03 14.62 21.61 552.73 2388.09 9076.32 1.3 47.47 521.79 2388.1 8155.84 8.4699 0.03 395 2388 100.0 38.84 23.3075
74 96 -0.0012 -0.0001 100.0 518.67 642.58 1598.61 1404.18 14.62 21.61 553.67 2388.08 9073.83 1.3 47.4 520.97 2388.09 8148.97 8.4351 0.03 394 2388 100.0 38.83 23.303
74 97 0.0016 0.0002 100.0 518.67 642.64 1590.12 1407.63 14.62 21.61 553.94 2388.11 9067.02 1.3 47.5 521.95 2388.06 8148.71 8.4633 0.03 393 2388 100.0 38.82 23.3028
74 98 0.0008 -0.0003 100.0 518.67 642.33 1590.37 1405.12 14.62 21.61 553.89 2388.08 9078.82 1.3 47.53 521.59 2388.07 8149.66 8.4091 0.03 393 2388 100.0 39.04 23.3007
74 99 -0.0014 0.0001 100.0 518.67 642.24 1596.47 1404.47 14.62 21.61 553.54 2388.11 9078.7 1.3 47.42 521.92 2388.05 8146.43 8.4294 0.03 393 2388 100.0 38.85 23.263
74 100 0.0001 0.0 100.0 518.67 642.9 1591.01 1413.81 14.62 21.61 553.93 2388.12 9074.69 1.3 47.49 521.74 2388.03 8147.3 8.4153 0.03 394 2388 100.0 38.88 23.3263
74 101 -0.0022 0.0002 100.0 518.67 643.12 1592.93 1410.38 14.62 21.61 553.25 2388.11 9072.68 1.3 47.51 521.78 2388.09 8153.33 8.4058 0.03 394 2388 100.0 38.68 23.2663
74 102 -0.0035 0.0004 100.0 518.67 642.97 1591.01 1404.52 14.62 21.61 553.54 2388.16 9069.9 1.3 47.71 521.11 2388.07 8150.78 8.4193 0.03 392 2388 100.0 38.86 23.2856
74 103 -0.0023 0.0002 100.0 518.67 643.03 1582.31 1402.38 14.62 21.61 553.41 2388.07 9065.7 1.3 47.64 521.81 2388.05 8147.79 8.4222 0.03 393 2388 100.0 38.69 23.3382
74 104 0.0034 -0.0002 100.0 518.67 642.74 1589.27 1412.87 14.62 21.61 553.63 2388.09 9069.58 1.3 47.38 521.2 2388.12 8153.88 8.4626 0.03 394 2388 100.0 38.7 23.2976
74 105 0.0012 -0.0 100.0 518.67 642.35 1589.44 1408.05 14.62 21.61 553.34 2388.08 9070.37 1.3 47.55 521.25 2388.05 8153.15 8.4178 0.03 394 2388 100.0 38.91 23.2909
74 106 0.0041 0.0003 100.0 518.67 643.53 1589.56 1410.22 14.62 21.61 553.3 2388.09 9072.74 1.3 47.44 521.87 2388.04 8145.5 8.4341 0.03 394 2388 100.0 38.71 23.2967
74 107 -0.0014 0.0002 100.0 518.67 643.2 1582.67 1408.79 14.62 21.61 553.88 2388.11 9073.79 1.3 47.66 521.89 2388.11 8146.98 8.4331 0.03 393 2388 100.0 38.85 23.3391
74 108 0.0024 -0.0003 100.0 518.67 642.82 1593.3 1410.51 14.62 21.61 553.85 2388.12 9071.53 1.3 47.42 521.37 2388.16 8150.17 8.405 0.03 394 2388 100.0 38.87 23.3646
74 109 -0.0014 -0.0002 100.0 518.67 642.18 1598.16 1413.99 14.62 21.61 553.74 2388.07 9071.91 1.3 47.61 521.36 2388.09 8151.09 8.4683 0.03 393 2388 100.0 38.92 23.2388
74 110 0.0009 0.0002 100.0 518.67 642.96 1594.88 1412.2 14.62 21.61 553.86 2388.07 9085.87 1.3 47.41 521.43 2388.03 8154.33 8.4598 0.03 394 2388 100.0 38.84 23.3104
74 111 -0.0015 0.0002 100.0 518.67 642.32 1588.18 1410.32 14.62 21.61 553.03 2388.03 9075.71 1.3 47.4 521.12 2388.09 8153.56 8.3926 0.03 393 2388 100.0 38.74 23.2571
74 112 0.0027 -0.0005 100.0 518.67 642.53 1591.35 1406.68 14.62 21.61 553.24 2388.11 9075.58 1.3 47.6 521.24 2388.12 8149.97 8.4443 0.03 394 2388 100.0 38.81 23.2512
74 113 -0.0013 0.0004 100.0 518.67 642.93 1590.4 1408.01 14.62 21.61 553.45 2388.08 9073.22 1.3 47.48 521.66 2388.06 8152.72 8.4168 0.03 392 2388 100.0 38.71 23.4162
74 114 0.0013 0.0005 100.0 518.67 642.83 1588.59 1414.57 14.62 21.61 553.4 2388.07 9076.45 1.3 47.59 521.01 2388.09 8152.25 8.4469 0.03 393 2388 100.0 38.87 23.2075
74 115 0.002 0.0003 100.0 518.67 642.82 1592.32 1413.17 14.62 21.61 553.89 2388.16 9073.93 1.3 47.58 521.49 2388.11 8152.53 8.445 0.03 394 2388 100.0 38.79 23.2961
74 116 0.0012 0.0002 100.0 518.67 642.83 1592.89 1414.04 14.62 21.61 553.55 2388.06 9078.15 1.3 47.54 521.03 2388.05 8154.74 8.4423 0.03 392 2388 100.0 38.96 23.2169
74 117 -0.0028 0.0002 100.0 518.67 642.57 1585.15 1416.4 14.62 21.61 553.4 2388.09 9080.13 1.3 47.58 521.44 2388.09 8151.4 8.4195 0.03 394 2388 100.0 38.86 23.2592
74 118 -0.0034 -0.0002 100.0 518.67 642.37 1587.22 1403.75 14.62 21.61 553.14 2388.05 9079.94 1.3 47.38 521.7 2388.06 8161.26 8.4585 0.03 393 2388 100.0 38.75 23.2603
74 119 0.0002 -0.0003 100.0 518.67 643.29 1590.69 1415.34 14.62 21.61 553.13 2388.13 9075.3 1.3 47.44 521.48 2388.03 8147.08 8.4518 0.03 395 2388 100.0 38.78 23.302
74 120 -0.0014 -0.0003 100.0 518.67 642.68 1584.98 1408.76 14.62 21.61 553.91 2388.03 9079.02 1.3 47.3 521.96 2388.09 8154.38 8.4506 0.03 395 2388 100.0 38.84 23.3463
74 121 -0.004 -0.0002 100.0 518.67 643.04 1593.04 1415.93 14.62 21.61 553.09 2388.09 9073.53 1.3 47.44 520.75 2388.05 8151.76 8.4342 0.03 394 2388 100.0 38.72 23.2327
74 122 -0.0001 -0.0004 100.0 518.67 642.94 1598.07 1404.97 14.62 21.61 553.95 2388.08 9077.39 1.3 47.78 520.84 2388.09 8157.13 8.4548 0.03 395 2388 100.0 38.78 23.2295
74 123 0.0003 0.0001 100.0 518.67 642.62 1593.17 1406.82 14.62 21.61 552.96 2388.09 9076.02 1.3 47.42 520.93 2388.11 8152.01 8.453 0.03 393 2388 100.0 38.78 23.2405
74 124 -0.0002 0.0003 100.0 518.67 642.45 1590.6 1409.53 14.62 21.61 553.73 2388.1 9070.62 1.3 47.76 521.17 2388.14 8154.93 8.4409 0.03 394 2388 100.0 38.93 23.2633
74 125 0.0016 0.0004 100.0 518.67 643.09 1601.37 1409.17 14.62 21.61 553.43 2388.09 9073.15 1.3 47.45 522.1 2388.12 8151.22 8.4297 0.03 393 2388 100.0 38.75 23.2543
74 126 0.0032 -0.0001 100.0 518.67 642.83 1591.61 1414.84 14.62 21.61 553.26 2388.09 9077.11 1.3 47.66 521.16 2388.12 8155.3 8.4667 0.03 395 2388 100.0 38.76 23.2855
74 127 -0.0018 -0.0 100.0 518.67 642.98 1594.5 1403.31 14.62 21.61 553.84 2388.08 9078.2 1.3 47.51 520.96 2388.05 8153.26 8.4492 0.03 395 2388 100.0 38.82 23.3052
74 128 0.0002 0.0004 100.0 518.67 642.88 1593.76 1412.46 14.62 21.61 553.27 2388.1 9076.89 1.3 47.78 521.18 2388.11 8157.14 8.4147 0.03 395 2388 100.0 38.76 23.305
74 129 -0.0016 0.0002 100.0 518.67 642.46 1594.77 1416.0 14.62 21.61 552.73 2388.08 9073.83 1.3 47.53 521.13 2388.14 8155.58 8.4819 0.03 394 2388 100.0 38.85 23.3831
74 130 -0.0012 0.0002 100.0 518.67 642.8 1595.94 1410.14 14.62 21.61 553.52 2388.02 9080.92 1.3 47.48 521.06 2388.07 8155.32 8.4512 0.03 392 2388 100.0 38.77 23.3668
74 131 0.0012 -0.0002 100.0 518.67 642.95 1588.49 1408.61 14.62 21.61 552.72 2388.12 9077.65 1.3 47.74 521.26 2388.16 8158.82 8.4411 0.03 394 2388 100.0 38.83 23.1944
74 132 -0.0002 0.0004 100.0 518.67 643.0 1594.82 1413.95 14.62 21.61 552.76 2388.09 9075.83 1.3 47.63 521.36 2388.15 8159.83 8.4458 0.03 393 2388 100.0 38.74 23.1959
74 133 0.0012 0.0001 100.0 518.67 642.99 1590.86 1407.23 14.62 21.61 553.03 2388.1 9074.34 1.3 47.75 521.15 2388.08 8152.49 8.4622 0.03 394 2388 100.0 38.7 23.2979
74 134 -0.0026 0.0002 100.0 518.67 642.55 1589.12 1410.7 14.62 21.61 553.6 2388.05 9077.99 1.3 47.59 521.3 2388.11 8154.85 8.457 0.03 392 2388 100.0 38.92 23.2944
74 135 0.0022 -0.0002 100.0 518.67 642.53 1593.97 1415.85 14.62 21.61 553.55 2388.14 9078.3 1.3 47.73 521.28 2388.1 8160.66 8.4241 0.03 393 2388 100.0 38.62 23.3055
74 136 0.0024 0.0003 100.0 518.67 643.13 1598.8 1407.33 14.62 21.61 552.56 2388.04 9084.15 1.3 47.87 520.78 2388.08 8152.32 8.4268 0.03 395 2388 100.0 38.87 23.2185
74 137 -0.0025 -0.0003 100.0 518.67 642.52 1592.88 1418.97 14.62 21.61 553.55 2388.13 9080.7 1.3 47.61 521.16 2388.06 8161.46 8.4495 0.03 395 2388 100.0 38.83 23.2779
74 138 -0.005 0.0001 100.0 518.67 642.82 1603.33 1413.43 14.62 21.61 552.89 2388.14 9084.74 1.3 47.67 521.49 2388.12 8154.29 8.4661 0.03 393 2388 100.0 38.75 23.3175
74 139 0.0031 0.0003 100.0 518.67 643.08 1588.73 1412.68 14.62 21.61 553.26 2388.08 9079.67 1.3 47.77 520.98 2388.11 8159.94 8.484 0.03 395 2388 100.0 38.82 23.164
74 140 -0.0036 0.0005 100.0 518.67 642.6 1595.45 1408.18 14.62 21.61 552.82 2388.12 9084.5 1.3 47.67 520.86 2388.13 8156.77 8.4869 0.03 391 2388 100.0 38.67 23.2594
74 141 0.0008 0.0 100.0 518.67 642.6 1589.86 1415.13 14.62 21.61 553.06 2388.08 9079.55 1.3 47.82 520.88 2388.09 8158.99 8.4267 0.03 394 2388 100.0 38.66 23.3153
74 142 -0.002 0.0002 100.0 518.67 642.73 1595.92 1421.34 14.62 21.61 553.88 2388.1 9092.28 1.3 47.77 521.01 2388.14 8160.84 8.4827 0.03 394 2388 100.0 38.72 23.1868
74 143 -0.0043 0.0003 100.0 518.67 642.7 1593.24 1410.48 14.62 21.61 552.5 2388.07 9089.99 1.3 47.64 521.23 2388.11 8159.26 8.4454 0.03 394 2388 100.0 38.71 23.246
74 144 0.0003 -0.0002 100.0 518.67 643.11 1596.3 1410.42 14.62 21.61 553.47 2388.12 9090.68 1.3 47.65 520.83 2388.14 8162.0 8.504 0.03 394 2388 100.0 38.72 23.209
74 145 -0.0006 -0.0005 100.0 518.67 643.21 1595.73 1413.04 14.62 21.61 552.48 2388.16 9085.04 1.3 47.77 520.77 2388.12 8162.5 8.4737 0.03 395 2388 100.0 38.82 23.2306
74 146 -0.0005 -0.0003 100.0 518.67 643.26 1590.93 1409.59 14.62 21.61 552.45 2388.18 9086.34 1.3 47.76 520.68 2388.15 8161.01 8.4888 0.03 394 2388 100.0 38.73 23.1507
74 147 0.0032 -0.0002 100.0 518.67 642.75 1596.46 1413.83 14.62 21.61 553.11 2388.06 9087.0 1.3 47.78 521.03 2388.12 8160.32 8.4757 0.03 393 2388 100.0 38.76 23.1544
74 148 -0.0038 -0.0003 100.0 518.67 643.05 1594.95 1411.69 14.62 21.61 553.03 2388.1 9098.52 1.3 47.89 520.87 2388.07 8160.84 8.4953 0.03 395 2388 100.0 38.74 23.1846
74 149 -0.001 0.0003 100.0 518.67 642.77 1592.48 1413.6 14.62 21.61 551.75 2388.13 9091.1 1.3 47.75 520.76 2388.08 8163.38 8.4479 0.03 393 2388 100.0 38.64 23.3094
74 150 0.0011 -0.0001 100.0 518.67 643.54 1590.22 1411.72 14.62 21.61 552.92 2388.16 9087.73 1.3 47.69 521.02 2388.1 8164.71 8.4761 0.03 395 2388 100.0 38.69 23.3178
74 151 0.0013 0.0004 100.0 518.67 643.64 1592.44 1415.56 14.62 21.61 552.78 2388.14 9086.04 1.3 47.67 520.62 2388.21 8161.63 8.4725 0.03 393 2388 100.0 38.58 23.2624
74 152 -0.0009 -0.0001 100.0 518.67 642.86 1590.61 1414.59 14.62 21.61 552.97 2388.16 9096.0 1.3 47.64 520.76 2388.11 8164.4 8.4697 0.03 393 2388 100.0 38.55 23.3304
74 153 -0.0019 -0.0001 100.0 518.67 642.89 1595.33 1418.41 14.62 21.61 552.43 2388.12 9090.6 1.3 47.78 520.9 2388.09 8156.09 8.4474 0.03 395 2388 100.0 38.69 23.2207
74 154 0.0009 0.0001 100.0 518.67 642.73 1592.63 1420.25 14.62 21.61 552.87 2388.14 9084.78 1.3 47.88 520.87 2388.1 8164.5 8.4595 0.03 396 2388 100.0 38.7 23.25
74 155 0.0008 0.0003 100.0 518.67 642.91 1596.5 1419.68 14.62 21.61 552.9 2388.13 9096.04 1.3 47.63 521.12 2388.12 8158.35 8.437 0.03 394 2388 100.0 38.78 23.2057
74 156 0.0013 0.0002 100.0 518.67 642.8 1600.18 1422.21 14.62 21.61 553.14 2388.1 9092.81 1.3 47.77 521.32 2388.08 8165.75 8.4571 0.03 394 2388 100.0 38.64 23.225
74 157 -0.0004 0.0002 100.0 518.67 642.96 1592.51 1417.34 14.62 21.61 551.95 2388.18 9092.83 1.3 47.72 521.2 2388.12 8163.21 8.492 0.03 394 2388 100.0 38.67 23.16
74 158 -0.0013 0.0002 100.0 518.67 643.86 1591.59 1409.81 14.62 21.61 553.13 2388.14 9099.7 1.3 47.78 520.36 2388.12 8168.05 8.4495 0.03 395 2388 100.0 38.42 23.1463
74 159 -0.0005 -0.0005 100.0 518.67 643.65 1595.69 1421.32 14.62 21.61 552.47 2388.17 9092.24 1.3 47.8 520.92 2388.1 8161.45 8.4985 0.03 396 2388 100.0 38.68 23.1965
74 160 -0.0012 0.0004 100.0 518.67 642.86 1589.93 1419.09 14.62 21.61 552.21 2388.11 9097.67 1.3 47.97 521.02 2388.12 8165.05 8.4824 0.03 396 2388 100.0 38.77 23.1479
74 161 0.0031 -0.0003 100.0 518.67 643.73 1593.72 1419.91 14.62 21.61 552.09 2388.13 9101.47 1.3 47.78 520.97 2388.12 8165.76 8.4462 0.03 394 2388 100.0 38.51 23.1315
74 162 0.0014 0.0 100.0 518.67 643.37 1597.81 1418.83 14.62 21.61 551.99 2388.15 9085.94 1.3 47.8 520.84 2388.1 8171.65 8.4562 0.03 395 2388 100.0 38.67 23.1416
74 163 0.0009 -0.0001 100.0 518.67 642.91 1591.14 1413.8 14.62 21.61 552.86 2388.17 9098.64 1.3 47.84 520.87 2388.12 8170.3 8.489 0.03 394 2388 100.0 38.67 23.2407
74 164 -0.0016 0.0004 100.0 518.67 643.59 1591.91 1422.34 14.62 21.61 552.2 2388.15 9089.99 1.3 47.7 520.25 2388.11 8165.85 8.4983 0.03 395 2388 100.0 38.46 23.2365
74 165 0.001 0.0001 100.0 518.67 642.93 1593.38 1424.0 14.62 21.61 551.6 2388.15 9095.64 1.3 47.83 520.42 2388.19 8165.88 8.5034 0.03 396 2388 100.0 38.76 23.1266
74 166 0.0058 0.0003 100.0 518.67 643.17 1599.29 1416.25 14.62 21.61 551.97 2388.15 9096.96 1.3 47.85 520.38 2388.11 8172.19 8.4335 0.03 395 2388 100.0 38.73 23.1721
74 167 -0.0001 0.0003 100.0 518.67 643.55 1597.55 1420.79 14.62 21.61 552.44 2388.17 9100.37 1.3 47.89 520.83 2388.15 8171.55 8.4929 0.03 394 2388 100.0 38.55 23.2165
74 168 -0.0002 0.0003 100.0 518.67 642.63 1594.42 1427.84 14.62 21.61 552.49 2388.15 9108.06 1.3 47.74 520.73 2388.16 8173.59 8.499 0.03 396 2388 100.0 38.46 23.0739
74 169 -0.0018 0.0003 100.0 518.67 643.6 1596.01 1422.36 14.62 21.61 552.24 2388.12 9094.56 1.3 47.92 521.08 2388.16 8175.02 8.4502 0.03 396 2388 100.0 38.57 23.0649
74 170 0.0004 -0.0004 100.0 518.67 643.41 1596.4 1416.62 14.62 21.61 552.01 2388.16 9102.75 1.3 47.93 520.63 2388.19 8176.81 8.4736 0.03 397 2388 100.0 38.6 23.2151
74 171 0.0024 0.0002 100.0 518.67 643.35 1596.0 1419.5 14.62 21.61 552.37 2388.17 9107.48 1.3 47.99 520.84 2388.12 8176.4 8.4987 0.03 395 2388 100.0 38.58 23.1105
74 172 -0.0001 -0.0 100.0 518.67 643.3 1598.33 1422.11 14.62 21.61 552.73 2388.16 9110.96 1.3 47.95 520.64 2388.17 8170.25 8.4923 0.03 395 2388 100.0 38.53 23.0837
74 173 -0.0009 -0.0002 100.0 518.67 643.61 1589.85 1417.12 14.62 21.61 552.33 2388.19 9109.66 1.3 48.0 520.99 2388.15 8177.71 8.5057 0.03 395 2388 100.0 38.78 23.1875
74 174 0.0003 0.0002 100.0 518.67 643.5 1599.91 1432.1 14.62 21.61 552.37 2388.21 9105.0 1.3 48.03 520.31 2388.17 8179.28 8.4907 0.03 395 2388 100.0 38.52 22.9958
74 175 0.0014 0.0002 100.0 518.67 643.49 1602.55 1422.31 14.62 21.61 551.72 2388.17 9115.94 1.3 48.05 520.89 2388.15 8176.9 8.4783 0.03 396 2388 100.0 38.37 23.1642
74 176 -0.0019 -0.0003 100.0 518.67 643.7 1602.0 1425.05 14.62 21.61 552.02 2388.17 9111.39 1.3 47.97 520.11 2388.18 8174.77 8.4963 0.03 397 2388 100.0 38.52 23.1495
74 177 -0.0013 0.0 100.0 518.67 644.05 1599.01 1424.45 14.62 21.61 552.06 2388.24 9105.68 1.3 47.85 520.86 2388.11 8182.2 8.476 0.03 395 2388 100.0 38.43 23.1485
74 178 0.0013 0.0003 100.0 518.67 643.44 1602.8 1420.23 14.62 21.61 551.96 2388.15 9118.05 1.3 48.11 520.25 2388.2 8179.88 8.5217 0.03 396 2388 100.0 38.41 23.0355
74 179 0.0055 0.0003 100.0 518.67 643.28 1596.84 1421.97 14.62 21.61 552.63 2388.18 9111.83 1.3 47.89 520.44 2388.17 8185.45 8.5344 0.03 396 2388 100.0 38.39 23.0611
74 180 0.0013 -0.0003 100.0 518.67 643.89 1601.22 1419.38 14.62 21.61 552.19 2388.16 9115.1 1.3 47.91 520.46 2388.18 8182.57 8.4847 0.03 396 2388 100.0 38.58 23.1474
74 181 0.0015 -0.0001 100.0 518.67 642.91 1599.95 1418.14 14.62 21.61 552.44 2388.16 9119.64 1.3 48.06 519.88 2388.2 8187.35 8.4608 0.03 396 2388 100.0 38.63 23.0699
74 182 -0.0008 -0.0001 100.0 518.67 643.64 1603.14 1430.92 14.62 21.61 551.81 2388.15 9113.76 1.3 47.97 519.99 2388.16 8182.78 8.529 0.03 396 2388 100.0 38.5 23.0488
74 183 0.0026 -0.0001 100.0 518.67 643.66 1602.08 1418.55 14.62 21.61 551.38 2388.16 9110.73 1.3 48.15 520.09 2388.22 8187.03 8.5016 0.03 395 2388 100.0 38.55 23.0303
74 184 0.003 -0.0001 100.0 518.67 644.24 1603.65 1426.94 14.62 21.61 551.66 2388.16 9116.76 1.3 48.07 520.41 2388.15 8183.11 8.5086 0.03 395 2388 100.0 38.57 22.9709
74 185 -0.0004 -0.0003 100.0 518.67 643.45 1600.02 1433.36 14.62 21.61 552.46 2388.16 9127.83 1.3 48.32 520.44 2388.16 8188.2 8.528 0.03 397 2388 100.0 38.37 23.0369
74 186 0.0 -0.0004 100.0 518.67 643.41 1602.53 1425.26 14.62 21.61 551.91 2388.11 9113.77 1.3 48.11 519.97 2388.17 8193.29 8.5143 0.03 397 2388 100.0 38.47 23.034
74 187 0.0012 0.0002 100.0 518.67 644.0 1607.99 1418.1 14.62 21.61 551.58 2388.21 9123.29 1.3 47.94 520.13 2388.19 8193.69 8.4907 0.03 397 2388 100.0 38.37 23.0081
74 188 -0.0019 0.0004 100.0 518.67 644.01 1604.91 1429.76 14.62 21.61 551.72 2388.17 9122.47 1.3 48.15 519.78 2388.2 8188.66 8.517 0.03 396 2388 100.0 38.43 23.0597
74 189 -0.0018 -0.0001 100.0 518.67 643.62 1608.47 1430.89 14.62 21.61 551.73 2388.2 9124.69 1.3 48.09 520.13 2388.21 8193.77 8.519 0.03 397 2388 100.0 38.42 23.0602
74 190 0.0002 0.0001 100.0 518.67 644.45 1603.86 1430.65 14.62 21.61 551.12 2388.21 9130.13 1.3 48.15 519.85 2388.17 8196.67 8.5332 0.03 395 2388 100.0 38.3 22.9921
74 191 -0.0016 0.0003 100.0 518.67 643.23 1595.95 1428.86 14.62 21.61 552.23 2388.16 9139.0 1.3 48.23 519.71 2388.21 8193.37 8.4971 0.03 397 2388 100.0 38.77 22.9974
74 192 -0.002 0.0002 100.0 518.67 643.81 1608.1 1426.99 14.62 21.61 551.69 2388.23 9134.36 1.3 47.95 519.22 2388.22 8195.83 8.5338 0.03 398 2388 100.0 38.36 23.0764
74 193 0.0009 -0.0003 100.0 518.67 643.57 1601.18 1428.73 14.62 21.61 551.53 2388.18 9138.58 1.3 48.25 520.15 2388.19 8195.19 8.5465 0.03 396 2388 100.0 38.39 22.9537
