61 1 0.0023 0.0015 100.0 518.67 642.6 1578.03 1400.55 14.62 21.61 554.62 2387.99 9058.92 1.3 47.2 522.94 2388.01 8140.05 8.3692 0.03 391 2388 100.0 38.99 23.4518
61 2 34.9993 0.84 100.0 449.44 555.62 1369.2 1123.47 5.48 8.0 195.47 2222.98 8352.67 1.03 41.76 183.58 2388.15 8070.34 9.2962 0.02 334 2223 100.0 14.9 8.9995
61 3 42.004 0.8408 100.0 445.0 549.75 1349.91 1115.96 3.91 5.71 138.61 2212.01 8314.0 1.02 41.9 130.31 2388.07 8088.12 9.3102 0.02 330 2212 100.0 10.57 6.4511
61 4 0.0001 0.0 100.0 518.67 642.77 1588.66 1390.78 14.62 21.61 554.19 2388.01 9053.98 1.3 47.11 522.57 2388.01 8139.87 8.4049 0.03 393 2388 100.0 38.99 23.4398
61 5 19.999 0.7 100.0 491.19 606.88 1481.52 1236.91 9.35 13.65 335.35 2323.91 8728.37 1.08 44.21 315.2 2388.08 8060.38 9.1928 0.02 363 2324 100.0 24.5 14.7989
61 6 20.0018 0.7006 100.0 491.19 606.74 1479.75 1245.78 9.35 13.65 334.31 2323.92 8721.38 1.08 44.15 315.37 2388.03 8063.33 9.1793 0.02 363 2324 100.0 24.55 14.7494
61 7 35.0038 0.84 100.0 449.44 555.15 1360.15 1117.03 5.48 8.0 194.49 2222.95 8357.29 1.02 41.61 183.23 2388.11 8069.21 9.2783 0.02 333 2223 100.0 15.08 8.9835
61 8 0.0019 0.0 100.0 518.67 642.32 1582.54 1401.25 14.62 21.61 554.34 2388.05 9061.33 1.3 47.25 522.29 2388.05 8140.62 8.3638 0.03 392 2388 100.0 38.97 23.5101
61 9 20.0012 0.7 100.0 491.19 607.86 1479.63 1243.68 9.35 13.65 334.98 2323.95 8729.53 1.08 44.14 315.58 2388.1 8067.67 9.1643 0.02 363 2324 100.0 24.45 14.7025
61 10 42.0049 0.84 100.0 445.0 549.33 1343.26 1112.46 3.91 5.71 138.97 2212.05 8322.85 1.02 41.65 130.29 2388.15 8090.79 9.3042 0.02 330 2212 100.0 10.66 6.4441
61 11 25.0073 0.62 60.0 462.54 536.94 1259.07 1041.49 7.05 9.02 175.61 1915.36 8017.32 0.94 36.34 164.54 2028.27 7869.08 10.8441 0.02 306 1915 84.93 14.39 8.5666
61 12 25.002 0.62 60.0 462.54 536.53 1258.82 1037.81 7.05 9.03 175.57 1915.42 8008.17 0.94 36.69 164.9 2028.36 7879.36 10.8383 0.02 306 1915 84.93 14.15 8.6318
61 13 42.0028 0.8408 100.0 445.0 549.74 1352.8 1117.27 3.91 5.72 139.26 2212.02 8324.78 1.02 41.79 130.9 2388.09 8088.19 9.3474 0.02 329 2212 100.0 10.65 6.4476
61 14 10.0053 0.25 100.0 489.05 604.61 1493.66 1299.09 10.52 15.49 395.52 2318.84 8783.98 1.26 45.07 372.44 2388.02 8136.47 8.6187 0.03 367 2319 100.0 28.74 17.1328
61 15 10.003 0.25 100.0 489.05 604.95 1490.01 1298.79 10.52 15.49 395.79 2318.78 8780.46 1.26 45.15 372.18 2388.02 8136.12 8.5695 0.03 368 2319 100.0 28.65 17.1859
61 16 0.0014 0.0019 100.0 518.67 642.25 1582.77 1398.2 14.62 21.61 554.3 2387.99 9066.97 1.3 47.11 522.37 2388.07 8140.58 8.4136 0.03 391 2388 100.0 38.91 23.4331
61 17 0.001 0.0007 100.0 518.67 642.37 1583.38 1394.12 14.62 21.61 554.94 2388.09 9058.0 1.3 47.14 522.39 2388.0 8145.23 8.4257 0.03 392 2388 100.0 39.14 23.3745
61 18 41.9997 0.8403 100.0 445.0 549.53 1348.96 1116.5 3.91 5.72 139.34 2212.06 8327.94 1.02 41.75 130.45 2388.13 8093.98 9.3097 0.02 330 2212 100.0 10.65 6.3803
61 19 42.0043 0.84 100.0 445.0 548.99 1345.47 1113.99 3.91 5.71 138.57 2212.0 8322.65 1.02 41.78 131.0 2388.08 8094.05 9.3069 0.02 330 2212 100.0 10.69 6.4069
61 20 35.003 0.8411 100.0 449.44 555.09 1357.58 1122.02 5.48 8.0 195.37 2223.02 8347.09 1.02 41.84 183.63 2388.16 8071.68 9.272 0.02 333 2223 100.0 14.94 8.877
61 21 41.9981 0.84 100.0 445.0 549.42 1347.79 1119.9 3.91 5.71 138.44 2212.12 8330.2 1.02 41.83 130.78 2388.11 8094.77 9.3377 0.02 329 2212 100.0 10.87 6.4816
61 22 42.0059 0.84 100.0 445.0 549.27 1357.07 1116.61 3.91 5.72 138.56 2212.07 8318.96 1.02 41.65 130.58 2388.17 8087.57 9.3589 0.02 330 2212 100.0 10.57 6.4176
61 23 35.0016 0.84 100.0 449.44 555.36 1360.27 1121.93 5.48 8.0 194.75 2223.02 8354.88 1.02 41.79 183.26 2388.13 8073.75 9.2717 0.02 333 2223 100.0 14.68 9.0142
61 24 20.0015 0.7 100.0 491.19 607.46 1476.36 1248.76 9.35 13.65 334.9 2323.94 8724.95 1.08 44.12 314.94 2388.06 8058.83 9.1845 0.02 364 2324 100.0 24.63 14.7394
61 25 35.0079 0.84 100.0 449.44 555.38 1352.2 1121.86 5.48 8.0 194.69 2222.99 8350.2 1.02 41.84 183.21 2388.11 8073.59 9.2791 0.02 332 2223 100.0 14.98 9.0278
61 26 0.0021 0.0 100.0 518.67 642.18 1587.85 1394.26 14.62 21.6 554.48 2388.02 9056.37 1.3 47.14 522.4 2388.04 8136.66 8.3734 0.03 391 2388 100.0 38.97 23.4289
61 27 19.9985 0.7015 100.0 491.19 607.39 1472.38 1240.17 9.35 13.65 335.41 2323.91 8724.13 1.08 44.31 315.76 2388.04 8065.01 9.1894 0.02 365 2324 100.0 24.58 14.6856
61 28 0.0013 0.0 100.0 518.67 641.6 1592.39 1388.12 14.62 21.61 554.52 2388.04 9062.49 1.3 47.06 521.99 2388.0 8144.32 8.3562 0.03 393 2388 100.0 39.13 23.4066
61 29 25.0074 0.6203 60.0 462.54 536.42 1256.58 1044.3 7.05 9.03 175.86 1915.42 8010.04 0.94 36.49 164.85 2028.32 7876.23 10.863 0.02 306 1915 84.93 14.32 8.6517
61 30 10.0037 0.25 100.0 489.05 604.41 1497.56 1308.75 10.52 15.49 395.06 2318.83 8779.1 1.26 45.06 371.91 2388.0 8131.97 8.5907 0.03 367 2319 100.0 28.58 17.1828
61 31 9.999 0.2514 100.0 489.05 604.87 1502.19 1298.9 10.52 15.49 394.46 2318.8 8778.34 1.26 45.24 371.91 2388.06 8134.54 8.6298 0.03 370 2319 100.0 28.71 17.2607
61 32 25.0 0.62 60.0 462.54 537.08 1254.24 1041.97 7.05 9.03 175.32 1915.4 8005.98 0.94 36.51 164.57 2028.33 7880.49 10.87 0.02 307 1915 84.93 14.2 8.6566
61 33 0.0027 0.0 100.0 518.67 642.49 1582.25 1400.48 14.62 21.61 554.69 2388.01 9058.54 1.3 47.16 522.4 2388.02 8142.12 8.4053 0.03 392 2388 100.0 39.0 23.4489
61 34 41.9981 0.8418 100.0 445.0 549.31 1341.68 1117.44 3.91 5.71 137.99 2212.05 8326.7 1.02 41.7 130.86 2388.11 8088.06 9.3172 0.02 330 2212 100.0 10.71 6.4041
61 35 35.0067 0.84 100.0 449.44 555.48 1366.15 1122.78 5.48 8.0 194.68 2223.06 8358.06 1.02 41.69 183.2 2388.16 8077.56 9.2622 0.02 333 2223 100.0 14.75 8.9627
61 36 42.0004 0.84 100.0 445.0 549.21 1346.24 1118.57 3.91 5.71 139.25 2212.06 8323.51 1.02 41.74 130.91 2388.13 8089.74 9.3503 0.02 329 2212 100.0 10.49 6.3364
61 37 9.9992 0.25 100.0 489.05 604.6 1493.41 1306.29 10.52 15.49 395.68 2318.83 8785.12 1.26 45.23 371.87 2388.04 8139.56 8.5849 0.03 368 2319 100.0 28.73 17.289
61 38 41.9987 0.84 100.0 445.0 548.78 1352.31 1114.44 3.91 5.72 138.63 2211.97 8328.39 1.02 41.68 130.94 2388.11 8091.62 9.3272 0.02 330 2212 100.0 10.6 6.4096
61 39 10.0044 0.25 100.0 489.05 604.43 1495.63 1295.35 10.52 15.49 394.96 2318.82 8784.67 1.26 45.3 372.82 2388.0 8137.83 8.5847 0.03 369 2319 100.0 28.6 17.2734
61 40 34.9984 0.8405 100.0 449.44 555.39 1363.25 1121.3 5.48 8.0 194.98 2223.03 8348.2 1.02 41.8 183.51 2388.1 8069.08 9.2784 0.02 332 2223 100.0 14.93 8.9626
61 41 20.0067 0.7014 100.0 491.19 607.24 1477.2 1253.25 9.35 13.65 335.51 2323.92 8730.38 1.08 43.99 315.93 2388.12 8067.42 9.1829 0.02 365 2324 100.0 24.64 14.7069
61 42 0.0018 0.0005 100.0 518.67 642.55 1581.11 1399.69 14.62 21.61 554.6 2387.95 9058.88 1.3 47.33 523.0 2387.97 8141.28 8.4148 0.03 390 2388 100.0 38.93 23.4378
61 43 42.0052 0.8414 100.0 445.0 549.2 1349.13 1123.23 3.91 5.72 138.99 2211.99 8327.57 1.02 41.81 130.93 2388.1 8091.86 9.3621 0.02 330 2212 100.0 10.84 6.4082
61 44 25.0068 0.62 60.0 462.54 537.0 1257.69 1038.92 7.05 9.03 175.31 1915.47 8014.59 0.94 36.58 165.16 2028.26 7881.83 10.8528 0.02 306 1915 84.93 14.35 8.6687
61 45 25.0046 0.62 60.0 462.54 536.43 1254.62 1037.74 7.05 9.03 176.0 1915.45 8011.62 0.94 36.51 165.23 2028.31 7880.62 10.8274 0.02 308 1915 84.93 14.17 8.5807
61 46 25.003 0.6207 60.0 462.54 536.52 1259.61 1045.06 7.05 9.02 176.49 1915.4 8008.38 0.94 36.7 165.24 2028.39 7875.75 10.8653 0.02 306 1915 84.93 14.38 8.5029
61 47 20.0049 0.7 100.0 491.19 606.97 1487.38 1244.82 9.35 13.65 335.24 2323.91 8734.8 1.08 44.23 315.24 2388.05 8069.23 9.2012 0.02 364 2324 100.0 24.58 14.8239
61 48 0.0023 0.0017 100.0 518.67 642.47 1584.32 1401.56 14.62 21.61 554.72 2388.03 9056.87 1.3 47.04 522.18 2388.02 8142.52 8.3803 0.03 392 2388 100.0 39.01 23.4405
61 49 42.005 0.8405 100.0 445.0 549.4 1345.97 1121.65 3.91 5.72 139.11 2212.01 8328.22 1.02 41.9 130.74 2388.1 8084.81 9.3176 0.02 329 2212 100.0 10.61 6.3517
61 50 42.0008 0.84 100.0 445.0 548.99 1346.99 1116.7 3.91 5.72 138.22 2212.03 8325.13 1.02 41.88 130.62 2388.08 8090.81 9.3211 0.02 330 2212 100.0 10.67 6.4629
61 51 10.0025 0.2518 100.0 489.05 604.72 1494.95 1304.44 10.52 15.49 395.38 2318.88 8782.79 1.26 45.05 372.03 2388.04 8135.43 8.6283 0.03 369 2319 100.0 28.5 17.2576
61 52 35.0075 0.84 100.0 449.44 555.1 1365.81 1128.18 5.48 8.0 194.86 2223.01 8358.26 1.02 41.75 183.33 2388.1 8072.04 9.2985 0.02 335 2223 100.0 15.01 9.0584
61 53 19.9999 0.701 100.0 491.19 607.29 1477.69 1241.05 9.35 13.65 334.61 2323.92 8725.64 1.08 44.16 315.7 2388.06 8073.05 9.1729 0.02 364 2324 100.0 24.66 14.6462
61 54 10.0034 0.2515 100.0 489.05 604.4 1499.09 1303.52 10.52 15.49 394.7 2318.88 8783.06 1.26 45.18 371.58 2387.95 8139.58 8.6317 0.03 368 2319 100.0 28.75 17.0912
61 55 10.0043 0.2512 100.0 489.05 604.62 1495.21 1300.21 10.52 15.49 394.69 2318.73 8781.62 1.26 45.13 371.9 2388.03 8134.31 8.6304 0.03 367 2319 100.0 28.55 17.1788
61 56 0.0017 0.0017 100.0 518.67 641.93 1586.07 1399.26 14.62 21.61 554.61 2387.97 9060.58 1.3 46.97 522.15 2388.01 8144.19 8.4056 0.03 393 2388 100.0 39.0 23.5234
61 57 42.0037 0.8401 100.0 445.0 549.72 1353.79 1115.45 3.91 5.71 139.29 2212.07 8336.58 1.02 41.83 131.07 2388.21 8093.37 9.3365 0.02 329 2212 100.0 10.83 6.4583
61 58 0.0003 0.0015 100.0 518.67 642.43 1585.98 1403.52 14.62 21.61 554.42 2388.04 9060.73 1.3 47.27 522.17 2388.04 8146.24 8.3902 0.03 391 2388 100.0 39.03 23.3256
61 59 42.0021 0.8401 100.0 445.0 548.89 1346.0 1113.2 3.91 5.72 139.08 2212.15 8327.33 1.02 41.77 130.8 2388.19 8094.05 9.3367 0.02 331 2212 100.0 10.83 6.4393
61 60 10.0042 0.25 100.0 489.05 604.67 1498.53 1301.74 10.52 15.49 395.32 2318.8 8775.29 1.26 45.2 371.66 2388.06 8137.18 8.6366 0.03 369 2319 100.0 28.75 17.248
61 61 10.0079 0.2503 100.0 489.05 604.39 1498.14 1295.95 10.52 15.49 395.06 2318.84 8786.48 1.26 45.17 372.2 2388.03 8136.88 8.6199 0.03 368 2319 100.0 28.69 17.1834
61 62 42.0056 0.84 100.0 445.0 549.26 1349.93 1119.73 3.91 5.71 138.71 2212.1 8328.79 1.02 41.81 130.58 2388.2 8089.91 9.3021 0.02 329 2212 100.0 10.61 6.4684
61 63 0.0029 0.0 100.0 518.67 641.62 1577.53 1396.98 14.62 21.61 554.8 2388.01 9061.43 1.3 47.08 521.89 2388.0 8144.84 8.3736 0.03 392 2388 100.0 38.98 23.3116
61 64 25.0049 0.62 60.0 462.54 536.42 1256.49 1047.47 7.05 9.02 176.12 1915.48 8011.24 0.94 36.53 165.2 2028.36 7879.49 10.8528 0.02 307 1915 84.93 14.12 8.5689
61 65 0.0001 0.0013 100.0 518.67 641.78 1593.63 1395.78 14.62 21.61 554.72 2388.0 9066.22 1.3 47.13 522.37 2387.99 8146.23 8.4104 0.03 392 2388 100.0 39.11 23.449
61 66 10.0016 0.25 100.0 489.05 604.59 1497.07 1293.81 10.52 15.49 395.03 2318.89 8783.36 1.26 45.23 371.77 2388.01 8139.73 8.6325 0.03 369 2319 100.0 28.69 17.2778
61 67 10.0066 0.25 100.0 489.05 604.46 1500.53 1296.11 10.52 15.49 395.09 2318.86 8783.53 1.26 45.24 371.73 2388.08 8136.72 8.6256 0.03 369 2319 100.0 28.64 17.1982
61 68 24.9993 0.6212 60.0 462.54 536.4 1268.56 1052.13 7.05 9.03 174.9 1915.44 8017.84 0.94 36.36 165.13 2028.32 7878.92 10.8912 0.02 306 1915 84.93 14.16 8.6327
61 69 42.0031 0.8404 100.0 445.0 549.58 1352.19 1119.79 3.91 5.71 139.05 2212.08 8328.02 1.02 41.83 131.22 2388.13 8090.77 9.3447 0.02 329 2212 100.0 10.48 6.4503
61 70 35.0079 0.8416 100.0 449.44 555.54 1363.94 1121.89 5.48 8.0 193.93 2223.05 8354.53 1.03 41.64 183.14 2388.13 8073.43 9.3285 0.02 332 2223 100.0 14.94 8.8509
61 71 10.0065 0.2503 100.0 489.05 604.36 1493.86 1304.66 10.52 15.49 395.63 2318.8 8790.56 1.26 45.27 372.08 2388.02 8135.82 8.6028 0.03 369 2319 100.0 28.54 17.1867
61 72 35.0042 0.8419 100.0 449.44 555.07 1362.95 1128.65 5.48 8.0 195.15 2223.05 8353.58 1.02 41.73 183.31 2388.2 8075.92 9.3004 0.02 333 2223 100.0 15.03 8.8442
61 73 10.004 0.25 100.0 489.05 604.28 1492.0 1300.81 10.52 15.49 395.23 2318.85 8786.89 1.26 45.08 372.24 2388.02 8136.35 8.603 0.03 369 2319 100.0 28.75 17.2093
61 74 35.001 0.8405 100.0 449.44 555.29 1358.64 1124.02 5.48 8.0 194.57 2223.07 8352.99 1.02 41.82 183.63 2388.14 8078.05 9.2906 0.02 332 2223 100.0 14.97 8.9277
61 75 20.0004 0.7005 100.0 491.19 606.8 1477.4 1252.98 9.35 13.65 335.56 2323.96 8731.22 1.08 44.21 315.03 2388.07 8075.34 9.1939 0.02 363 2324 100.0 24.49 14.8313
61 76 0.0021 0.0 100.0 518.67 642.23 1585.02 1398.57 14.62 21.61 554.23 2388.02 9058.92 1.3 47.03 521.55 2388.03 8141.38 8.421 0.03 391 2388 100.0 39.24 23.3538
61 77 35.0047 0.84 100.0 449.44 554.89 1366.22 1123.87 5.48 8.0 195.53 2223.08 8356.34 1.03 41.74 183.5 2388.1 8074.3 9.2838 0.02 334 2223 100.0 14.81 8.8613
61 78 20.0053 0.7 100.0 491.19 606.9 1472.07 1242.75 9.35 13.65 334.28 2324.01 8733.59 1.08 44.01 315.7 2388.12 8073.09 9.18 0.02 365 2324 100.0 24.46 14.7666
61 79 25.0054 0.62 60.0 462.54 536.75 1265.8 1042.76 7.05 9.02 176.08 1915.5 8008.73 0.94 36.48 164.68 2028.34 7883.35 10.8708 0.02 306 1915 84.93 14.52 8.4674
61 80 42.0018 0.84 100.0 445.0 549.5 1348.61 1117.86 3.91 5.72 139.41 2212.12 8334.07 1.02 41.84 131.26 2388.17 8093.86 9.3299 0.02 330 2212 100.0 10.7 6.5559
61 81 0.0006 0.0008 100.0 518.67 641.68 1580.09 1395.22 14.62 21.61 554.92 2387.96 9059.78 1.3 47.32 522.56 2387.94 8139.57 8.4062 0.03 392 2388 100.0 38.93 23.4014
61 82 19.9984 0.7 100.0 491.19 606.94 1477.33 1245.85 9.35 13.65 335.18 2324.0 8730.8 1.08 44.13 315.62 2388.12 8068.88 9.1806 0.02 364 2324 100.0 24.54 14.7312
61 83 35.0002 0.84 100.0 449.44 555.82 1371.37 1124.13 5.48 8.0 194.77 2223.07 8354.51 1.02 41.79 183.72 2388.16 8074.6 9.309 0.02 334 2223 100.0 14.97 8.9916
61 84 0.0006 0.0 100.0 518.67 642.11 1585.06 1403.6 14.62 21.61 554.39 2388.05 9062.4 1.3 47.18 522.32 2387.98 8141.57 8.3958 0.03 391 2388 100.0 39.07 23.4118
61 85 0.0007 0.0 100.0 518.67 642.49 1583.08 1398.78 14.62 21.61 553.91 2387.99 9063.94 1.3 47.31 521.78 2387.98 8143.29 8.4419 0.03 391 2388 100.0 39.06 23.3059
61 86 35.0006 0.8418 100.0 449.44 555.24 1361.95 1117.91 5.48 8.0 194.93 2223.09 8357.3 1.02 41.58 182.96 2388.2 8073.96 9.3477 0.02 332 2223 100.0 14.84 8.9748
61 87 41.9994 0.84 100.0 445.0 548.96 1348.92 1115.14 3.91 5.72 138.45 2212.1 8328.88 1.02 41.97 130.98 2388.25 8094.0 9.3546 0.02 331 2212 100.0 10.56 6.4626
61 88 20.0038 0.7019 100.0 491.19 606.63 1478.64 1234.82 9.35 13.66 335.05 2323.94 8732.89 1.08 44.25 315.7 2388.07 8061.23 9.1737 0.02 364 2324 100.0 24.65 14.7134
61 89 0.0025 0.0 100.0 518.67 641.94 1587.14 1392.85 14.62 21.61 554.38 2387.98 9058.94 1.3 47.27 522.58 2388.03 8150.51 8.4285 0.03 392 2388 100.0 38.95 23.3738
61 90 19.999 0.7007 100.0 491.19 606.6 1476.93 1245.46 9.35 13.65 334.75 2323.95 8725.04 1.08 44.18 315.68 2388.08 8068.83 9.1735 0.02 363 2324 100.0 24.53 14.7406
61 91 24.9989 0.62 60.0 462.54 536.31 1259.05 1047.4 7.05 9.02 175.91 1915.5 8027.38 0.94 36.57 165.12 2028.39 7884.16 10.857 0.02 309 1915 84.93 14.39 8.589
61 92 42.0008 0.84 100.0 445.0 549.37 1352.61 1124.05 3.91 5.72 138.57 2212.09 8335.16 1.02 41.78 130.07 2388.21 8092.82 9.3475 0.02 329 2212 100.0 10.62 6.3808
61 93 25.0073 0.62 60.0 462.54 536.91 1260.71 1046.28 7.05 9.03 175.88 1915.55 8014.76 0.94 36.69 165.12 2028.41 7881.14 10.8884 0.02 308 1915 84.93 14.42 8.6599
61 94 0.0029 0.0 100.0 518.67 642.25 1586.5 1400.49 14.62 21.61 554.44 2388.03 9064.78 1.3 47.35 522.42 2388.02 8143.12 8.4138 0.03 392 2388 100.0 39.03 23.3453
61 95 0.0016 0.0 100.0 518.67 642.48 1592.25 1401.0 14.62 21.61 553.93 2388.02 9062.02 1.3 47.3 522.38 2388.04 8151.89 8.3759 0.03 393 2388 100.0 38.92 23.447
61 96 35.0029 0.84 100.0 449.44 555.5 1367.69 1122.42 5.48 8.0 194.93 2223.12 8365.53 1.02 41.7 183.24 2388.17 8077.68 9.3257 0.02 332 2223 100.0 14.99 8.9173
61 97 10.0051 0.2501 100.0 489.05 604.18 1497.89 1306.88 10.52 15.49 394.97 2318.88 8789.76 1.26 45.27 371.92 2388.07 8144.4 8.6513 0.03 368 2319 100.0 28.7 17.1448
61 98 9.9982 0.25 100.0 489.05 604.45 1504.79 1300.23 10.52 15.49 395.07 2318.84 8786.19 1.26 45.34 371.67 2388.04 8138.7 8.6229 0.03 368 2319 100.0 28.55 17.2232
61 99 42.0049 0.8406 100.0 445.0 549.48 1353.34 1118.07 3.91 5.72 138.89 2212.18 8326.95 1.02 41.93 130.84 2388.23 8102.91 9.3385 0.02 329 2212 100.0 10.71 6.3604
61 100 42.0001 0.8402 100.0 445.0 550.38 1351.05 1122.27 3.91 5.71 138.67 2212.13 8331.31 1.02 41.69 130.27 2388.23 8092.34 9.3101 0.02 332 2212 100.0 10.65 6.3891
61 101 25.0025 0.62 60.0 462.54 536.74 1254.61 1042.62 7.05 9.02 175.38 1915.49 8025.97 0.94 36.56 164.35 2028.37 7878.62 10.8704 0.02 307 1915 84.93 14.41 8.5793
61 102 25.0018 0.62 60.0 462.54 537.12 1260.04 1040.93 7.05 9.03 176.25 1915.51 8015.57 0.94 36.37 165.09 2028.39 7884.51 10.8676 0.02 307 1915 84.93 14.34 8.5703
61 103 42.0072 0.84 100.0 445.0 549.22 1347.53 1113.49 3.91 5.72 138.52 2212.17 8331.21 1.02 41.85 130.47 2388.29 8102.99 9.3575 0.02 329 2212 100.0 10.74 6.3863
61 104 42.002 0.8408 100.0 445.0 548.92 1351.03 1120.0 3.91 5.72 138.89 2212.22 8333.49 1.02 41.94 130.62 2388.23 8097.65 9.3085 0.02 329 2212 100.0 10.44 6.3796
61 105 41.9999 0.84 100.0 445.0 549.08 1356.05 1117.65 3.91 5.71 139.08 2212.24 8328.44 1.02 41.85 130.64 2388.31 8101.61 9.3563 0.02 329 2212 100.0 10.69 6.4583
61 106 25.0023 0.62 60.0 462.54 536.72 1250.92 1041.79 7.05 9.03 175.66 1915.53 8013.78 0.94 36.48 164.74 2028.49 7885.81 10.8447 0.02 307 1915 84.93 14.28 8.6551
61 107 10.0032 0.2506 100.0 489.05 604.88 1497.4 1304.13 10.52 15.49 394.41 2318.83 8799.7 1.26 45.18 371.81 2388.03 8142.22 8.5932 0.03 369 2319 100.0 28.7 17.0276
61 108 0.0023 0.0004 100.0 518.67 641.82 1583.36 1398.86 14.62 21.61 554.28 2388.02 9063.52 1.3 47.24 522.67 2388.03 8147.47 8.4171 0.03 391 2388 100.0 39.12 23.4535
61 109 35.0046 0.84 100.0 449.44 555.36 1356.91 1122.84 5.48 8.0 194.52 2223.12 8355.32 1.02 41.63 183.24 2388.27 8076.6 9.287 0.02 334 2223 100.0 14.82 8.8774
61 110 42.003 0.84 100.0 445.0 549.15 1343.81 1115.92 3.91 5.72 138.9 2212.12 8330.85 1.02 41.98 130.56 2388.27 8100.9 9.3153 0.02 330 2212 100.0 10.6 6.5097
61 111 20.0024 0.7007 100.0 491.19 606.85 1476.14 1246.54 9.35 13.65 334.63 2324.0 8738.96 1.08 44.09 315.44 2388.17 8072.17 9.1837 0.02 363 2324 100.0 24.66 14.7799
61 112 35.0064 0.8404 100.0 449.44 555.35 1362.14 1126.51 5.48 8.0 194.8 2223.18 8362.18 1.02 41.82 183.77 2388.3 8077.72 9.2648 0.02 334 2223 100.0 14.98 8.8156
61 113 10.0067 0.2514 100.0 489.05 604.97 1496.73 1304.97 10.52 15.49 395.07 2318.87 8794.56 1.26 45.19 371.82 2388.08 8140.96 8.5903 0.03 367 2319 100.0 28.55 17.0992
61 114 42.0063 0.8403 100.0 445.0 549.72 1344.52 1123.22 3.91 5.72 138.85 2212.2 8330.52 1.02 41.96 131.04 2388.3 8099.9 9.355 0.02 331 2212 100.0 10.69 6.4802
61 115 10.0042 0.25 100.0 489.05 604.3 1500.34 1304.84 10.52 15.49 395.03 2318.84 8797.2 1.26 45.24 372.49 2388.09 8146.49 8.6392 0.03 371 2319 100.0 28.77 17.159
61 116 41.9987 0.841 100.0 445.0 549.27 1349.05 1125.9 3.91 5.71 138.68 2212.22 8337.15 1.02 42.06 131.05 2388.32 8097.8 9.3763 0.02 331 2212 100.0 10.65 6.465
61 117 0.0023 0.0008 100.0 518.67 642.87 1592.14 1400.55 14.62 21.61 554.52 2388.07 9069.4 1.3 47.33 521.83 2388.03 8155.49 8.4164 0.03 394 2388 100.0 38.95 23.3273
61 118 10.0057 0.2504 100.0 489.05 604.98 1499.04 1307.28 10.52 15.49 394.9 2318.89 8790.62 1.26 45.16 372.01 2387.99 8146.74 8.6517 0.03 368 2319 100.0 28.86 17.264
61 119 35.0078 0.84 100.0 449.44 555.14 1363.29 1118.47 5.48 8.0 194.47 2223.17 8365.54 1.02 41.61 183.04 2388.34 8078.29 9.2787 0.02 334 2223 100.0 15.01 8.9336
61 120 35.0053 0.84 100.0 449.44 555.66 1359.37 1128.21 5.48 8.0 194.81 2223.22 8365.81 1.02 41.93 183.28 2388.33 8085.86 9.2814 0.02 332 2223 100.0 14.9 8.8754
61 121 35.0072 0.84 100.0 449.44 556.01 1365.55 1119.17 5.48 8.0 194.5 2223.17 8363.55 1.02 41.84 183.41 2388.32 8077.72 9.3099 0.02 332 2223 100.0 14.86 8.9166
61 122 9.9997 0.2515 100.0 489.05 604.73 1497.73 1305.33 10.52 15.49 394.67 2318.83 8810.84 1.26 45.39 371.77 2388.03 8143.58 8.6284 0.03 369 2319 100.0 28.64 17.2007
61 123 10.0001 0.25 100.0 489.05 604.69 1500.2 1305.31 10.52 15.49 394.22 2318.84 8793.92 1.26 45.25 372.04 2388.04 8149.91 8.6338 0.03 368 2319 100.0 28.54 17.2105
61 124 10.0068 0.2514 100.0 489.05 604.96 1501.34 1308.48 10.52 15.49 395.21 2318.89 8793.89 1.26 45.14 371.82 2388.07 8144.88 8.6539 0.03 370 2319 100.0 28.46 17.1481
61 125 25.0063 0.62 60.0 462.54 536.87 1263.96 1049.93 7.05 9.02 175.3 1915.56 8019.94 0.94 36.74 164.66 2028.52 7889.64 10.88 0.02 306 1915 84.93 14.29 8.5853
61 126 10.0012 0.25 100.0 489.05 604.16 1498.76 1302.39 10.52 15.49 395.22 2318.88 8796.48 1.26 45.24 371.85 2388.06 8149.01 8.6505 0.03 368 2319 100.0 28.67 17.2317
61 127 0.0012 0.0018 100.0 518.67 642.26 1583.84 1395.23 14.62 21.61 553.82 2388.09 9079.1 1.3 47.5 521.78 2388.05 8156.69 8.4046 0.03 393 2388 100.0 38.86 23.4794
61 128 42.0049 0.8408 100.0 445.0 549.53 1357.66 1127.55 3.91 5.72 139.54 2212.21 8339.25 1.02 41.81 130.65 2388.33 8099.83 9.3351 0.02 329 2212 100.0 10.45 6.3247
61 129 34.9991 0.84 100.0 449.44 555.68 1366.96 1128.72 5.48 8.0 194.48 2223.23 8366.85 1.02 41.69 183.52 2388.35 8088.34 9.3201 0.02 333 2223 100.0 14.88 8.9088
61 130 42.0009 0.8418 100.0 445.0 548.8 1348.47 1123.59 3.91 5.72 138.78 2212.24 8339.88 1.02 41.94 130.45 2388.34 8108.32 9.3516 0.02 330 2212 100.0 10.73 6.4313
61 131 24.9993 0.6207 60.0 462.54 536.77 1260.53 1045.46 7.05 9.03 175.58 1915.6 8021.36 0.94 36.81 164.54 2028.49 7887.81 10.848 0.02 304 1915 84.93 14.25 8.594
61 132 20.0074 0.7 100.0 491.19 607.09 1483.02 1250.7 9.35 13.65 334.08 2324.0 8740.43 1.08 44.38 315.41 2388.18 8076.57 9.1928 0.02 363 2324 100.0 24.49 14.7566
61 133 0.001 0.0 100.0 518.67 641.85 1591.79 1407.31 14.62 21.6 553.32 2388.03 9080.15 1.3 47.47 522.16 2388.03 8159.94 8.4209 0.03 394 2388 100.0 38.96 23.3812
61 134 42.0054 0.8405 100.0 445.0 549.52 1349.3 1111.1 3.91 5.72 138.64 2212.31 8338.92 1.02 42.01 130.78 2388.4 8110.12 9.3422 0.02 330 2212 100.0 10.75 6.4255
61 135 35.0048 0.8408 100.0 449.44 556.24 1358.33 1121.83 5.48 8.0 194.57 2223.24 8370.77 1.03 41.69 182.95 2388.41 8082.25 9.2876 0.02 334 2223 100.0 14.89 8.9474
61 136 41.9996 0.8405 100.0 445.0 550.15 1352.18 1120.68 3.91 5.71 139.06 2212.26 8339.72 1.02 41.97 130.76 2388.4 8102.62 9.3537 0.02 331 2212 100.0 10.6 6.3519
61 137 0.001 0.001 100.0 518.67 642.25 1588.3 1406.14 14.62 21.61 554.2 2388.02 9077.34 1.3 47.41 521.76 2388.01 8164.19 8.4427 0.03 393 2388 100.0 38.81 23.3005
61 138 35.0018 0.84 100.0 449.44 555.87 1370.37 1123.97 5.48 8.0 194.3 2223.28 8366.12 1.02 42.01 183.3 2388.39 8082.18 9.3012 0.02 333 2223 100.0 15.06 8.9093
61 139 20.0019 0.7009 100.0 491.19 607.57 1486.12 1252.23 9.35 13.66 334.99 2324.07 8747.57 1.08 44.36 314.67 2388.17 8073.15 9.2247 0.02 365 2324 100.0 24.53 14.6913
61 140 19.9991 0.7 100.0 491.19 607.43 1480.29 1248.85 9.35 13.66 334.52 2324.07 8745.61 1.08 44.2 315.0 2388.16 8082.6 9.2341 0.02 364 2324 100.0 24.69 14.8833
61 141 20.0042 0.7 100.0 491.19 607.43 1483.23 1247.65 9.35 13.65 334.6 2324.04 8750.23 1.08 44.38 314.99 2388.2 8081.67 9.1896 0.02 364 2324 100.0 24.62 14.6627
61 142 20.0004 0.7 100.0 491.19 607.79 1482.59 1242.37 9.35 13.66 334.96 2324.15 8749.77 1.08 44.08 315.6 2388.17 8081.51 9.2248 0.02 365 2324 100.0 24.58 14.7897
61 143 20.0051 0.7 100.0 491.19 606.82 1480.97 1251.18 9.35 13.66 335.58 2324.06 8747.59 1.08 44.19 314.91 2388.19 8081.84 9.2356 0.02 363 2324 100.0 24.71 14.7403
61 144 20.0028 0.7 100.0 491.19 606.97 1477.11 1248.97 9.35 13.66 335.54 2324.03 8743.37 1.08 44.32 315.2 2388.26 8079.33 9.2144 0.02 366 2324 100.0 24.47 14.6653
61 145 35.005 0.8404 100.0 449.44 556.01 1361.38 1128.33 5.48 8.0 194.71 2223.4 8374.5 1.02 41.88 183.68 2388.53 8087.3 9.2884 0.02 333 2223 100.0 14.73 8.9886
61 146 0.0017 0.0 100.0 518.67 642.78 1589.62 1414.02 14.62 21.61 554.61 2388.04 9087.99 1.3 47.46 521.95 2387.97 8154.8 8.3984 0.03 394 2388 100.0 38.92 23.336
61 147 25.0025 0.6218 60.0 462.54 536.7 1266.24 1042.81 7.05 9.03 175.94 1915.73 8034.75 0.94 36.52 164.59 2028.65 7891.84 10.8992 0.02 306 1915 84.93 14.2 8.6023
61 148 42.0077 0.8403 100.0 445.0 549.31 1349.05 1125.76 3.91 5.72 138.63 2212.41 8346.63 1.02 42.0 130.52 2388.52 8112.58 9.3274 0.02 330 2212 100.0 10.49 6.3042
61 149 35.0047 0.84 100.0 449.44 555.56 1366.24 1130.66 5.48 8.0 194.24 2223.37 8368.67 1.02 41.84 183.68 2388.59 8094.87 9.3174 0.02 334 2223 100.0 15.0 8.8992
61 150 42.0078 0.84 100.0 445.0 549.61 1358.65 1120.7 3.91 5.72 138.74 2212.43 8352.48 1.02 41.96 130.94 2388.54 8111.53 9.3173 0.02 329 2212 100.0 10.62 6.2622
61 151 34.9996 0.84 100.0 449.44 555.73 1364.14 1126.61 5.48 8.0 193.94 2223.39 8377.92 1.02 41.76 182.98 2388.61 8095.66 9.3106 0.02 334 2223 100.0 14.82 8.8396
61 152 41.9994 0.8403 100.0 445.0 549.36 1357.25 1126.15 3.91 5.72 139.63 2212.47 8354.14 1.02 42.07 131.05 2388.54 8116.95 9.3718 0.02 331 2212 100.0 10.64 6.2618
61 153 0.0013 0.0 100.0 518.67 642.47 1595.49 1405.25 14.62 21.61 554.33 2388.01 9092.63 1.3 47.45 521.45 2387.99 8167.54 8.4021 0.03 393 2388 100.0 38.83 23.309
61 154 9.9994 0.251 100.0 489.05 605.18 1496.35 1307.97 10.52 15.49 394.9 2318.87 8812.08 1.26 45.26 371.84 2388.11 8157.86 8.6728 0.03 369 2319 100.0 28.51 17.149
61 155 42.004 0.8411 100.0 445.0 549.11 1358.17 1128.99 3.91 5.72 139.38 2212.43 8351.45 1.03 42.08 131.31 2388.54 8115.25 9.3342 0.02 329 2212 100.0 10.45 6.3665
61 156 20.0041 0.7 100.0 491.19 607.78 1483.19 1248.72 9.35 13.66 334.71 2324.11 8752.14 1.08 44.28 315.53 2388.25 8086.05 9.1981 0.02 367 2324 100.0 24.4 14.662
61 157 35.0021 0.84 100.0 449.44 555.46 1363.03 1132.42 5.48 8.0 194.59 2223.56 8380.86 1.02 42.03 183.28 2388.64 8100.67 9.3469 0.02 335 2223 100.0 14.86 8.9789
61 158 42.0048 0.84 100.0 445.0 549.81 1353.93 1120.98 3.91 5.72 138.49 2212.52 8355.6 1.02 41.84 130.1 2388.61 8114.47 9.3457 0.02 331 2212 100.0 10.62 6.3094
61 159 20.0072 0.7004 100.0 491.19 606.69 1482.02 1249.15 9.35 13.66 334.55 2324.12 8763.29 1.07 44.41 315.4 2388.25 8089.77 9.2294 0.02 366 2324 100.0 24.49 14.7211
61 160 35.005 0.842 100.0 449.44 555.93 1365.14 1128.76 5.48 8.0 194.81 2223.51 8386.49 1.02 41.87 182.93 2388.69 8099.79 9.3096 0.02 335 2223 100.0 14.89 9.0792
61 161 24.9995 0.6202 60.0 462.54 536.88 1260.89 1036.4 7.05 9.03 174.91 1915.87 8041.99 0.94 36.48 164.74 2028.77 7901.62 10.9618 0.02 308 1915 84.93 14.37 8.5475
61 162 0.0012 0.0 100.0 518.67 642.62 1593.1 1404.91 14.62 21.61 554.43 2388.05 9101.08 1.3 47.63 521.96 2387.98 8173.76 8.4387 0.03 391 2388 100.0 38.91 23.3618
61 163 25.0065 0.62 60.0 462.54 536.99 1263.56 1051.64 7.05 9.03 175.16 1915.91 8043.86 0.94 36.66 164.75 2028.8 7905.17 10.8844 0.02 306 1915 84.93 14.33 8.6361
61 164 42.0035 0.8403 100.0 445.0 549.81 1358.85 1126.22 3.91 5.72 138.73 2212.62 8366.96 1.02 41.94 130.36 2388.77 8119.5 9.3485 0.02 330 2212 100.0 10.65 6.3661
61 165 25.0013 0.6215 60.0 462.54 536.42 1263.27 1047.31 7.05 9.03 175.69 1915.96 8036.77 0.94 36.87 164.58 2028.95 7901.26 10.9052 0.02 307 1915 84.93 14.34 8.5065
61 166 19.9982 0.7009 100.0 491.19 607.31 1480.09 1252.53 9.35 13.66 334.48 2324.24 8768.73 1.07 44.32 314.56 2388.37 8099.88 9.252 0.02 366 2324 100.0 24.42 14.5983
61 167 41.9982 0.8415 100.0 445.0 549.77 1353.59 1126.15 3.91 5.72 139.01 2212.64 8361.12 1.02 41.93 131.0 2388.76 8126.01 9.3649 0.02 332 2212 100.0 10.66 6.2411
61 168 41.9997 0.8418 100.0 445.0 549.99 1357.43 1129.76 3.91 5.72 139.37 2212.61 8361.67 1.03 41.79 131.09 2388.74 8123.75 9.3604 0.02 332 2212 100.0 10.75 6.3263
61 169 10.0068 0.25 100.0 489.05 604.94 1494.68 1315.96 10.52 15.49 394.32 2319.0 8833.18 1.26 45.39 371.96 2388.21 8172.73 8.6894 0.03 370 2319 100.0 28.58 17.102
61 170 35.0059 0.8403 100.0 449.44 555.44 1369.03 1126.35 5.48 8.0 194.72 2223.68 8386.94 1.02 41.91 183.03 2388.8 8110.47 9.3392 0.02 334 2223 100.0 14.64 8.9016
61 171 35.0038 0.8403 100.0 449.44 556.15 1362.52 1124.34 5.48 8.0 194.64 2223.64 8395.05 1.02 41.75 183.07 2388.77 8106.42 9.3103 0.02 335 2223 100.0 14.83 8.911
61 172 10.0075 0.2502 100.0 489.05 605.22 1502.07 1318.23 10.52 15.49 394.14 2318.95 8824.72 1.26 45.64 371.43 2388.15 8166.96 8.6782 0.03 370 2319 100.0 28.47 17.1902
61 173 42.0063 0.8417 100.0 445.0 549.83 1356.97 1135.96 3.91 5.72 139.11 2212.76 8370.65 1.03 42.04 131.04 2388.86 8127.22 9.3419 0.02 332 2212 100.0 10.66 6.3396
61 174 20.0005 0.7 100.0 491.19 607.69 1480.73 1252.26 9.35 13.66 333.9 2324.25 8768.98 1.08 44.34 314.69 2388.42 8107.54 9.2435 0.02 365 2324 100.0 24.37 14.7039
61 175 25.0048 0.62 60.0 462.54 536.18 1262.75 1050.31 7.05 9.03 175.56 1916.06 8050.55 0.94 36.83 164.59 2029.02 7910.58 10.9181 0.02 308 1915 84.93 14.31 8.5805
61 176 0.0009 0.0008 100.0 518.67 642.97 1585.99 1404.65 14.62 21.61 553.24 2388.04 9113.08 1.3 47.49 521.7 2388.07 8185.2 8.4317 0.03 393 2388 100.0 38.86 23.2078
61 177 0.0017 0.0015 100.0 518.67 642.93 1592.03 1405.74 14.62 21.61 552.6 2388.05 9108.56 1.3 47.4 521.8 2388.06 8188.7 8.4211 0.03 393 2388 100.0 38.87 23.255
61 178 0.0016 0.0014 100.0 518.67 642.45 1590.12 1407.31 14.62 21.61 553.84 2388.05 9116.31 1.3 47.52 521.84 2388.0 8175.46 8.4436 0.03 393 2388 100.0 38.75 23.3212
61 179 20.0074 0.7 100.0 491.19 607.98 1483.86 1255.2 9.35 13.66 334.64 2324.34 8776.56 1.08 44.4 315.46 2388.42 8105.42 9.2067 0.02 366 2324 100.0 24.32 14.6364
61 180 42.0043 0.84 100.0 445.0 549.81 1360.22 1130.54 3.91 5.72 138.98 2212.81 8379.3 1.02 42.11 130.16 2388.92 8133.51 9.338 0.02 331 2212 100.0 10.71 6.2449
61 181 42.0019 0.84 100.0 445.0 550.28 1360.75 1133.39 3.91 5.72 138.77 2212.85 8383.36 1.02 42.13 130.97 2389.01 8136.64 9.327 0.02 332 2212 100.0 10.64 6.2911
61 182 0.0026 0.0 100.0 518.67 642.88 1597.86 1414.02 14.62 21.61 552.73 2388.12 9121.39 1.3 47.41 522.07 2388.03 8195.23 8.4304 0.03 395 2388 100.0 38.71 23.2539
61 183 42.0011 0.84 100.0 445.0 550.1 1358.67 1132.47 3.91 5.72 139.59 2212.96 8387.28 1.03 42.14 130.95 2389.09 8140.89 9.3689 0.02 332 2212 100.0 10.73 6.3334
61 184 20.0001 0.7006 100.0 491.19 607.91 1484.06 1251.98 9.35 13.66 334.18 2324.34 8787.21 1.08 44.46 315.3 2388.5 8111.89 9.2575 0.02 367 2324 100.0 24.5 14.7576
61 185 25.007 0.62 60.0 462.54 536.78 1264.21 1060.4 7.05 9.03 175.65 1916.25 8063.14 0.94 36.69 164.2 2029.26 7923.05 10.9645 0.02 308 1915 84.93 14.2 8.6205
61 186 10.0033 0.2509 100.0 489.05 605.26 1499.81 1311.41 10.52 15.5 394.06 2318.95 8840.88 1.26 45.67 371.16 2388.22 8188.82 8.6837 0.03 371 2319 100.0 28.52 17.0897
61 187 25.008 0.62 60.0 462.54 537.43 1265.89 1052.46 7.05 9.03 175.38 1916.44 8060.39 0.94 36.67 164.61 2029.34 7921.13 10.9301 0.02 309 1915 84.93 14.3 8.5745
61 188 25.0012 0.6215 60.0 462.54 537.5 1267.44 1047.39 7.05 9.03 175.83 1916.44 8065.67 0.94 36.8 164.34 2029.35 7922.57 10.9148 0.02 307 1915 84.93 14.14 8.4694
61 189 42.0066 0.84 100.0 445.0 550.05 1357.58 1134.95 3.91 5.72 138.49 2213.07 8389.92 1.03 42.03 131.05 2389.23 8144.87 9.3745 0.02 333 2212 100.0 10.43 6.3941
61 190 42.0077 0.8412 100.0 445.0 550.04 1357.04 1136.24 3.91 5.72 139.12 2213.13 8393.37 1.02 42.2 130.33 2389.25 8154.24 9.3668 0.02 333 2212 100.0 10.39 6.3513
61 191 41.9999 0.84 100.0 445.0 549.69 1372.85 1142.96 3.91 5.72 139.19 2213.04 8395.8 1.03 42.31 131.0 2389.2 8153.64 9.3556 0.02 332 2212 100.0 10.56 6.4267
61 192 20.0062 0.7 100.0 491.19 607.91 1490.84 1252.05 9.35 13.66 334.4 2324.45 8798.81 1.08 44.4 314.64 2388.56 8124.22 9.2729 0.02 366 2324 100.0 24.45 14.5735
61 193 42.0052 0.84 100.0 445.0 550.36 1361.18 1142.87 3.91 5.72 139.49 2213.15 8399.81 1.02 42.42 130.43 2389.29 8155.28 9.3509 0.02 334 2212 100.0 10.46 6.4341
61 194 42.0076 0.84 100.0 445.0 549.9 1362.76 1133.73 3.91 5.72 138.37 2213.17 8401.72 1.03 42.18 130.11 2389.36 8157.98 9.3753 0.02 333 2212 100.0 10.56 6.4121
61 195 42.0023 0.84 100.0 445.0 550.4 1358.89 1126.49 3.91 5.72 138.21 2213.18 8404.68 1.03 42.3 131.29 2389.34 8159.53 9.3605 0.02 333 2212 100.0 10.66 6.332
61 196 42.0 0.8405 100.0 445.0 549.78 1358.67 1141.89 3.91 5.72 139.35 2213.2 8408.21 1.03 42.53 130.42 2389.45 8159.65 9.3871 0.02 333 2212 100.0 10.45 6.3477
61 197 25.0019 0.6206 60.0 462.54 537.51 1267.61 1057.56 7.05 9.03 175.05 1916.6 8080.67 0.94 36.8 163.96 2029.63 7937.59 10.9552 0.02 308 1915 84.93 14.15 8.5447
61 198 35.0077 0.84 100.0 449.44 555.72 1371.01 1133.84 5.48 8.01 194.0 2224.4 8429.01 1.02 42.27 183.58 2389.55 8142.15 9.3874 0.02 336 2223 100.0 14.82 8.8637
61 199 25.0055 0.6203 60.0 462.54 537.12 1271.02 1052.77 7.05 9.03 174.55 1916.73 8081.01 0.94 36.87 164.39 2029.7 7943.98 10.9535 0.02 308 1915 84.93 14.25 8.55
61 200 0.0028 0.0019 100.0 518.67 643.3 1593.65 1410.83 14.62 21.61 552.75 2388.04 9152.31 1.3 47.58 520.69 2388.03 8218.99 8.4675 0.03 394 2388 100.0 38.68 23.261
61 201 35.0012 0.84 100.0 449.44 556.71 1375.02 1138.4 5.48 8.0 194.19 2224.44 8443.39 1.02 42.18 182.32 2389.57 8147.42 9.3701 0.02 336 2223 100.0 14.74 8.8157
61 202 24.9985 0.62 60.0 462.54 537.21 1267.5 1052.18 7.05 9.03 175.36 1916.79 8090.15 0.94 36.91 164.44 2029.84 7949.32 10.9584 0.02 308 1915 84.93 14.15 8.5765
61 203 10.0047 0.25 100.0 489.05 605.48 1503.55 1321.23 10.52 15.5 393.65 2319.09 8872.33 1.26 45.78 370.32 2388.28 8217.19 8.745 0.03 370 2319 100.0 28.37 17.083
61 204 20.0057 0.7 100.0 491.19 607.91 1492.08 1254.13 9.35 13.66 334.36 2324.63 8814.02 1.07 44.53 314.84 2388.77 8148.2 9.2578 0.03 366 2324 100.0 24.29 14.6418
61 205 25.002 0.621 60.0 462.54 537.97 1275.16 1067.57 7.05 9.03 174.98 1916.89 8091.14 0.94 36.86 164.11 2029.84 7952.84 11.0058 0.02 308 1915 84.93 14.15 8.5224
61 206 25.0034 0.62 60.0 462.54 537.49 1265.37 1052.17 7.05 9.03 174.83 1916.96 8103.14 0.94 36.92 164.3 2029.97 7953.27 10.9991 0.02 309 1915 84.93 14.17 8.4622
61 207 42.0001 0.84 100.0 445.0 550.54 1361.38 1141.59 3.91 5.72 138.59 2213.61 8431.69 1.03 42.56 130.32 2389.78 8184.56 9.3589 0.02 333 2212 100.0 10.47 6.2061
61 208 10.0065 0.25 100.0 489.05 605.47 1515.67 1319.32 10.52 15.5 393.41 2319.15 8898.05 1.26 45.73 370.67 2388.3 8235.71 8.7257 0.03 372 2319 100.0 28.51 16.9763
61 209 10.0006 0.251 100.0 489.05 605.53 1510.94 1324.91 10.52 15.5 393.87 2319.18 8902.67 1.26 45.94 370.55 2388.38 8237.59 8.7541 0.03 373 2319 100.0 28.17 16.9758
61 210 0.0002 0.0004 100.0 518.67 643.3 1601.63 1427.06 14.62 21.61 552.44 2388.16 9172.89 1.3 47.81 520.78 2388.13 8241.47 8.4969 0.03 397 2388 100.0 38.55 23.0652
61 211 41.9986 0.84 100.0 445.0 550.9 1367.51 1151.98 3.91 5.72 138.97 2213.76 8438.49 1.03 42.63 130.75 2389.99 8196.15 9.389 0.02 336 2212 100.0 10.56 6.3915
61 212 42.005 0.8415 100.0 445.0 550.46 1364.74 1145.07 3.91 5.72 138.15 2213.85 8444.1 1.03 42.54 130.06 2390.05 8196.01 9.3619 0.02 334 2212 100.0 10.41 6.3602
61 213 35.0035 0.84 100.0 449.44 556.38 1379.88 1144.4 5.48 8.01 194.65 2225.01 8475.71 1.03 42.32 183.27 2390.21 8185.71 9.3956 0.02 337 2223 100.0 14.66 8.7905
61 214 0.002 0.0 100.0 518.67 642.81 1603.22 1422.32 14.62 21.61 552.69 2388.14 9196.29 1.3 47.95 520.44 2388.13 8259.23 8.523 0.03 398 2388 100.0 38.45 23.1815
61 215 10.0078 0.2508 100.0 489.05 606.0 1510.96 1326.27 10.52 15.5 393.29 2319.18 8913.57 1.26 45.97 370.45 2388.48 8251.31 8.7181 0.03 373 2319 100.0 28.24 17.1086
61 216 20.0064 0.7003 100.0 491.19 608.78 1499.09 1273.92 9.35 13.67 333.57 2324.95 8863.75 1.07 44.85 314.05 2389.17 8176.91 9.3241 0.03 370 2324 100.0 24.27 14.5254
61 217 10.0062 0.2517 100.0 489.05 605.98 1514.46 1328.31 10.52 15.5 392.38 2319.26 8926.69 1.26 45.99 370.22 2388.41 8257.42 8.7591 0.03 375 2319 100.0 28.35 16.9351
61 218 42.0024 0.8418 100.0 445.0 550.76 1368.48 1144.93 3.91 5.72 138.63 2214.05 8478.27 1.03 42.75 130.64 2390.32 8215.47 9.3831 0.02 334 2212 100.0 10.41 6.3335
97 1 42.0015 0.84 100.0 445.0 549.46 1358.4 1114.31 3.91 5.72 138.99 2211.83 8304.36 1.02 41.95 130.75 2387.82 8080.54 9.343 0.02 330 2212 100.0 10.75 6.3771
97 2 20.0059 0.7003 100.0 491.19 607.54 1488.93 1244.79 9.35 13.66 334.97 2323.96 8719.24 1.07 44.3 314.96 2388.01 8056.34 9.2169 0.02 365 2324 100.0 24.46 14.7836
97 3 41.9987 0.84 100.0 445.0 549.05 1353.77 1124.11 3.91 5.71 138.48 2211.84 8315.15 1.02 41.84 130.12 2387.84 8075.09 9.3527 0.02 331 2212 100.0 10.58 6.4363
97 4 42.0029 0.8408 100.0 445.0 548.61 1347.53 1122.31 3.91 5.71 138.6 2211.74 8309.44 1.02 42.05 130.48 2387.78 8074.2 9.3715 0.02 331 2212 100.0 10.82 6.3074
97 5 25.0065 0.62 60.0 462.54 536.88 1256.53 1050.52 7.05 9.02 175.52 1915.2 8007.39 0.94 36.72 164.83 2028.06 7874.18 10.868 0.02 307 1915 84.93 14.12 8.499
97 6 34.9987 0.84 100.0 449.44 555.49 1366.34 1133.36 5.48 8.0 195.0 2222.83 8343.96 1.02 41.85 182.99 2387.9 8060.06 9.287 0.02 334 2223 100.0 14.89 9.0708
97 7 0.0011 0.0 100.0 518.67 642.97 1585.38 1401.26 14.62 21.61 553.88 2388.07 9043.58 1.3 47.56 521.57 2388.1 8126.2 8.4275 0.03 393 2388 100.0 38.8 23.3995
97 8 42.0063 0.84 100.0 445.0 549.73 1355.01 1127.08 3.91 5.71 138.99 2211.78 8309.28 1.02 42.1 130.77 2387.84 8076.42 9.379 0.02 332 2212 100.0 10.77 6.4427
97 9 41.9983 0.84 100.0 445.0 549.22 1346.53 1131.72 3.91 5.71 138.7 2211.78 8316.35 1.02 41.98 130.73 2387.85 8073.61 9.3693 0.02 330 2212 100.0 10.55 6.3594
97 10 25.0063 0.6202 60.0 462.54 536.76 1255.56 1045.92 7.05 9.03 175.12 1915.24 8007.07 0.94 36.67 164.74 2028.1 7868.87 10.8727 0.02 307 1915 84.93 14.37 8.5538
97 11 20.0072 0.7 100.0 491.19 607.16 1481.67 1242.66 9.35 13.66 334.35 2323.93 8717.93 1.08 44.34 314.65 2388.07 8054.32 9.2212 0.02 365 2324 100.0 24.46 14.8244
97 12 35.0065 0.842 100.0 449.44 555.23 1367.07 1121.64 5.48 8.0 194.71 2222.8 8345.16 1.02 41.94 183.35 2387.91 8065.68 9.3153 0.02 334 2223 100.0 14.85 8.979
97 13 25.007 0.62 60.0 462.54 536.31 1258.18 1047.53 7.05 9.02 176.22 1915.19 8004.02 0.94 36.6 164.58 2028.1 7867.82 10.9246 0.02 305 1915 84.93 14.34 8.4284
97 14 20.0024 0.7011 100.0 491.19 607.15 1481.31 1248.14 9.35 13.66 335.03 2323.88 8721.81 1.08 44.4 314.73 2388.03 8054.38 9.2308 0.02 364 2324 100.0 24.52 14.731
97 15 25.0048 0.62 60.0 462.54 536.54 1265.47 1046.86 7.05 9.02 175.92 1915.27 8003.17 0.94 36.68 164.95 2028.16 7868.62 10.8675 0.02 306 1915 84.93 14.34 8.6017
97 16 19.9999 0.7005 100.0 491.19 607.02 1479.43 1254.95 9.35 13.66 334.27 2323.85 8707.92 1.08 44.39 314.94 2388.1 8051.8 9.2326 0.02 365 2324 100.0 24.57 14.5795
97 17 10.005 0.25 100.0 489.05 604.92 1493.23 1299.66 10.52 15.5 394.8 2318.93 8775.56 1.26 45.24 372.33 2388.11 8125.39 8.6502 0.03 370 2319 100.0 28.77 17.1708
97 18 41.9998 0.8412 100.0 445.0 549.45 1348.64 1117.13 3.91 5.71 138.71 2211.72 8312.77 1.02 42.04 130.94 2387.81 8074.3 9.4034 0.02 331 2212 100.0 10.69 6.4099
97 19 20.0065 0.7018 100.0 491.19 607.24 1482.85 1256.62 9.35 13.65 334.52 2323.92 8719.36 1.08 44.53 315.02 2388.04 8058.65 9.2145 0.02 365 2324 100.0 24.64 14.5633
97 20 20.0013 0.7 100.0 491.19 607.28 1478.76 1245.97 9.35 13.65 334.91 2323.92 8715.77 1.08 44.35 314.97 2388.1 8058.51 9.1997 0.02 365 2324 100.0 24.48 14.6827
97 21 0.0006 0.0 100.0 518.67 642.31 1586.33 1415.37 14.62 21.61 552.85 2388.08 9039.77 1.3 47.35 521.86 2388.13 8136.03 8.4432 0.03 393 2388 100.0 38.83 23.383
97 22 20.0079 0.7 100.0 491.19 607.14 1485.34 1240.88 9.35 13.66 335.29 2323.96 8714.93 1.08 44.43 314.94 2388.04 8052.27 9.2004 0.02 365 2324 100.0 24.56 14.6243
97 23 0.0025 0.0006 100.0 518.67 642.07 1585.99 1411.4 14.62 21.61 553.28 2388.12 9052.35 1.3 47.5 521.94 2388.14 8131.49 8.366 0.03 394 2388 100.0 38.86 23.3611
97 24 25.0028 0.6205 60.0 462.54 536.38 1263.79 1049.65 7.05 9.02 175.07 1915.2 8006.72 0.94 36.73 164.57 2028.1 7868.2 10.8497 0.02 307 1915 84.93 14.35 8.5662
97 25 41.9991 0.8407 100.0 445.0 549.39 1354.51 1132.26 3.91 5.71 137.83 2211.74 8319.94 1.02 42.07 130.82 2387.79 8074.06 9.3705 0.02 329 2212 100.0 10.69 6.3724
97 26 20.0038 0.7015 100.0 491.19 607.35 1482.43 1249.32 9.35 13.65 334.55 2323.9 8711.66 1.08 44.21 315.26 2388.02 8056.22 9.211 0.02 365 2324 100.0 24.51 14.6697
97 27 10.0021 0.25 100.0 489.05 605.14 1504.92 1307.19 10.52 15.49 394.08 2318.89 8770.85 1.26 45.35 371.54 2388.09 8122.61 8.6499 0.03 369 2319 100.0 28.56 17.1274
97 28 0.0023 0.0 100.0 518.67 642.77 1586.58 1404.51 14.62 21.61 553.48 2388.03 9046.98 1.3 47.42 521.34 2388.08 8132.63 8.4515 0.03 391 2388 100.0 38.73 23.3277
97 29 25.0062 0.62 60.0 462.54 536.79 1255.84 1048.35 7.05 9.02 175.88 1915.32 8008.15 0.94 36.61 164.82 2028.13 7870.78 10.8675 0.02 306 1915 84.93 14.2 8.509
97 30 20.004 0.7015 100.0 491.19 607.44 1473.44 1251.94 9.35 13.66 334.5 2323.89 8722.76 1.08 44.44 315.37 2388.07 8053.77 9.2411 0.02 365 2324 100.0 24.46 14.7709
97 31 20.0048 0.7 100.0 491.19 607.38 1479.63 1250.81 9.35 13.65 335.11 2323.95 8721.07 1.08 44.5 315.39 2388.1 8056.69 9.2239 0.02 365 2324 100.0 24.49 14.7737
97 32 35.0044 0.84 100.0 449.44 555.64 1362.27 1135.78 5.48 8.0 194.37 2222.77 8338.39 1.02 41.94 183.38 2387.92 8058.84 9.3488 0.02 333 2223 100.0 14.8 8.8432
97 33 42.0011 0.8413 100.0 445.0 549.41 1352.48 1129.01 3.91 5.72 138.43 2211.75 8319.7 1.02 42.08 130.83 2387.83 8076.98 9.3466 0.02 331 2212 100.0 10.6 6.4184
97 34 35.0016 0.84 100.0 449.44 555.64 1363.38 1126.89 5.48 8.0 194.23 2222.8 8346.22 1.02 41.83 182.86 2387.95 8061.49 9.2965 0.02 334 2223 100.0 14.94 8.8825
97 35 9.9987 0.25 100.0 489.05 604.66 1494.55 1309.72 10.52 15.49 395.17 2318.87 8763.64 1.26 45.37 372.19 2388.12 8118.43 8.6924 0.03 368 2319 100.0 28.71 17.2588
97 36 42.0022 0.84 100.0 445.0 549.79 1352.14 1127.17 3.91 5.71 138.07 2211.86 8313.69 1.02 42.12 130.93 2387.83 8077.52 9.3652 0.02 331 2212 100.0 10.43 6.4369
97 37 35.0075 0.84 100.0 449.44 555.71 1356.84 1122.59 5.48 8.0 194.86 2222.88 8348.7 1.02 42.19 182.87 2387.93 8059.56 9.3355 0.02 334 2223 100.0 14.97 9.0083
97 38 0.0018 0.0008 100.0 518.67 642.85 1585.19 1407.25 14.62 21.61 554.08 2388.05 9055.43 1.3 47.49 522.14 2388.15 8132.75 8.4101 0.03 392 2388 100.0 38.91 23.3554
97 39 35.0045 0.84 100.0 449.44 556.07 1367.14 1135.27 5.48 8.0 194.45 2222.84 8349.25 1.02 41.8 183.06 2387.99 8059.48 9.3192 0.02 335 2223 100.0 14.89 8.8722
97 40 35.0019 0.84 100.0 449.44 555.64 1356.82 1125.95 5.48 8.0 195.26 2222.86 8339.01 1.02 42.03 183.75 2387.94 8063.55 9.3294 0.02 333 2223 100.0 14.74 8.853
97 41 25.0077 0.6215 60.0 462.54 537.25 1257.3 1046.63 7.05 9.02 175.98 1915.26 8000.69 0.94 36.74 164.37 2028.13 7874.42 10.9402 0.02 306 1915 84.93 14.39 8.5649
97 42 25.0012 0.62 60.0 462.54 536.96 1266.91 1044.75 7.05 9.03 175.09 1915.22 8003.94 0.94 36.54 164.77 2028.06 7870.34 10.8919 0.02 305 1915 84.93 14.29 8.5885
97 43 24.9989 0.62 60.0 462.54 537.18 1261.8 1044.91 7.05 9.02 175.5 1915.23 8010.31 0.94 36.85 164.68 2028.11 7863.75 10.8971 0.02 307 1915 84.93 14.34 8.7168
97 44 25.0022 0.62 60.0 462.54 536.95 1266.38 1048.59 7.05 9.02 175.27 1915.29 8010.11 0.94 36.76 164.67 2028.13 7872.1 10.8658 0.02 305 1915 84.93 14.27 8.5076
97 45 25.005 0.62 60.0 462.54 536.65 1255.96 1043.14 7.05 9.02 175.65 1915.24 8005.06 0.94 36.57 163.92 2028.12 7864.28 10.9009 0.02 305 1915 84.93 14.29 8.6001
97 46 0.0028 0.0002 100.0 518.67 642.39 1589.22 1408.37 14.62 21.61 553.79 2388.07 9041.84 1.3 47.37 521.68 2388.09 8128.89 8.4178 0.03 391 2388 100.0 38.81 23.3791
97 47 25.0023 0.62 60.0 462.54 537.02 1263.64 1052.89 7.05 9.02 175.66 1915.25 8009.02 0.94 36.93 164.98 2028.1 7869.93 10.891 0.02 308 1915 84.93 14.15 8.4255
97 48 42.0069 0.8411 100.0 445.0 549.4 1355.71 1119.53 3.91 5.72 138.63 2211.87 8316.13 1.02 42.08 130.18 2387.87 8083.52 9.3386 0.02 331 2212 100.0 10.4 6.3504
97 49 19.9992 0.7 100.0 491.19 606.75 1483.59 1239.58 9.35 13.65 334.88 2323.98 8719.44 1.08 44.36 314.91 2388.07 8056.41 9.1929 0.02 365 2324 100.0 24.53 14.6649
97 50 35.0072 0.84 100.0 449.44 556.04 1362.25 1125.83 5.48 8.0 194.55 2222.84 8348.67 1.02 42.01 182.96 2387.92 8063.58 9.3226 0.02 334 2223 100.0 14.9 8.8502
97 51 9.9992 0.25 100.0 489.05 604.76 1495.36 1303.27 10.52 15.49 394.1 2318.91 8766.12 1.26 45.68 371.23 2388.11 8122.07 8.6549 0.03 369 2319 100.0 28.55 17.0408
97 52 42.0036 0.8411 100.0 445.0 549.73 1348.03 1129.42 3.91 5.72 138.28 2211.74 8317.21 1.02 41.83 130.59 2387.86 8075.96 9.3511 0.02 332 2212 100.0 10.57 6.3103
97 53 20.0031 0.7 100.0 491.19 607.09 1474.3 1252.49 9.35 13.65 334.74 2323.92 8715.33 1.07 44.27 315.1 2388.09 8052.74 9.2277 0.02 366 2324 100.0 24.44 14.6469
97 54 41.9985 0.8412 100.0 445.0 549.82 1359.41 1124.42 3.91 5.71 138.78 2211.73 8313.6 1.02 42.06 130.39 2387.78 8078.57 9.3936 0.02 331 2212 100.0 10.43 6.3034
97 55 42.0076 0.84 100.0 445.0 549.42 1346.68 1128.23 3.91 5.71 139.03 2211.73 8311.45 1.02 42.14 130.72 2387.81 8076.46 9.3563 0.02 331 2212 100.0 10.72 6.4015
97 56 20.0012 0.7 100.0 491.19 607.5 1482.15 1255.42 9.35 13.66 334.58 2323.91 8719.59 1.08 44.23 315.05 2388.08 8056.52 9.2321 0.02 364 2324 100.0 24.42 14.7013
97 57 0.0022 0.0 100.0 518.67 642.58 1582.29 1405.17 14.62 21.61 553.49 2388.13 9055.86 1.3 47.51 520.85 2388.1 8134.03 8.4399 0.03 392 2388 100.0 38.96 23.274
97 58 42.006 0.84 100.0 445.0 549.54 1348.38 1121.85 3.91 5.71 138.18 2211.72 8314.14 1.02 42.31 130.54 2387.82 8076.21 9.3802 0.02 330 2212 100.0 10.47 6.3585
97 59 25.0037 0.62 60.0 462.54 536.78 1266.09 1051.41 7.05 9.02 175.79 1915.27 7997.41 0.94 36.77 164.36 2028.09 7866.99 10.8673 0.02 305 1915 84.93 14.27 8.6297
97 60 19.9994 0.7 100.0 491.19 607.78 1489.96 1251.47 9.35 13.66 334.27 2323.93 8718.88 1.08 44.61 315.0 2388.1 8055.54 9.1853 0.02 366 2324 100.0 24.52 14.6665
97 61 34.9999 0.84 100.0 449.44 555.38 1364.9 1130.43 5.48 8.0 194.64 2222.85 8350.97 1.02 41.9 182.83 2387.96 8062.39 9.3174 0.02 332 2223 100.0 14.74 8.8727
97 62 42.0 0.8412 100.0 445.0 549.45 1353.69 1123.39 3.91 5.71 138.48 2211.73 8318.67 1.02 41.98 130.72 2387.84 8080.12 9.3526 0.02 332 2212 100.0 10.6 6.3098
97 63 0.0022 0.0 100.0 518.67 642.53 1586.88 1411.21 14.62 21.61 553.11 2388.12 9051.57 1.3 47.47 521.48 2388.07 8130.28 8.4619 0.03 393 2388 100.0 38.9 23.3724
97 64 10.0038 0.25 100.0 489.05 604.9 1509.0 1310.81 10.52 15.49 395.11 2318.9 8774.72 1.26 45.39 372.01 2388.18 8125.27 8.6663 0.03 369 2319 100.0 28.63 17.0903
97 65 0.0028 0.0012 100.0 518.67 642.79 1590.35 1407.91 14.62 21.61 553.13 2388.16 9044.97 1.3 47.43 521.08 2388.13 8128.41 8.418 0.03 393 2388 100.0 38.71 23.3472
97 66 42.0014 0.84 100.0 445.0 549.81 1349.44 1125.72 3.91 5.71 139.02 2211.76 8314.18 1.02 42.08 130.61 2387.82 8079.43 9.3562 0.02 330 2212 100.0 10.55 6.3767
97 67 35.0061 0.8418 100.0 449.44 555.8 1360.42 1124.7 5.48 8.0 194.35 2222.84 8341.76 1.02 42.15 182.89 2387.92 8065.53 9.2842 0.02 332 2223 100.0 14.89 8.9763
97 68 0.0019 0.0 100.0 518.67 642.6 1583.99 1408.85 14.62 21.61 552.97 2388.12 9060.84 1.3 47.34 521.17 2388.04 8130.5 8.4166 0.03 393 2388 100.0 38.7 23.4186
97 69 0.0019 0.0017 100.0 518.67 642.69 1589.85 1415.24 14.62 21.61 552.82 2388.13 9043.57 1.3 47.49 521.83 2388.11 8123.34 8.4626 0.03 394 2388 100.0 38.79 23.2473
97 70 41.9991 0.84 100.0 445.0 550.15 1345.57 1130.53 3.91 5.72 138.39 2211.72 8306.93 1.02 42.11 130.42 2387.83 8076.45 9.3999 0.02 329 2212 100.0 10.61 6.3043
97 71 10.0045 0.25 100.0 489.05 604.45 1501.4 1314.03 10.52 15.49 393.92 2318.95 8773.8 1.26 45.38 371.79 2388.2 8127.51 8.6718 0.03 371 2319 100.0 28.62 17.0586
97 72 42.0069 0.8419 100.0 445.0 549.76 1359.44 1121.88 3.91 5.72 139.23 2211.68 8314.13 1.02 42.04 130.4 2387.8 8080.21 9.3423 0.02 332 2212 100.0 10.55 6.2662
97 73 34.9986 0.8418 100.0 449.44 555.38 1359.94 1137.39 5.48 8.0 194.18 2222.84 8342.59 1.02 41.89 182.76 2387.91 8058.29 9.311 0.02 334 2223 100.0 14.87 8.9075
97 74 20.0001 0.7 100.0 491.19 607.38 1487.96 1244.54 9.35 13.66 334.39 2323.91 8719.75 1.07 44.42 314.75 2388.1 8056.75 9.2264 0.02 365 2324 100.0 24.39 14.7129
97 75 10.0016 0.2517 100.0 489.05 604.55 1498.01 1308.58 10.52 15.49 394.28 2318.94 8765.21 1.26 45.38 371.32 2388.17 8127.7 8.6525 0.03 369 2319 100.0 28.44 17.1623
97 76 20.0061 0.7 100.0 491.19 607.71 1483.26 1253.8 9.35 13.66 333.76 2324.01 8718.23 1.08 44.45 314.66 2388.02 8054.51 9.2167 0.02 365 2324 100.0 24.38 14.7593
97 77 42.0013 0.8404 100.0 445.0 549.45 1353.18 1125.62 3.91 5.71 138.51 2211.72 8312.75 1.02 42.3 130.03 2387.81 8084.58 9.3632 0.02 331 2212 100.0 10.62 6.3646
97 78 42.0046 0.84 100.0 445.0 549.35 1342.36 1117.7 3.91 5.72 138.78 2211.76 8318.29 1.02 42.19 131.02 2387.84 8083.06 9.3503 0.02 331 2212 100.0 10.67 6.3786
97 79 42.0009 0.8402 100.0 445.0 549.88 1358.87 1131.17 3.91 5.72 138.07 2211.68 8322.35 1.02 42.05 130.34 2387.82 8075.9 9.4011 0.02 330 2212 100.0 10.72 6.3296
97 80 9.9996 0.25 100.0 489.05 604.76 1507.09 1309.81 10.52 15.49 394.34 2318.95 8771.82 1.26 45.48 371.67 2388.18 8123.85 8.6782 0.03 370 2319 100.0 28.54 17.0517
97 81 20.001 0.7005 100.0 491.19 607.35 1485.61 1249.94 9.35 13.66 334.21 2324.0 8717.61 1.08 44.49 315.05 2388.03 8053.53 9.2431 0.02 364 2324 100.0 24.32 14.6502
97 82 35.002 0.8419 100.0 449.44 555.62 1373.21 1130.42 5.48 8.0 194.88 2222.88 8345.54 1.02 41.85 182.67 2387.97 8057.9 9.3373 0.02 335 2223 100.0 14.88 8.8754
97 83 24.999 0.6216 60.0 462.54 537.03 1266.02 1049.23 7.05 9.03 175.35 1915.25 8010.29 0.94 36.98 164.77 2028.1 7868.99 10.937 0.02 305 1915 84.93 14.22 8.5903
97 84 20.0065 0.7 100.0 491.19 608.3 1483.25 1250.82 9.35 13.66 334.71 2324.0 8724.71 1.08 44.5 315.04 2388.07 8056.41 9.2479 0.02 365 2324 100.0 24.57 14.7814
97 85 42.003 0.84 100.0 445.0 549.62 1356.65 1125.64 3.91 5.72 138.72 2211.73 8317.11 1.02 42.24 130.51 2387.77 8077.64 9.3971 0.02 330 2212 100.0 10.63 6.226
97 86 0.0004 0.0 100.0 518.67 642.84 1589.64 1404.59 14.62 21.61 553.24 2388.1 9057.35 1.3 47.65 521.7 2388.15 8130.89 8.4608 0.03 394 2388 100.0 38.67 23.2631
97 87 35.0072 0.84 100.0 449.44 555.29 1363.74 1136.86 5.48 8.0 193.91 2222.81 8347.03 1.02 42.13 183.26 2387.89 8059.64 9.3294 0.02 334 2223 100.0 14.67 8.9855
97 88 42.0012 0.8416 100.0 445.0 550.01 1358.13 1126.03 3.91 5.72 139.38 2211.76 8318.71 1.02 42.33 130.33 2387.94 8078.99 9.3594 0.02 331 2212 100.0 10.56 6.3016
97 89 19.9996 0.7009 100.0 491.19 607.58 1482.28 1245.98 9.35 13.66 334.24 2323.97 8718.44 1.07 44.34 315.29 2388.09 8053.35 9.2481 0.02 366 2324 100.0 24.36 14.625
97 90 0.0021 0.0 100.0 518.67 642.73 1583.93 1407.33 14.62 21.61 553.98 2388.16 9056.98 1.3 47.62 521.04 2388.12 8131.05 8.4178 0.03 392 2388 100.0 38.65 23.335
97 91 10.0001 0.25 100.0 489.05 604.7 1500.78 1316.29 10.52 15.5 394.09 2319.0 8766.04 1.26 45.67 371.32 2388.15 8122.29 8.7158 0.03 369 2319 100.0 28.56 17.1317
97 92 25.0013 0.62 60.0 462.54 537.33 1265.02 1051.44 7.05 9.03 174.92 1915.22 7999.71 0.94 36.79 164.71 2028.12 7864.47 10.9213 0.02 307 1915 84.93 14.32 8.5408
97 93 20.0029 0.7 100.0 491.19 607.64 1490.22 1254.93 9.35 13.66 334.6 2323.96 8722.36 1.08 44.35 314.44 2388.06 8054.09 9.2374 0.03 367 2324 100.0 24.49 14.5089
97 94 9.9998 0.25 100.0 489.05 605.04 1501.88 1315.46 10.52 15.49 394.02 2318.99 8772.05 1.26 45.48 371.35 2388.21 8122.62 8.6692 0.03 369 2319 100.0 28.53 17.1167
97 95 25.0063 0.62 60.0 462.54 537.04 1258.44 1053.5 7.05 9.03 175.16 1915.2 8011.87 0.94 36.8 164.6 2028.1 7863.12 10.9689 0.02 307 1915 84.93 14.37 8.62
97 96 42.006 0.8409 100.0 445.0 550.12 1358.39 1130.38 3.91 5.72 138.39 2211.79 8312.31 1.02 42.22 130.06 2387.87 8079.48 9.3973 0.02 332 2212 100.0 10.52 6.3319
97 97 9.998 0.25 100.0 489.05 605.46 1507.57 1312.47 10.52 15.49 394.13 2318.98 8769.06 1.26 45.76 370.95 2388.23 8120.47 8.6646 0.03 370 2319 100.0 28.61 17.196
97 98 9.998 0.2514 100.0 489.05 604.54 1498.41 1315.7 10.52 15.49 394.43 2319.03 8777.9 1.26 45.65 371.42 2388.22 8124.75 8.6689 0.03 371 2319 100.0 28.51 17.229
97 99 42.0024 0.8406 100.0 445.0 549.7 1357.12 1130.53 3.91 5.72 138.75 2211.72 8313.54 1.02 42.21 130.47 2387.78 8072.59 9.3941 0.02 332 2212 100.0 10.79 6.4184
97 100 35.0073 0.84 100.0 449.44 555.8 1360.37 1137.22 5.48 8.0 194.15 2222.8 8345.02 1.02 42.14 182.83 2387.93 8065.6 9.3566 0.02 335 2223 100.0 14.76 8.9773
97 101 35.008 0.84 100.0 449.44 555.86 1365.79 1136.68 5.48 8.0 194.67 2222.87 8340.95 1.02 42.06 182.36 2387.93 8060.79 9.3369 0.02 334 2223 100.0 14.81 8.9002
97 102 42.0069 0.84 100.0 445.0 550.16 1345.71 1128.99 3.91 5.72 138.28 2211.68 8317.25 1.02 42.03 130.44 2387.81 8077.39 9.3791 0.02 332 2212 100.0 10.54 6.2852
97 103 41.9981 0.8401 100.0 445.0 549.82 1355.77 1129.58 3.91 5.71 137.99 2211.7 8309.21 1.02 42.12 130.02 2387.77 8078.18 9.3911 0.02 332 2212 100.0 10.51 6.2961
97 104 35.0036 0.84 100.0 449.44 556.53 1368.51 1128.71 5.48 8.0 194.03 2222.89 8351.36 1.02 42.04 182.92 2387.97 8062.36 9.3344 0.02 334 2223 100.0 14.88 8.8361
97 105 10.0056 0.25 100.0 489.05 605.53 1503.55 1318.03 10.52 15.5 394.38 2319.05 8775.03 1.26 45.63 371.26 2388.26 8118.66 8.6979 0.03 371 2319 100.0 28.43 17.0197
97 106 20.0073 0.7 100.0 491.19 607.83 1487.8 1256.82 9.35 13.66 334.19 2323.98 8721.76 1.08 44.55 315.08 2388.18 8057.48 9.2386 0.03 364 2324 100.0 24.41 14.6507
97 107 24.9981 0.62 60.0 462.54 537.03 1266.94 1052.54 7.05 9.03 175.8 1915.24 8008.42 0.94 36.92 164.38 2028.12 7865.16 10.8978 0.02 308 1915 84.93 14.19 8.5624
97 108 35.0025 0.84 100.0 449.44 555.97 1365.07 1132.42 5.48 8.0 194.11 2222.84 8347.33 1.02 42.02 182.99 2387.95 8058.9 9.3595 0.02 337 2223 100.0 14.83 8.9302
97 109 9.9998 0.2516 100.0 489.05 605.56 1510.82 1314.1 10.52 15.49 394.0 2319.03 8777.59 1.26 45.55 371.55 2388.24 8124.13 8.6749 0.03 370 2319 100.0 28.34 17.0548
97 110 25.0067 0.6204 60.0 462.54 536.82 1267.38 1054.32 7.05 9.03 176.04 1915.24 8005.43 0.94 37.04 164.58 2028.12 7875.72 10.9425 0.02 308 1915 84.93 14.06 8.5094
97 111 42.0016 0.8419 100.0 445.0 550.01 1358.73 1131.66 3.91 5.72 138.09 2211.71 8313.59 1.02 42.19 130.2 2387.78 8077.01 9.3846 0.02 330 2212 100.0 10.59 6.3606
97 112 10.0011 0.2517 100.0 489.05 604.66 1501.74 1313.22 10.52 15.5 393.87 2319.03 8777.15 1.26 45.64 371.43 2388.26 8129.97 8.6743 0.03 371 2319 100.0 28.48 17.1048
97 113 0.0026 0.0015 100.0 518.67 643.61 1593.87 1410.17 14.62 21.61 552.77 2388.2 9049.46 1.3 47.67 520.67 2388.22 8125.32 8.4533 0.03 395 2388 100.0 38.84 23.1716
97 114 9.9982 0.25 100.0 489.05 605.24 1501.97 1314.89 10.52 15.5 393.88 2319.07 8772.92 1.26 45.49 370.9 2388.24 8119.58 8.6955 0.03 370 2319 100.0 28.5 17.023
97 115 20.0049 0.7 100.0 491.19 607.99 1489.09 1261.16 9.35 13.66 333.79 2324.03 8720.93 1.07 44.58 314.26 2388.16 8055.94 9.2617 0.02 367 2324 100.0 24.51 14.6624
97 116 0.0014 0.0009 100.0 518.67 643.48 1596.4 1414.83 14.62 21.61 552.8 2388.21 9050.97 1.3 47.88 521.05 2388.25 8128.18 8.4486 0.03 394 2388 100.0 38.71 23.2836
97 117 0.0006 0.0 100.0 518.67 643.6 1593.68 1422.02 14.62 21.61 552.48 2388.13 9048.94 1.3 47.78 520.84 2388.16 8137.04 8.4557 0.03 394 2388 100.0 38.65 23.1716
97 118 10.0041 0.25 100.0 489.05 605.55 1501.61 1326.41 10.52 15.5 393.9 2319.08 8773.12 1.26 45.81 371.31 2388.24 8123.69 8.7012 0.03 372 2319 100.0 28.17 17.0467
97 119 34.9982 0.8407 100.0 449.44 555.78 1368.75 1136.41 5.48 8.0 194.11 2222.77 8336.82 1.02 42.25 183.16 2387.94 8061.0 9.3621 0.02 334 2223 100.0 14.76 8.8638
97 120 20.0076 0.7 100.0 491.19 607.88 1484.36 1263.24 9.35 13.66 334.2 2324.04 8720.57 1.08 44.55 313.88 2388.16 8052.45 9.2671 0.02 365 2324 100.0 24.38 14.6685
97 121 35.004 0.8411 100.0 449.44 556.44 1369.81 1137.07 5.48 8.0 193.64 2222.84 8351.01 1.02 42.17 182.72 2387.9 8056.27 9.3734 0.02 335 2223 100.0 14.78 8.8222
97 122 24.9997 0.6213 60.0 462.54 537.07 1262.86 1057.99 7.05 9.03 174.59 1915.2 8006.9 0.94 37.04 164.2 2028.15 7867.23 10.9315 0.02 308 1915 84.93 14.17 8.5318
97 123 9.9981 0.25 100.0 489.05 605.19 1509.94 1320.04 10.52 15.5 394.05 2319.05 8773.97 1.26 45.71 371.04 2388.3 8124.14 8.7002 0.03 370 2319 100.0 28.38 17.0393
97 124 24.9981 0.6219 60.0 462.54 537.47 1270.72 1056.04 7.05 9.03 176.17 1915.24 8003.0 0.94 36.89 163.91 2028.15 7868.74 10.9406 0.02 309 1915 84.93 14.18 8.487
97 125 35.0018 0.84 100.0 449.44 555.96 1368.71 1141.74 5.48 8.0 194.47 2222.83 8341.91 1.02 42.42 182.75 2387.89 8057.07 9.4099 0.02 335 2223 100.0 14.77 8.9654
97 126 41.9982 0.84 100.0 445.0 549.85 1359.62 1138.93 3.91 5.72 138.38 2211.61 8310.03 1.02 42.46 129.89 2387.67 8078.15 9.3987 0.02 334 2212 100.0 10.44 6.4556
97 127 0.0005 0.0004 100.0 518.67 643.0 1604.54 1424.32 14.62 21.61 551.97 2388.24 9050.8 1.3 47.91 519.96 2388.25 8122.99 8.4707 0.03 395 2388 100.0 38.6 23.1259
97 128 10.0065 0.2513 100.0 489.05 605.29 1508.65 1328.8 10.52 15.5 393.62 2319.14 8767.95 1.26 45.95 370.84 2388.34 8119.83 8.741 0.03 373 2319 100.0 28.3 17.0121
97 129 42.0013 0.84 100.0 445.0 550.59 1355.21 1134.37 3.91 5.71 138.39 2211.66 8316.82 1.02 42.48 130.23 2387.71 8073.7 9.4631 0.02 333 2212 100.0 10.8 6.3596
97 130 42.0026 0.8404 100.0 445.0 550.19 1362.49 1143.52 3.91 5.72 139.47 2211.61 8315.28 1.02 42.54 129.68 2387.67 8072.01 9.4298 0.02 332 2212 100.0 10.65 6.199
97 131 41.9984 0.84 100.0 445.0 549.7 1353.57 1138.25 3.91 5.72 138.4 2211.65 8320.69 1.02 42.8 129.63 2387.67 8073.64 9.4507 0.02 332 2212 100.0 10.52 6.3676
97 132 35.0063 0.8419 100.0 449.44 556.4 1376.59 1134.66 5.48 8.0 194.02 2222.77 8343.96 1.02 42.37 182.73 2387.94 8064.12 9.3719 0.02 336 2223 100.0 14.8 8.9087
97 133 20.0017 0.7017 100.0 491.19 608.25 1495.38 1270.21 9.35 13.66 334.12 2324.05 8721.66 1.08 44.98 314.22 2388.18 8053.23 9.2617 0.03 367 2324 100.0 24.09 14.5685
97 134 42.0036 0.84 100.0 445.0 550.82 1356.07 1147.45 3.91 5.72 138.77 2211.6 8312.33 1.02 42.48 129.84 2387.64 8071.81 9.4524 0.02 332 2212 100.0 10.43 6.3981
97 135 34.9981 0.8413 100.0 449.44 555.82 1382.93 1151.22 5.48 8.0 194.23 2222.81 8341.78 1.02 42.38 182.12 2387.88 8058.96 9.3973 0.02 336 2223 100.0 14.66 8.8277
97 136 20.0037 0.7009 100.0 491.19 608.08 1488.81 1274.22 9.35 13.66 333.73 2324.05 8719.24 1.08 44.89 313.91 2388.17 8055.49 9.3193 0.03 369 2324 100.0 24.21 14.5752
97 137 42.0022 0.8403 100.0 445.0 550.49 1360.89 1143.12 3.91 5.72 138.83 2211.59 8316.71 1.02 42.59 130.38 2387.65 8076.68 9.4953 0.02 332 2212 100.0 10.53 6.1882
97 138 25.0007 0.62 60.0 462.54 537.02 1273.62 1064.61 7.05 9.03 175.39 1915.11 8003.57 0.94 37.12 164.55 2028.05 7873.51 11.0162 0.02 309 1915 84.93 14.12 8.4925
97 139 35.007 0.84 100.0 449.44 555.98 1380.07 1151.09 5.48 8.0 193.91 2222.77 8347.23 1.02 42.42 182.91 2387.87 8062.27 9.3889 0.02 336 2223 100.0 14.83 8.7408
97 140 0.0024 0.0 100.0 518.67 643.99 1601.86 1427.21 14.62 21.61 551.54 2388.28 9057.16 1.3 48.07 519.82 2388.31 8127.08 8.4839 0.03 396 2388 100.0 38.59 23.0873
97 141 42.0028 0.84 100.0 445.0 550.57 1366.34 1141.03 3.91 5.72 138.45 2211.53 8324.78 1.02 42.65 129.67 2387.62 8071.86 9.479 0.02 332 2212 100.0 10.34 6.23
97 142 24.9981 0.62 60.0 462.54 537.4 1267.47 1066.37 7.05 9.03 174.57 1915.19 8012.66 0.94 37.36 163.67 2028.0 7869.0 11.0078 0.02 308 1915 84.93 14.09 8.4837
97 143 10.0076 0.25 100.0 489.05 605.28 1511.17 1326.57 10.52 15.5 393.66 2319.19 8772.39 1.26 46.18 370.32 2388.48 8116.04 8.751 0.03 373 2319 100.0 28.32 16.9516
97 144 42.0067 0.842 100.0 445.0 550.27 1366.48 1148.22 3.91 5.71 137.81 2211.61 8327.13 1.02 42.78 130.24 2387.59 8075.22 9.4784 0.02 334 2212 100.0 10.53 6.2082
97 145 10.0033 0.2501 100.0 489.05 606.23 1509.53 1334.96 10.52 15.5 392.52 2319.26 8776.12 1.26 46.04 370.04 2388.43 8117.64 8.7254 0.03 374 2319 100.0 28.14 17.0462
