54 1 42.0011 0.8409 100.0 445.0 549.75 1353.14 1130.65 3.91 5.71 138.78 2211.78 8314.84 1.02 42.17 130.78 2387.88 8082.87 9.3854 0.02 331 2212 100.0 10.53 6.3359
54 2 25.0059 0.62 60.0 462.54 536.7 1263.33 1049.81 7.05 9.03 175.52 1915.25 8006.19 0.94 36.63 164.53 2028.16 7872.82 10.9203 0.02 307 1915 84.93 14.23 8.5701
54 3 20.0033 0.7008 100.0 491.19 607.68 1500.61 1255.05 9.35 13.66 334.88 2323.92 8721.68 1.08 44.5 314.78 2388.18 8061.35 9.2674 0.02 365 2324 100.0 24.36 14.5718
54 4 10.0029 0.2518 100.0 489.05 604.81 1491.86 1313.54 10.52 15.49 394.67 2318.97 8780.38 1.26 45.66 371.25 2388.15 8128.82 8.6879 0.03 370 2319 100.0 28.66 17.153
54 5 19.9981 0.7005 100.0 491.19 607.8 1485.17 1251.43 9.35 13.66 334.49 2323.97 8725.62 1.08 44.55 314.6 2388.13 8057.96 9.2074 0.03 364 2324 100.0 24.63 14.5304
54 6 35.0054 0.8412 100.0 449.44 555.68 1371.67 1128.38 5.48 8.0 193.77 2222.96 8345.61 1.02 42.03 183.0 2388.02 8063.59 9.3308 0.02 335 2223 100.0 14.88 8.8596
54 7 41.9988 0.8414 100.0 445.0 549.54 1353.98 1124.89 3.91 5.72 138.86 2211.81 8323.26 1.02 42.06 130.21 2387.89 8075.98 9.3878 0.02 331 2212 100.0 10.46 6.3547
54 8 20.0015 0.7 100.0 491.19 607.69 1483.73 1260.88 9.35 13.66 334.2 2323.95 8728.85 1.08 44.34 314.81 2388.11 8056.43 9.2468 0.02 365 2324 100.0 24.61 14.6901
54 9 42.0008 0.84 100.0 445.0 549.33 1359.02 1121.09 3.91 5.71 137.84 2211.78 8319.94 1.02 42.52 130.57 2387.84 8078.54 9.4027 0.02 332 2212 100.0 10.58 6.3524
54 10 10.0029 0.2502 100.0 489.05 604.79 1502.06 1311.37 10.52 15.49 394.19 2318.97 8774.65 1.26 45.62 371.24 2388.2 8128.72 8.6614 0.03 369 2319 100.0 28.38 17.1282
54 11 19.9999 0.7 100.0 491.19 607.98 1491.57 1250.18 9.35 13.65 334.99 2323.99 8716.9 1.08 44.23 315.01 2388.18 8054.49 9.2313 0.02 365 2324 100.0 24.52 14.6653
54 12 42.0059 0.8402 100.0 445.0 549.75 1349.69 1124.88 3.91 5.72 138.24 2211.85 8321.16 1.02 42.19 130.4 2387.93 8083.49 9.3961 0.02 332 2212 100.0 10.8 6.3799
54 13 35.0055 0.84 100.0 449.44 555.62 1364.76 1133.32 5.48 8.0 194.89 2222.86 8351.3 1.02 41.87 183.27 2387.95 8061.71 9.3065 0.02 333 2223 100.0 14.66 8.7777
54 14 25.001 0.62 60.0 462.54 536.99 1266.75 1049.07 7.05 9.02 174.73 1915.32 8005.29 0.94 36.82 165.23 2028.17 7869.88 10.9481 0.02 306 1915 84.93 14.41 8.5514
54 15 20.0074 0.7008 100.0 491.19 607.47 1481.66 1255.86 9.35 13.66 334.27 2323.99 8720.78 1.08 44.4 314.73 2388.13 8055.85 9.2081 0.02 364 2324 100.0 24.36 14.653
54 16 35.0074 0.8405 100.0 449.44 555.31 1360.42 1132.97 5.48 8.0 193.72 2222.84 8348.87 1.02 42.03 183.25 2387.99 8063.47 9.325 0.02 333 2223 100.0 14.74 8.8918
54 17 25.0073 0.6219 60.0 462.54 537.39 1265.13 1052.44 7.05 9.03 175.36 1915.29 8006.75 0.94 37.08 164.67 2028.17 7872.48 10.9127 0.02 307 1915 84.93 14.33 8.5937
54 18 34.9987 0.84 100.0 449.44 555.84 1369.93 1132.54 5.48 8.0 194.28 2222.83 8347.26 1.02 42.12 182.89 2388.03 8058.78 9.3247 0.02 333 2223 100.0 14.92 8.9648
54 19 20.0002 0.7009 100.0 491.19 607.16 1485.29 1251.82 9.35 13.66 333.67 2323.97 8717.3 1.08 44.28 314.33 2388.07 8057.28 9.2305 0.02 367 2324 100.0 24.46 14.7566
54 20 25.0017 0.6207 60.0 462.54 536.23 1266.71 1050.28 7.05 9.03 175.55 1915.29 8006.39 0.94 36.75 164.32 2028.18 7878.68 10.9072 0.02 307 1915 84.93 14.25 8.6223
54 21 42.0039 0.84 100.0 445.0 549.31 1358.68 1132.6 3.91 5.72 138.24 2211.78 8318.92 1.02 42.2 130.78 2387.89 8079.66 9.3982 0.02 331 2212 100.0 10.51 6.3565
54 22 34.9992 0.8411 100.0 449.44 555.43 1370.77 1135.13 5.48 8.0 194.42 2222.89 8341.81 1.02 41.97 182.81 2388.0 8064.62 9.3219 0.02 334 2223 100.0 14.76 8.8252
54 23 20.0043 0.7006 100.0 491.19 607.03 1490.68 1256.42 9.35 13.65 334.25 2323.99 8719.0 1.07 44.52 315.16 2388.05 8056.23 9.2204 0.02 366 2324 100.0 24.53 14.6478
54 24 25.0073 0.6216 60.0 462.54 536.18 1258.21 1050.61 7.05 9.03 174.96 1915.24 8008.57 0.94 36.65 163.99 2028.15 7871.86 10.9242 0.02 306 1915 84.93 14.32 8.5129
54 25 42.0016 0.8411 100.0 445.0 550.15 1351.16 1123.76 3.91 5.72 138.79 2211.77 8309.67 1.02 42.12 130.39 2387.85 8080.29 9.4145 0.02 332 2212 100.0 10.66 6.3688
54 26 35.0043 0.8413 100.0 449.44 555.99 1368.74 1135.14 5.48 8.0 194.24 2222.86 8344.39 1.02 42.17 182.9 2387.98 8063.05 9.3423 0.02 336 2223 100.0 14.74 8.943
54 27 10.0058 0.25 100.0 489.05 605.04 1509.56 1307.48 10.52 15.49 394.55 2319.0 8774.38 1.26 45.61 371.18 2388.16 8121.45 8.681 0.03 370 2319 100.0 28.66 17.046
54 28 25.0077 0.62 60.0 462.54 537.06 1266.25 1042.87 7.05 9.02 175.8 1915.26 8009.58 0.94 36.75 164.83 2028.15 7870.3 10.9116 0.02 306 1915 84.93 14.45 8.5206
54 29 9.998 0.25 100.0 489.05 605.27 1501.5 1311.68 10.52 15.5 395.08 2318.98 8771.21 1.26 45.59 372.1 2388.21 8123.15 8.6834 0.03 370 2319 100.0 28.42 17.1284
54 30 42.0031 0.8412 100.0 445.0 549.23 1352.69 1131.72 3.91 5.71 138.86 2211.8 8313.41 1.02 42.14 130.89 2387.9 8080.31 9.3815 0.02 330 2212 100.0 10.56 6.2875
54 31 20.0066 0.701 100.0 491.19 607.35 1494.29 1245.51 9.35 13.66 334.43 2324.05 8720.98 1.08 44.49 314.94 2388.13 8055.44 9.1826 0.02 366 2324 100.0 24.57 14.5897
54 32 35.0072 0.8418 100.0 449.44 556.06 1367.54 1132.72 5.48 8.0 194.37 2222.9 8346.74 1.02 42.0 182.9 2388.0 8065.18 9.3629 0.02 335 2223 100.0 14.81 8.883
54 33 24.9993 0.62 60.0 462.54 536.75 1265.18 1043.67 7.05 9.03 175.55 1915.28 8012.54 0.94 36.65 164.83 2028.15 7872.76 10.9048 0.02 309 1915 84.93 14.33 8.4939
54 34 20.0003 0.7 100.0 491.19 607.62 1485.97 1254.39 9.35 13.66 334.37 2324.0 8722.51 1.07 44.51 315.03 2388.15 8054.32 9.2282 0.02 366 2324 100.0 24.65 14.6085
54 35 34.9985 0.8403 100.0 449.44 555.49 1371.42 1128.8 5.48 8.0 194.0 2222.93 8348.51 1.02 42.02 182.82 2387.96 8066.0 9.3245 0.02 333 2223 100.0 14.77 8.8576
54 36 10.0024 0.25 100.0 489.05 605.01 1499.29 1314.59 10.52 15.49 393.57 2319.02 8784.76 1.26 45.36 371.73 2388.19 8126.61 8.6569 0.03 373 2319 100.0 28.53 17.1309
54 37 10.0027 0.2505 100.0 489.05 604.36 1499.12 1313.14 10.52 15.49 394.52 2318.97 8774.55 1.26 45.69 371.78 2388.19 8118.16 8.7081 0.03 371 2319 100.0 28.6 17.0949
54 38 35.0003 0.8417 100.0 449.44 555.46 1370.66 1125.04 5.48 8.0 194.91 2222.91 8343.27 1.02 41.96 183.3 2387.96 8063.02 9.3433 0.02 334 2223 100.0 14.94 8.9344
54 39 10.0009 0.2519 100.0 489.05 605.23 1512.29 1311.69 10.52 15.49 394.54 2318.98 8779.85 1.26 45.66 371.18 2388.17 8127.25 8.6466 0.03 369 2319 100.0 28.45 17.059
54 40 20.004 0.7019 100.0 491.19 607.72 1487.49 1248.12 9.35 13.66 334.48 2323.99 8720.06 1.08 44.52 315.22 2388.15 8060.46 9.2341 0.02 365 2324 100.0 24.54 14.4902
54 41 42.0019 0.8404 100.0 445.0 549.72 1356.53 1130.53 3.91 5.71 138.43 2211.76 8316.72 1.02 42.13 130.97 2387.86 8076.6 9.4026 0.02 330 2212 100.0 10.5 6.3609
54 42 19.999 0.7003 100.0 491.19 607.71 1482.04 1245.77 9.35 13.66 333.27 2324.0 8723.51 1.08 44.41 314.78 2388.09 8058.86 9.2367 0.02 365 2324 100.0 24.48 14.6342
54 43 9.9996 0.251 100.0 489.05 604.84 1500.21 1308.9 10.52 15.49 393.76 2318.93 8775.75 1.26 45.67 370.87 2388.18 8123.45 8.6681 0.03 369 2319 100.0 28.43 16.9908
54 44 25.0062 0.62 60.0 462.54 537.24 1258.61 1052.65 7.05 9.03 175.87 1915.33 8012.13 0.94 36.74 164.73 2028.15 7877.56 10.9257 0.02 309 1915 84.93 14.14 8.7176
54 45 42.0 0.8418 100.0 445.0 550.3 1351.14 1121.92 3.91 5.72 139.33 2211.84 8322.1 1.02 42.2 131.05 2387.88 8082.97 9.3735 0.02 331 2212 100.0 10.49 6.3194
54 46 10.0041 0.25 100.0 489.05 605.0 1503.31 1311.4 10.52 15.49 393.68 2318.98 8777.54 1.26 45.7 371.48 2388.15 8128.8 8.6622 0.03 370 2319 100.0 28.52 17.0971
54 47 19.9985 0.7013 100.0 491.19 607.55 1480.58 1254.47 9.35 13.66 334.71 2323.92 8720.88 1.08 44.67 314.73 2388.12 8059.45 9.2191 0.02 364 2324 100.0 24.36 14.6492
54 48 24.9995 0.62 60.0 462.54 536.77 1269.61 1051.18 7.05 9.03 175.19 1915.29 8003.3 0.94 36.88 164.83 2028.2 7874.19 10.9522 0.02 307 1915 84.93 14.25 8.6031
54 49 42.0007 0.84 100.0 445.0 549.84 1357.19 1125.33 3.91 5.71 138.82 2211.84 8316.23 1.02 42.18 130.88 2387.91 8092.75 9.3817 0.02 332 2212 100.0 10.4 6.3501
54 50 35.0001 0.84 100.0 449.44 555.97 1369.9 1130.12 5.48 8.0 194.85 2222.87 8353.96 1.02 41.9 183.49 2387.97 8069.8 9.3178 0.02 332 2223 100.0 14.8 8.8401
54 51 25.0062 0.62 60.0 462.54 537.12 1262.04 1047.1 7.05 9.03 175.56 1915.3 8003.91 0.94 36.86 164.41 2028.2 7873.62 10.9131 0.02 306 1915 84.93 14.37 8.6398
54 52 35.0046 0.84 100.0 449.44 556.62 1362.91 1129.09 5.48 8.0 194.22 2222.94 8347.7 1.02 41.95 183.3 2387.98 8066.14 9.3486 0.02 336 2223 100.0 14.85 8.8946
54 53 0.0017 0.0014 100.0 518.67 642.96 1591.11 1413.31 14.62 21.61 553.11 2388.07 9060.65 1.3 47.52 521.33 2388.13 8138.55 8.4753 0.03 395 2388 100.0 38.73 23.2847
54 54 24.9988 0.6202 60.0 462.54 536.18 1257.48 1050.77 7.05 9.03 175.76 1915.28 8007.89 0.93 36.89 164.23 2028.24 7867.08 10.9489 0.02 306 1915 84.93 14.45 8.5444
54 55 10.0029 0.2519 100.0 489.05 604.35 1499.55 1309.89 10.52 15.49 394.17 2319.02 8779.32 1.26 45.58 371.44 2388.21 8129.61 8.6671 0.03 368 2319 100.0 28.57 17.063
54 56 0.0018 0.0 100.0 518.67 642.42 1600.76 1408.01 14.62 21.61 553.34 2388.13 9051.44 1.3 47.6 521.61 2388.15 8132.56 8.4255 0.03 394 2388 100.0 38.75 23.3427
54 57 0.0017 0.0 100.0 518.67 642.62 1592.61 1411.1 14.62 21.61 552.63 2388.15 9049.99 1.3 47.72 521.5 2388.15 8135.45 8.4616 0.03 395 2388 100.0 38.75 23.267
54 58 10.0035 0.2502 100.0 489.05 604.97 1497.36 1315.49 10.52 15.5 393.17 2318.96 8775.58 1.26 45.48 371.36 2388.19 8126.31 8.6543 0.03 370 2319 100.0 28.54 17.1205
54 59 9.9992 0.2518 100.0 489.05 604.65 1498.85 1315.36 10.52 15.49 394.16 2319.01 8778.95 1.26 45.5 371.27 2388.22 8130.21 8.6471 0.03 370 2319 100.0 28.51 17.0975
54 60 35.0076 0.84 100.0 449.44 555.71 1368.51 1133.56 5.48 8.0 194.36 2222.89 8349.16 1.02 42.0 182.86 2387.95 8060.35 9.3191 0.02 334 2223 100.0 14.77 8.8542
54 61 10.0066 0.2505 100.0 489.05 605.36 1495.22 1307.17 10.52 15.49 394.54 2318.96 8783.02 1.26 45.57 371.55 2388.22 8126.06 8.6876 0.03 370 2319 100.0 28.49 17.1448
54 62 25.0069 0.62 60.0 462.54 536.61 1261.2 1054.2 7.05 9.03 175.75 1915.27 8007.79 0.94 36.95 164.7 2028.17 7870.84 10.9146 0.02 308 1915 84.93 14.46 8.6382
54 63 25.0037 0.6217 60.0 462.54 536.89 1261.62 1056.6 7.05 9.03 175.26 1915.25 8011.84 0.94 36.78 164.47 2028.17 7871.05 10.8594 0.02 308 1915 84.93 14.28 8.5825
54 64 0.0028 0.0 100.0 518.67 642.53 1593.22 1409.97 14.62 21.61 552.94 2388.14 9055.94 1.3 47.55 521.74 2388.17 8127.53 8.4548 0.03 394 2388 100.0 38.62 23.2693
54 65 0.0025 0.0 100.0 518.67 642.71 1595.12 1416.76 14.62 21.61 553.39 2388.15 9048.58 1.3 47.55 521.52 2388.12 8129.29 8.4506 0.03 395 2388 100.0 38.84 23.1852
54 66 0.0009 0.0 100.0 518.67 642.67 1588.56 1403.06 14.62 21.61 553.04 2388.2 9058.45 1.3 47.66 521.06 2388.13 8129.79 8.4791 0.03 394 2388 100.0 38.75 23.3091
54 67 35.002 0.84 100.0 449.44 556.09 1367.94 1127.24 5.48 8.0 194.65 2222.91 8344.74 1.02 42.07 182.79 2387.92 8062.95 9.3313 0.02 335 2223 100.0 14.66 8.9026
54 68 10.0078 0.2515 100.0 489.05 605.02 1506.03 1311.16 10.52 15.5 393.88 2318.97 8778.5 1.26 45.64 371.25 2388.15 8126.41 8.6472 0.03 370 2319 100.0 28.49 17.1049
54 69 25.0044 0.62 60.0 462.54 536.82 1265.91 1050.97 7.05 9.03 175.0 1915.24 8000.56 0.94 36.79 164.36 2028.16 7869.67 10.8956 0.02 307 1915 84.93 14.23 8.5605
54 70 10.0077 0.25 100.0 489.05 604.77 1504.13 1310.86 10.52 15.49 394.04 2319.01 8779.26 1.26 45.64 371.0 2388.19 8130.14 8.6922 0.03 371 2319 100.0 28.51 17.1511
54 71 42.002 0.8403 100.0 445.0 549.57 1356.96 1134.42 3.91 5.72 139.29 2211.8 8327.56 1.02 42.17 130.25 2387.85 8081.82 9.4109 0.02 333 2212 100.0 10.5 6.4431
54 72 42.0039 0.842 100.0 445.0 549.45 1351.35 1131.53 3.91 5.71 138.48 2211.79 8319.64 1.02 42.26 130.43 2387.85 8089.61 9.3726 0.02 332 2212 100.0 10.6 6.4322
54 73 25.0069 0.6217 60.0 462.54 537.25 1259.36 1053.51 7.05 9.03 175.4 1915.25 8004.25 0.94 36.74 164.17 2028.18 7869.63 10.9065 0.02 308 1915 84.93 14.13 8.5009
54 74 20.001 0.7009 100.0 491.19 607.3 1489.47 1252.21 9.35 13.66 333.56 2324.04 8725.66 1.08 44.53 314.67 2388.09 8061.15 9.2426 0.02 367 2324 100.0 24.54 14.6483
54 75 41.9984 0.8406 100.0 445.0 549.54 1362.89 1138.72 3.91 5.72 138.46 2211.81 8320.2 1.02 42.28 130.04 2387.85 8079.63 9.371 0.02 331 2212 100.0 10.56 6.3341
54 76 35.0006 0.8403 100.0 449.44 555.49 1367.61 1134.98 5.48 8.0 195.0 2222.88 8350.71 1.02 41.99 183.08 2387.96 8063.18 9.3621 0.02 335 2223 100.0 14.8 8.9582
54 77 10.0027 0.2515 100.0 489.05 605.58 1509.4 1319.99 10.52 15.49 394.36 2318.96 8780.63 1.26 45.77 371.49 2388.2 8131.9 8.6832 0.03 370 2319 100.0 28.24 17.0188
54 78 42.0033 0.8409 100.0 445.0 549.76 1350.8 1131.26 3.91 5.72 138.65 2211.87 8323.88 1.02 42.02 130.72 2387.9 8083.85 9.3881 0.02 333 2212 100.0 10.73 6.3162
54 79 41.9995 0.84 100.0 445.0 549.59 1352.66 1132.86 3.91 5.72 138.29 2211.81 8326.12 1.02 42.29 130.3 2387.84 8079.05 9.3559 0.02 332 2212 100.0 10.76 6.3007
54 80 20.0042 0.7 100.0 491.19 607.42 1490.64 1256.75 9.35 13.66 334.9 2323.96 8722.44 1.08 44.58 314.79 2388.15 8056.45 9.2521 0.03 363 2324 100.0 24.56 14.638
54 81 42.0058 0.8413 100.0 445.0 550.05 1356.28 1134.09 3.91 5.72 138.7 2211.8 8325.19 1.02 42.34 129.86 2387.8 8080.67 9.3877 0.02 332 2212 100.0 10.48 6.316
54 82 20.0047 0.7 100.0 491.19 607.93 1479.38 1258.85 9.35 13.66 334.83 2324.0 8727.75 1.07 44.68 314.99 2388.12 8065.49 9.2436 0.02 366 2324 100.0 24.42 14.6277
54 83 42.0061 0.84 100.0 445.0 549.28 1353.38 1134.66 3.91 5.72 138.91 2211.83 8318.61 1.02 42.29 130.51 2387.92 8082.51 9.4022 0.02 332 2212 100.0 10.65 6.4382
54 84 20.0049 0.7016 100.0 491.19 607.83 1486.09 1256.67 9.35 13.66 334.59 2324.0 8725.89 1.07 44.38 314.33 2388.19 8053.72 9.2533 0.02 365 2324 100.0 24.52 14.5982
54 85 42.0013 0.8417 100.0 445.0 549.91 1353.72 1139.95 3.91 5.72 139.07 2211.82 8317.79 1.02 42.07 130.95 2387.91 8082.05 9.3707 0.02 331 2212 100.0 10.48 6.3606
54 86 42.0048 0.8411 100.0 445.0 550.4 1356.67 1139.72 3.91 5.71 138.46 2211.78 8325.71 1.02 42.16 130.31 2387.89 8077.17 9.3544 0.02 331 2212 100.0 10.54 6.2389
54 87 10.0002 0.25 100.0 489.05 604.81 1503.94 1310.26 10.52 15.49 394.21 2319.02 8778.68 1.26 45.69 371.3 2388.24 8126.56 8.6999 0.03 370 2319 100.0 28.42 17.117
54 88 20.0033 0.7 100.0 491.19 607.6 1480.09 1259.54 9.35 13.66 334.15 2324.0 8721.12 1.08 44.54 314.51 2388.1 8058.36 9.2517 0.02 365 2324 100.0 24.3 14.6678
54 89 42.0027 0.84 100.0 445.0 550.2 1354.9 1127.01 3.91 5.71 138.58 2211.81 8316.58 1.02 42.26 130.55 2387.87 8081.97 9.3887 0.02 330 2212 100.0 10.62 6.3964
54 90 42.0044 0.84 100.0 445.0 549.82 1352.97 1122.36 3.91 5.71 138.13 2211.76 8315.97 1.02 42.28 130.66 2387.81 8082.51 9.3973 0.02 331 2212 100.0 10.53 6.2243
54 91 35.0025 0.84 100.0 449.44 555.98 1373.93 1136.96 5.48 8.0 193.44 2222.92 8350.97 1.02 42.04 183.09 2388.06 8067.23 9.3393 0.02 336 2223 100.0 14.93 8.8301
54 92 0.002 0.0 100.0 518.67 643.06 1593.35 1420.97 14.62 21.61 552.42 2388.14 9051.14 1.3 47.63 521.25 2388.14 8128.8 8.4739 0.03 394 2388 100.0 38.78 23.2982
54 93 0.0023 0.0004 100.0 518.67 642.65 1587.91 1412.97 14.62 21.61 552.9 2388.14 9054.66 1.3 47.55 521.14 2388.16 8137.65 8.4446 0.03 394 2388 100.0 38.54 23.2745
54 94 42.0063 0.84 100.0 445.0 549.4 1352.71 1130.15 3.91 5.71 138.96 2211.8 8318.02 1.02 42.16 130.38 2387.79 8078.58 9.414 0.02 329 2212 100.0 10.68 6.2916
54 95 35.0038 0.84 100.0 449.44 556.46 1369.98 1134.68 5.48 8.0 194.97 2222.92 8339.59 1.02 41.94 182.81 2387.98 8060.42 9.3699 0.02 335 2223 100.0 14.79 8.9001
54 96 0.0017 0.0019 100.0 518.67 643.07 1598.54 1406.37 14.62 21.61 553.15 2388.1 9054.47 1.3 47.57 520.9 2388.13 8133.39 8.4907 0.03 393 2388 100.0 38.61 23.2019
54 97 0.0017 0.0 100.0 518.67 643.18 1595.83 1410.75 14.62 21.61 553.09 2388.15 9051.49 1.3 47.67 521.13 2388.19 8133.33 8.4513 0.03 393 2388 100.0 38.44 23.3414
54 98 9.9998 0.2503 100.0 489.05 604.99 1504.81 1313.63 10.52 15.49 394.2 2318.99 8768.52 1.26 45.67 371.25 2388.17 8125.11 8.6542 0.03 369 2319 100.0 28.49 17.0947
54 99 42.0054 0.84 100.0 445.0 549.4 1361.87 1134.29 3.91 5.71 138.36 2211.8 8322.94 1.02 42.3 130.29 2387.87 8078.07 9.3956 0.02 332 2212 100.0 10.6 6.2668
54 100 42.0004 0.8411 100.0 445.0 549.69 1360.0 1132.0 3.91 5.72 138.5 2211.82 8320.63 1.02 42.28 130.47 2387.9 8084.26 9.3893 0.02 333 2212 100.0 10.64 6.3636
54 101 10.0003 0.25 100.0 489.05 605.35 1499.7 1313.49 10.52 15.49 394.2 2319.02 8776.49 1.26 45.55 371.44 2388.21 8128.58 8.7091 0.03 370 2319 100.0 28.21 17.0654
54 102 10.0052 0.25 100.0 489.05 605.19 1509.85 1310.4 10.52 15.5 393.89 2318.98 8778.37 1.26 45.7 371.46 2388.23 8125.77 8.688 0.03 370 2319 100.0 28.39 17.0371
54 103 41.9997 0.84 100.0 445.0 550.08 1359.56 1120.13 3.91 5.71 138.62 2211.81 8333.5 1.02 42.25 130.15 2387.93 8081.71 9.3849 0.02 330 2212 100.0 10.52 6.3001
54 104 42.0017 0.8404 100.0 445.0 550.04 1360.74 1133.68 3.91 5.71 138.3 2211.78 8317.28 1.02 42.41 130.33 2387.81 8078.09 9.402 0.02 329 2212 100.0 10.73 6.3146
54 105 10.0043 0.25 100.0 489.05 605.46 1500.01 1308.22 10.52 15.5 393.58 2319.01 8782.51 1.26 45.6 371.02 2388.27 8130.12 8.6788 0.03 370 2319 100.0 28.52 17.0842
54 106 25.0074 0.6213 60.0 462.54 537.38 1263.89 1051.49 7.05 9.03 174.67 1915.28 8011.19 0.94 36.8 164.19 2028.21 7871.04 10.9059 0.02 308 1915 84.93 14.13 8.4894
54 107 0.0 0.0 100.0 518.67 642.6 1595.82 1412.38 14.62 21.61 553.3 2388.11 9057.19 1.3 47.62 521.42 2388.14 8136.2 8.4642 0.03 392 2388 100.0 38.81 23.2969
54 108 20.008 0.7 100.0 491.19 608.28 1494.86 1262.86 9.35 13.66 334.32 2324.05 8721.97 1.08 44.76 314.68 2388.14 8060.22 9.2632 0.02 365 2324 100.0 24.26 14.6167
54 109 25.0025 0.62 60.0 462.54 537.34 1260.66 1055.94 7.05 9.02 175.11 1915.34 8015.76 0.94 37.07 164.86 2028.21 7869.09 10.9206 0.02 309 1915 84.93 14.16 8.4937
54 110 35.0068 0.8407 100.0 449.44 556.17 1369.23 1131.12 5.48 8.0 193.71 2222.92 8357.47 1.02 42.21 183.28 2388.0 8062.78 9.3408 0.02 334 2223 100.0 14.6 8.815
54 111 25.001 0.62 60.0 462.54 537.09 1263.06 1057.88 7.05 9.03 175.84 1915.35 8023.27 0.94 37.01 164.65 2028.24 7874.42 10.9198 0.02 306 1915 84.93 14.28 8.5723
54 112 42.0025 0.84 100.0 445.0 549.88 1362.56 1123.58 3.91 5.72 138.16 2211.79 8328.74 1.02 42.34 130.74 2387.87 8083.26 9.3828 0.02 331 2212 100.0 10.6 6.3461
54 113 20.0073 0.7012 100.0 491.19 608.17 1492.95 1246.8 9.35 13.66 334.26 2324.03 8722.3 1.07 44.46 314.67 2388.2 8060.1 9.2389 0.03 365 2324 100.0 24.37 14.6572
54 114 9.9982 0.2518 100.0 489.05 605.3 1500.14 1309.99 10.52 15.5 394.29 2319.04 8775.28 1.26 45.69 371.53 2388.27 8127.77 8.7037 0.03 370 2319 100.0 28.55 17.0824
54 115 0.0017 0.0 100.0 518.67 642.93 1595.27 1411.84 14.62 21.61 552.98 2388.16 9051.47 1.3 47.71 521.45 2388.17 8136.48 8.4767 0.03 392 2388 100.0 38.68 23.2554
54 116 20.0025 0.7015 100.0 491.19 608.12 1488.43 1253.69 9.35 13.66 334.24 2324.03 8728.94 1.08 44.6 314.29 2388.13 8058.13 9.2303 0.02 366 2324 100.0 24.36 14.5965
54 117 42.0007 0.84 100.0 445.0 549.97 1359.21 1119.8 3.91 5.72 138.21 2211.78 8316.8 1.02 42.31 130.0 2387.88 8084.23 9.4142 0.02 332 2212 100.0 10.45 6.2648
54 118 0.0024 0.0 100.0 518.67 643.37 1599.2 1408.3 14.62 21.61 553.39 2388.09 9059.34 1.3 47.85 521.13 2388.14 8139.37 8.4668 0.03 394 2388 100.0 38.67 23.3474
54 119 0.0002 0.0007 100.0 518.67 643.06 1596.59 1419.88 14.62 21.61 552.16 2388.2 9057.01 1.3 47.66 520.78 2388.14 8135.56 8.4673 0.03 393 2388 100.0 38.82 23.2531
54 120 0.0024 0.0005 100.0 518.67 643.14 1590.99 1410.6 14.62 21.61 552.67 2388.13 9055.63 1.3 47.72 520.4 2388.14 8130.69 8.4617 0.03 394 2388 100.0 38.87 23.2924
54 121 35.0055 0.84 100.0 449.44 556.07 1365.57 1133.15 5.48 8.0 193.39 2222.95 8355.87 1.02 42.03 182.87 2388.07 8070.39 9.3435 0.02 334 2223 100.0 14.79 8.9837
54 122 0.0024 0.0002 100.0 518.67 642.64 1583.19 1418.74 14.62 21.61 553.09 2388.1 9057.19 1.3 47.81 521.28 2388.15 8130.82 8.482 0.03 394 2388 100.0 38.5 23.2037
54 123 9.9985 0.2516 100.0 489.05 605.33 1502.33 1316.71 10.52 15.5 394.37 2318.99 8775.48 1.26 45.72 371.4 2388.24 8134.27 8.7179 0.03 371 2319 100.0 28.52 17.0714
54 124 25.0018 0.62 60.0 462.54 536.97 1261.28 1056.59 7.05 9.03 175.39 1915.23 8003.87 0.94 37.1 164.42 2028.15 7870.22 10.9167 0.02 309 1915 84.93 14.18 8.5087
54 125 0.0025 0.0 100.0 518.67 643.13 1593.17 1411.71 14.62 21.61 553.75 2388.19 9064.47 1.3 47.79 521.37 2388.15 8131.08 8.4382 0.03 395 2388 100.0 38.63 23.1535
54 126 10.0065 0.25 100.0 489.05 604.89 1506.16 1321.34 10.52 15.5 393.82 2319.02 8786.31 1.26 45.59 371.52 2388.22 8129.09 8.6971 0.03 371 2319 100.0 28.53 17.0932
54 127 42.0006 0.8412 100.0 445.0 550.15 1354.16 1135.53 3.91 5.71 138.59 2211.81 8313.97 1.02 42.17 130.17 2387.88 8082.35 9.4079 0.02 334 2212 100.0 10.45 6.3312
54 128 25.0018 0.6204 60.0 462.54 537.05 1259.0 1059.38 7.05 9.03 174.85 1915.33 8010.59 0.94 36.97 164.48 2028.18 7871.05 10.9206 0.02 309 1915 84.93 14.27 8.5303
54 129 0.0027 0.0 100.0 518.67 642.75 1598.4 1411.94 14.62 21.61 553.04 2388.11 9057.73 1.3 47.78 520.44 2388.17 8135.45 8.4673 0.03 394 2388 100.0 38.76 23.2829
54 130 42.0058 0.84 100.0 445.0 550.28 1355.76 1131.58 3.91 5.72 138.23 2211.83 8322.15 1.02 42.24 130.48 2387.9 8084.85 9.3692 0.02 332 2212 100.0 10.53 6.2988
54 131 25.0074 0.6216 60.0 462.54 537.17 1263.46 1051.59 7.05 9.03 174.7 1915.34 8017.85 0.94 37.0 164.35 2028.23 7874.98 10.9502 0.02 308 1915 84.93 14.3 8.5246
54 132 0.0005 0.0019 100.0 518.67 643.13 1590.85 1415.1 14.62 21.61 552.75 2388.17 9054.73 1.3 47.91 520.81 2388.16 8133.44 8.4694 0.03 394 2388 100.0 38.69 23.3071
54 133 0.0007 0.0 100.0 518.67 642.77 1592.45 1411.51 14.62 21.61 552.36 2388.19 9056.13 1.3 47.84 521.05 2388.12 8133.73 8.4554 0.03 394 2388 100.0 38.74 23.204
54 134 41.9997 0.8415 100.0 445.0 550.36 1355.58 1131.46 3.91 5.71 138.27 2211.88 8327.77 1.02 42.41 130.73 2387.98 8085.12 9.384 0.02 332 2212 100.0 10.56 6.3784
54 135 25.0056 0.62 60.0 462.54 537.27 1266.46 1061.31 7.05 9.03 175.62 1915.3 8012.1 0.94 37.1 164.93 2028.16 7871.64 10.9958 0.02 307 1915 84.93 14.2 8.5826
54 136 42.0064 0.84 100.0 445.0 550.47 1363.23 1132.37 3.91 5.72 138.59 2211.83 8325.5 1.02 42.36 130.02 2387.89 8083.3 9.4047 0.02 333 2212 100.0 10.74 6.3298
54 137 20.0044 0.7 100.0 491.19 608.08 1492.38 1256.01 9.35 13.66 335.37 2324.07 8724.72 1.08 44.8 314.5 2388.18 8064.05 9.2623 0.03 367 2324 100.0 24.24 14.6074
54 138 35.0035 0.84 100.0 449.44 556.45 1372.45 1141.24 5.48 8.0 193.93 2222.98 8352.02 1.02 42.24 182.65 2387.98 8067.94 9.3806 0.02 336 2223 100.0 14.82 8.8479
54 139 20.0028 0.7 100.0 491.19 607.66 1487.74 1262.77 9.35 13.66 334.77 2324.05 8727.86 1.08 44.89 314.32 2388.2 8056.11 9.2825 0.02 366 2324 100.0 24.28 14.6308
54 140 35.0024 0.8408 100.0 449.44 556.13 1368.67 1135.44 5.48 8.0 194.19 2222.93 8355.15 1.02 42.14 182.42 2388.02 8057.99 9.4069 0.02 336 2223 100.0 14.85 8.8511
54 141 25.0031 0.62 60.0 462.54 537.15 1261.33 1054.0 7.05 9.03 174.97 1915.37 8017.19 0.94 36.94 164.31 2028.28 7874.63 10.9755 0.02 308 1915 84.93 14.23 8.594
54 142 20.001 0.7 100.0 491.19 608.19 1491.62 1261.07 9.35 13.66 333.82 2324.02 8724.53 1.08 44.81 314.79 2388.22 8060.31 9.2576 0.03 367 2324 100.0 24.45 14.5273
54 143 9.9989 0.2505 100.0 489.05 605.31 1501.37 1324.01 10.52 15.5 393.8 2319.03 8783.88 1.26 45.69 370.88 2388.24 8127.2 8.674 0.03 371 2319 100.0 28.38 17.1163
54 144 0.0008 0.0 100.0 518.67 643.29 1594.43 1415.53 14.62 21.61 552.87 2388.21 9054.12 1.3 47.68 520.79 2388.22 8134.18 8.5065 0.03 394 2388 100.0 38.7 23.1552
54 145 25.0069 0.62 60.0 462.54 536.89 1268.03 1059.73 7.05 9.03 175.55 1915.32 8010.38 0.94 37.14 164.9 2028.2 7874.18 10.9547 0.02 308 1915 84.93 14.3 8.548
54 146 35.0052 0.8402 100.0 449.44 556.29 1369.77 1138.36 5.48 8.0 194.02 2222.93 8348.54 1.02 42.22 182.31 2388.06 8064.36 9.3499 0.02 337 2223 100.0 14.63 8.8774
54 147 42.002 0.84 100.0 445.0 549.78 1356.47 1137.15 3.91 5.72 138.9 2211.79 8320.01 1.02 42.51 130.52 2387.91 8085.12 9.4071 0.02 333 2212 100.0 10.41 6.3739
54 148 19.999 0.7009 100.0 491.19 607.92 1488.19 1264.23 9.35 13.66 333.99 2324.09 8725.43 1.08 44.7 314.15 2388.21 8054.16 9.28 0.03 367 2324 100.0 24.44 14.5707
54 149 42.0017 0.8417 100.0 445.0 550.08 1357.36 1127.7 3.91 5.72 138.02 2211.79 8327.52 1.02 42.33 130.18 2387.96 8089.49 9.446 0.02 333 2212 100.0 10.57 6.3582
54 150 0.0029 0.0002 100.0 518.67 643.17 1604.57 1422.92 14.62 21.61 552.66 2388.18 9061.14 1.3 47.89 520.08 2388.13 8137.03 8.4813 0.03 394 2388 100.0 38.67 23.2323
54 151 0.0001 0.0 100.0 518.67 643.68 1593.69 1420.7 14.62 21.61 551.69 2388.18 9057.56 1.3 47.94 520.23 2388.2 8131.59 8.4873 0.03 396 2388 100.0 38.63 23.1488
54 152 35.0044 0.8403 100.0 449.44 556.8 1361.35 1145.35 5.48 8.0 194.23 2222.95 8353.71 1.02 42.29 182.3 2388.11 8069.31 9.3767 0.02 335 2223 100.0 14.66 8.921
54 153 41.9987 0.8404 100.0 445.0 549.83 1353.74 1137.72 3.91 5.72 138.13 2211.83 8321.47 1.02 42.3 129.69 2387.92 8083.47 9.393 0.02 331 2212 100.0 10.48 6.2012
54 154 19.9984 0.702 100.0 491.19 608.0 1492.69 1253.34 9.35 13.66 334.01 2324.07 8728.93 1.07 44.75 314.97 2388.22 8062.21 9.2819 0.03 368 2324 100.0 24.41 14.5154
54 155 10.0009 0.25 100.0 489.05 604.88 1506.34 1324.48 10.52 15.5 393.19 2319.08 8786.56 1.26 45.79 370.95 2388.29 8123.54 8.7234 0.03 370 2319 100.0 28.35 17.0923
54 156 10.0045 0.25 100.0 489.05 605.33 1508.56 1322.95 10.52 15.5 393.89 2319.04 8779.66 1.26 45.79 371.0 2388.23 8132.99 8.6929 0.03 371 2319 100.0 28.41 17.081
54 157 42.0049 0.8413 100.0 445.0 550.48 1357.17 1133.66 3.91 5.72 138.33 2211.83 8326.86 1.02 42.57 130.57 2387.93 8086.16 9.4242 0.02 333 2212 100.0 10.68 6.3325
54 158 42.0046 0.84 100.0 445.0 549.87 1355.54 1135.68 3.91 5.72 138.77 2211.83 8325.65 1.02 42.54 130.23 2387.91 8087.16 9.4065 0.02 333 2212 100.0 10.51 6.4247
54 159 42.0056 0.8411 100.0 445.0 550.31 1359.7 1134.07 3.91 5.71 138.76 2211.83 8324.23 1.02 42.44 130.29 2387.83 8083.56 9.4004 0.02 332 2212 100.0 10.7 6.361
54 160 0.0011 0.0 100.0 518.67 643.66 1597.48 1420.61 14.62 21.61 552.22 2388.23 9068.82 1.3 47.89 520.36 2388.17 8137.24 8.4854 0.03 393 2388 100.0 38.61 23.1463
54 161 20.0077 0.7013 100.0 491.19 608.26 1494.7 1261.63 9.35 13.66 333.51 2324.12 8724.19 1.08 44.94 314.63 2388.26 8062.32 9.2891 0.03 367 2324 100.0 24.07 14.5962
54 162 20.0026 0.7012 100.0 491.19 608.3 1495.49 1265.49 9.35 13.66 334.0 2324.07 8727.71 1.08 44.74 314.39 2388.21 8066.06 9.2876 0.03 366 2324 100.0 24.47 14.5868
54 163 25.0063 0.62 60.0 462.54 537.12 1271.64 1055.83 7.05 9.03 175.4 1915.3 8018.69 0.93 37.22 164.93 2028.23 7873.3 10.9859 0.02 308 1915 84.93 14.33 8.4884
54 164 19.9985 0.7002 100.0 491.19 607.98 1489.95 1256.99 9.35 13.66 333.82 2324.14 8726.66 1.07 44.75 314.49 2388.19 8064.95 9.2892 0.03 368 2324 100.0 24.33 14.6155
54 165 0.0014 0.0019 100.0 518.67 643.23 1601.67 1411.49 14.62 21.61 551.57 2388.17 9063.2 1.3 47.76 520.4 2388.18 8136.0 8.4957 0.03 397 2388 100.0 38.6 23.069
54 166 42.008 0.8405 100.0 445.0 550.61 1361.06 1136.02 3.91 5.71 138.0 2211.86 8328.36 1.02 42.45 130.48 2387.96 8089.68 9.4401 0.02 332 2212 100.0 10.59 6.2372
54 167 10.0051 0.25 100.0 489.05 605.39 1505.62 1324.97 10.52 15.5 393.11 2319.05 8785.74 1.26 45.94 370.05 2388.34 8131.27 8.7203 0.03 369 2319 100.0 28.48 16.9168
54 168 20.0011 0.7 100.0 491.19 608.85 1485.39 1264.02 9.35 13.66 333.89 2324.08 8730.95 1.08 44.74 313.85 2388.25 8067.19 9.2779 0.03 366 2324 100.0 24.42 14.6012
54 169 42.004 0.84 100.0 445.0 550.42 1360.99 1137.32 3.91 5.71 138.47 2211.82 8330.79 1.02 42.8 130.51 2387.9 8083.63 9.4277 0.02 334 2212 100.0 10.37 6.2918
54 170 42.0056 0.8413 100.0 445.0 550.03 1360.21 1140.82 3.91 5.72 138.1 2211.85 8332.72 1.02 42.5 130.14 2387.93 8084.48 9.4326 0.02 333 2212 100.0 10.4 6.2566
54 171 35.001 0.8405 100.0 449.44 556.04 1380.64 1145.92 5.48 8.0 193.55 2223.03 8355.66 1.02 42.49 182.98 2388.15 8068.0 9.3975 0.02 336 2223 100.0 14.68 8.8887
54 172 10.005 0.25 100.0 489.05 605.55 1509.5 1323.76 10.52 15.5 392.99 2319.1 8782.88 1.26 46.06 371.0 2388.31 8127.64 8.7238 0.03 370 2319 100.0 28.44 17.1344
54 173 35.008 0.84 100.0 449.44 556.8 1375.05 1137.09 5.48 8.0 193.87 2223.02 8360.43 1.02 42.57 182.8 2388.08 8069.31 9.3489 0.02 334 2223 100.0 14.79 8.8038
54 174 19.999 0.7 100.0 491.19 608.3 1496.74 1272.25 9.35 13.66 333.27 2324.1 8729.25 1.07 44.81 313.76 2388.24 8065.17 9.2658 0.03 367 2324 100.0 24.39 14.4775
54 175 0.002 0.0006 100.0 518.67 643.33 1596.88 1431.6 14.62 21.61 551.97 2388.23 9057.51 1.3 47.88 520.0 2388.22 8138.05 8.5288 0.03 396 2388 100.0 38.62 23.1531
54 176 42.0053 0.84 100.0 445.0 550.35 1358.28 1132.59 3.91 5.72 138.62 2211.91 8328.08 1.02 42.62 130.52 2387.88 8088.55 9.4651 0.02 332 2212 100.0 10.66 6.1894
54 177 20.0022 0.7019 100.0 491.19 607.98 1491.84 1264.1 9.35 13.66 334.45 2324.12 8732.27 1.07 44.72 314.67 2388.24 8061.14 9.3135 0.03 367 2324 100.0 24.27 14.5844
54 178 41.9995 0.8409 100.0 445.0 550.12 1360.92 1142.85 3.91 5.72 138.75 2211.88 8326.26 1.02 42.68 130.36 2387.88 8090.29 9.4658 0.02 334 2212 100.0 10.56 6.2917
54 179 20.0013 0.7 100.0 491.19 607.89 1489.24 1261.76 9.35 13.66 334.42 2324.13 8737.14 1.08 45.04 314.74 2388.28 8061.7 9.291 0.03 367 2324 100.0 24.13 14.5285
54 180 42.0047 0.8419 100.0 445.0 550.3 1366.65 1137.58 3.91 5.71 138.77 2211.81 8333.04 1.02 42.65 129.86 2387.91 8089.08 9.4632 0.02 333 2212 100.0 10.51 6.3103
54 181 10.0077 0.2518 100.0 489.05 605.82 1506.7 1326.76 10.52 15.5 392.61 2319.15 8789.77 1.26 45.99 370.32 2388.36 8125.94 8.74 0.03 371 2319 100.0 28.42 17.0572
54 182 0.0004 0.0007 100.0 518.67 643.2 1601.96 1426.45 14.62 21.61 552.48 2388.22 9066.41 1.3 48.04 519.63 2388.19 8139.15 8.515 0.03 396 2388 100.0 38.57 23.0743
54 183 10.0012 0.25 100.0 489.05 605.57 1509.4 1326.89 10.52 15.5 393.29 2319.12 8788.92 1.26 45.92 370.87 2388.31 8132.49 8.706 0.03 372 2319 100.0 28.31 16.9905
54 184 42.0064 0.841 100.0 445.0 550.22 1355.39 1140.23 3.91 5.72 138.53 2211.87 8331.01 1.02 42.54 130.01 2387.87 8089.61 9.4394 0.02 333 2212 100.0 10.45 6.2139
54 185 0.0029 0.0 100.0 518.67 643.18 1598.87 1431.53 14.62 21.61 551.36 2388.25 9062.87 1.3 48.04 519.68 2388.21 8136.3 8.5213 0.03 395 2388 100.0 38.51 23.023
54 186 0.0025 0.0012 100.0 518.67 643.45 1595.5 1426.47 14.62 21.61 552.03 2388.24 9068.0 1.3 48.11 520.18 2388.23 8138.31 8.5193 0.03 394 2388 100.0 38.49 23.0356
54 187 25.0004 0.62 60.0 462.54 536.87 1268.42 1065.23 7.05 9.03 175.07 1915.36 8018.51 0.94 37.04 164.57 2028.27 7881.21 10.9711 0.02 309 1915 84.93 14.09 8.4228
54 188 25.0001 0.6212 60.0 462.54 536.84 1275.71 1073.02 7.05 9.03 174.84 1915.4 8022.29 0.94 37.34 164.5 2028.22 7879.38 11.0351 0.02 310 1915 84.93 14.32 8.4274
54 189 0.0002 0.0012 100.0 518.67 643.54 1602.17 1422.32 14.62 21.61 551.83 2388.3 9065.38 1.3 48.25 519.72 2388.28 8142.33 8.5208 0.03 395 2388 100.0 38.49 23.1066
54 190 9.9998 0.2511 100.0 489.05 605.66 1506.41 1332.9 10.52 15.5 392.98 2319.11 8781.95 1.26 45.93 370.48 2388.37 8126.74 8.748 0.03 371 2319 100.0 28.25 16.9286
54 191 25.0061 0.6205 60.0 462.54 537.01 1274.65 1062.86 7.05 9.03 174.87 1915.46 8023.38 0.94 37.25 164.04 2028.32 7884.28 11.0669 0.02 311 1915 84.93 14.12 8.4435
54 192 0.0018 0.0 100.0 518.67 643.32 1599.68 1426.48 14.62 21.61 552.01 2388.22 9062.21 1.3 48.09 519.8 2388.23 8138.55 8.4949 0.03 397 2388 100.0 38.53 23.119
54 193 42.0056 0.8407 100.0 445.0 550.15 1365.71 1144.67 3.91 5.72 138.33 2211.8 8332.67 1.02 42.79 130.25 2387.9 8087.22 9.4593 0.02 333 2212 100.0 10.37 6.1973
54 194 42.0044 0.84 100.0 445.0 550.51 1360.13 1146.41 3.91 5.72 138.09 2211.86 8338.06 1.02 42.63 130.2 2387.89 8083.68 9.453 0.02 334 2212 100.0 10.55 6.1859
54 195 0.0006 0.0 100.0 518.67 643.6 1600.24 1424.91 14.62 21.61 551.34 2388.18 9074.23 1.3 48.16 519.77 2388.26 8138.98 8.5075 0.03 397 2388 100.0 38.34 23.1115
54 196 25.0031 0.62 60.0 462.54 537.02 1272.74 1069.48 7.05 9.03 174.93 1915.33 8019.99 0.94 37.3 164.09 2028.3 7876.93 10.9973 0.02 309 1915 84.93 14.26 8.4985
54 197 20.0022 0.7 100.0 491.19 608.81 1497.98 1270.16 9.35 13.66 333.1 2324.26 8733.46 1.08 45.08 314.18 2388.35 8061.28 9.2976 0.03 368 2324 100.0 24.26 14.4465
54 198 20.0078 0.7004 100.0 491.19 608.42 1498.41 1271.46 9.35 13.66 332.76 2324.17 8736.09 1.08 44.97 313.7 2388.3 8068.75 9.3722 0.03 367 2324 100.0 24.26 14.5464
54 199 42.0059 0.84 100.0 445.0 551.14 1360.82 1136.58 3.91 5.72 138.28 2211.85 8331.95 1.02 42.87 129.8 2387.85 8086.03 9.4571 0.02 334 2212 100.0 10.27 6.3612
136 1 42.0035 0.84 100.0 445.0 548.87 1347.08 1111.67 3.91 5.69 137.48 2211.84 8307.47 1.01 41.4 129.18 2387.92 8069.36 9.3886 0.02 327 2212 100.0 10.59 6.3215
136 2 42.0037 0.8404 100.0 445.0 548.4 1356.38 1110.56 3.91 5.69 137.99 2211.86 8298.53 1.01 41.67 128.9 2387.95 8070.99 9.3819 0.02 329 2212 100.0 10.61 6.444
136 3 10.0002 0.2505 100.0 489.05 603.88 1493.95 1290.5 10.52 15.46 393.06 2318.7 8760.04 1.26 44.86 370.21 2387.81 8119.25 8.6395 0.03 367 2319 100.0 28.86 17.1763
136 4 41.9994 0.84 100.0 445.0 548.93 1337.71 1113.14 3.91 5.7 136.73 2211.85 8303.47 1.01 41.53 129.27 2387.95 8074.94 9.3677 0.02 328 2212 100.0 10.5 6.3816
136 5 20.0055 0.7 100.0 491.19 606.69 1475.88 1235.73 9.35 13.61 332.68 2323.64 8702.36 1.07 43.88 313.15 2387.81 8049.85 9.1869 0.02 362 2324 100.0 24.32 14.713
136 6 42.0015 0.84 100.0 445.0 548.85 1342.3 1111.88 3.91 5.7 137.46 2211.87 8301.59 1.02 41.6 130.05 2387.97 8066.47 9.3941 0.02 329 2212 100.0 10.39 6.3386
136 7 19.9995 0.702 100.0 491.19 607.49 1474.38 1231.08 9.35 13.61 332.9 2323.61 8713.38 1.07 43.89 313.43 2387.79 8042.42 9.2131 0.02 362 2324 100.0 24.44 14.6574
136 8 19.9999 0.7 100.0 491.19 606.63 1471.11 1238.7 9.35 13.62 331.73 2323.63 8703.5 1.07 44.03 313.29 2387.79 8054.99 9.2121 0.02 361 2324 100.0 24.53 14.6474
136 9 10.0009 0.25 100.0 489.05 604.31 1495.34 1296.67 10.52 15.46 392.48 2318.6 8758.36 1.25 44.85 369.47 2387.84 8120.15 8.6146 0.03 367 2319 100.0 28.46 17.1268
136 10 25.0043 0.62 60.0 462.54 536.58 1253.62 1041.55 7.05 9.0 174.4 1915.24 7996.5 0.94 36.29 163.77 2028.1 7860.63 10.8883 0.02 304 1915 84.93 14.38 8.6356
136 11 35.0012 0.84 100.0 449.44 555.2 1353.93 1121.77 5.48 7.97 192.48 2222.69 8328.53 1.02 41.41 182.12 2387.82 8051.49 9.3528 0.02 332 2223 100.0 14.8 8.9332
136 12 35.0074 0.84 100.0 449.44 554.76 1354.41 1115.89 5.48 7.97 193.55 2222.8 8333.49 1.02 41.35 181.81 2387.81 8056.37 9.3439 0.02 331 2223 100.0 14.73 9.025
136 13 0.0006 0.0 100.0 518.67 641.77 1582.9 1391.8 14.62 21.58 551.48 2387.72 9042.84 1.3 47.07 519.26 2387.72 8119.1 8.4132 0.03 390 2388 100.0 39.09 23.2785
136 14 25.0053 0.6203 60.0 462.54 536.57 1243.28 1032.22 7.05 9.0 173.91 1915.2 7990.69 0.93 36.33 163.2 2028.08 7864.93 10.8928 0.02 305 1915 84.93 14.21 8.5857
136 15 25.0056 0.62 60.0 462.54 536.24 1254.24 1034.37 7.05 9.0 173.54 1915.19 7997.59 0.93 36.34 163.5 2028.08 7863.69 10.8895 0.02 305 1915 84.93 14.28 8.5434
136 16 42.0078 0.8416 100.0 445.0 549.19 1340.82 1109.66 3.91 5.69 137.85 2211.9 8303.83 1.01 41.5 129.68 2387.98 8072.92 9.3624 0.02 330 2212 100.0 10.69 6.4143
136 17 41.999 0.84 100.0 445.0 549.22 1345.62 1110.91 3.91 5.69 136.63 2211.87 8298.69 1.01 41.45 129.46 2387.96 8068.8 9.3751 0.02 327 2212 100.0 10.48 6.4064
136 18 19.9997 0.7 100.0 491.19 606.8 1479.67 1238.06 9.35 13.61 332.57 2323.61 8702.8 1.07 43.98 312.52 2387.77 8049.47 9.2197 0.02 363 2324 100.0 24.48 14.6173
136 19 35.0011 0.841 100.0 449.44 555.06 1357.71 1111.78 5.48 7.97 193.3 2222.77 8337.05 1.02 41.4 181.78 2387.83 8057.33 9.3099 0.02 331 2223 100.0 14.92 8.8886
136 20 42.0011 0.84 100.0 445.0 548.91 1343.27 1115.92 3.91 5.7 138.04 2211.89 8310.73 1.01 41.59 130.09 2388.0 8074.39 9.3659 0.02 329 2212 100.0 10.61 6.3418
136 21 41.9993 0.8416 100.0 445.0 549.2 1340.94 1112.07 3.91 5.7 137.29 2211.85 8300.45 1.01 41.38 129.47 2387.93 8067.71 9.3821 0.02 328 2212 100.0 10.53 6.3737
136 22 41.9981 0.84 100.0 445.0 549.17 1347.25 1116.52 3.91 5.7 138.46 2211.84 8299.94 1.01 41.61 129.34 2387.93 8072.1 9.3654 0.02 327 2212 100.0 10.58 6.3152
136 23 42.0064 0.8405 100.0 445.0 548.6 1346.93 1112.71 3.91 5.69 137.5 2211.93 8303.09 1.01 41.64 129.35 2387.92 8069.63 9.4022 0.02 329 2212 100.0 10.43 6.2501
136 24 42.0017 0.84 100.0 445.0 548.45 1346.26 1103.68 3.91 5.7 137.67 2211.88 8308.08 1.02 41.67 129.4 2387.95 8073.89 9.3792 0.02 328 2212 100.0 10.51 6.2843
136 25 42.0025 0.8401 100.0 445.0 549.24 1339.71 1104.91 3.91 5.69 137.66 2211.86 8298.87 1.01 41.76 130.11 2387.96 8077.94 9.3946 0.02 327 2212 100.0 10.8 6.2475
136 26 25.0073 0.62 60.0 462.54 536.39 1251.33 1037.86 7.05 9.0 174.29 1915.25 7998.33 0.94 36.21 163.63 2028.15 7869.16 10.8615 0.02 305 1915 84.93 14.24 8.5324
136 27 42.0007 0.84 100.0 445.0 548.85 1338.46 1112.54 3.91 5.7 137.3 2211.83 8297.4 1.01 41.38 129.7 2387.94 8068.59 9.3775 0.02 328 2212 100.0 10.53 6.322
136 28 0.002 0.0012 100.0 518.67 641.94 1579.08 1400.86 14.62 21.58 551.56 2387.53 9039.96 1.3 47.06 519.12 2387.51 8123.32 8.416 0.03 391 2388 100.0 38.79 23.3447
136 29 0.0002 0.0 100.0 518.67 641.99 1578.46 1397.34 14.62 21.58 551.5 2387.75 9041.1 1.3 46.98 519.91 2387.75 8132.54 8.4152 0.03 389 2388 100.0 38.84 23.3258
136 30 35.0074 0.8415 100.0 449.44 554.88 1353.26 1124.91 5.48 7.98 192.92 2222.75 8327.54 1.01 41.57 181.61 2387.84 8061.01 9.3136 0.02 331 2223 100.0 14.71 8.9015
136 31 0.001 0.0 100.0 518.67 641.12 1580.75 1393.75 14.62 21.58 551.09 2387.89 9036.6 1.3 47.37 519.42 2387.9 8121.94 8.399 0.03 389 2388 100.0 38.81 23.266
136 32 42.0011 0.8415 100.0 445.0 549.18 1342.81 1112.8 3.91 5.7 137.73 2211.87 8304.32 1.01 41.65 129.68 2387.93 8069.57 9.3824 0.02 329 2212 100.0 10.35 6.3571
136 33 20.0042 0.7 100.0 491.19 606.94 1469.99 1237.17 9.35 13.61 332.53 2323.65 8703.21 1.07 43.88 312.41 2387.79 8055.31 9.2086 0.02 363 2324 100.0 24.5 14.6504
136 34 35.0011 0.842 100.0 449.44 554.88 1349.66 1117.8 5.48 7.98 193.59 2222.74 8332.04 1.02 41.38 181.69 2387.87 8053.62 9.3551 0.02 330 2223 100.0 14.81 8.8209
136 35 20.007 0.7 100.0 491.19 606.81 1467.97 1240.19 9.35 13.61 332.49 2323.67 8705.07 1.07 43.76 312.5 2387.79 8048.26 9.2118 0.02 364 2324 100.0 24.45 14.6359
136 36 20.0046 0.7 100.0 491.19 606.55 1465.49 1240.04 9.35 13.61 332.22 2323.64 8702.28 1.07 43.97 313.21 2387.78 8054.7 9.1834 0.02 360 2324 100.0 24.35 14.7221
136 37 10.0048 0.25 100.0 489.05 603.66 1483.93 1296.64 10.52 15.47 392.38 2318.65 8767.11 1.26 45.0 370.02 2387.85 8120.49 8.6081 0.03 366 2319 100.0 28.59 17.1605
136 38 42.0019 0.84 100.0 445.0 549.11 1350.78 1100.84 3.91 5.7 137.21 2211.86 8298.21 1.01 41.6 129.21 2387.91 8069.43 9.3662 0.02 328 2212 100.0 10.54 6.3519
136 39 42.0047 0.84 100.0 445.0 548.85 1336.86 1113.98 3.91 5.7 137.57 2211.89 8306.53 1.01 41.64 129.8 2387.92 8074.77 9.4002 0.02 330 2212 100.0 10.72 6.2225
136 40 25.0016 0.62 60.0 462.54 536.73 1259.13 1030.7 7.05 9.0 174.96 1915.22 7996.98 0.93 36.16 163.49 2028.06 7867.4 10.9034 0.02 304 1915 84.93 14.29 8.591
136 41 35.002 0.8403 100.0 449.44 555.27 1350.19 1114.49 5.48 7.98 193.21 2222.77 8330.24 1.02 41.48 181.57 2387.9 8052.02 9.34 0.02 332 2223 100.0 14.93 8.8777
136 42 0.0028 0.0 100.0 518.67 641.88 1575.37 1396.02 14.62 21.58 550.99 2387.96 9040.44 1.3 47.21 519.08 2387.92 8124.45 8.4455 0.03 389 2388 100.0 38.8 23.3457
136 43 35.0006 0.8407 100.0 449.44 555.07 1358.08 1112.31 5.48 7.97 192.64 2222.76 8336.67 1.01 41.43 181.38 2387.79 8052.69 9.3317 0.02 331 2223 100.0 14.84 8.86
136 44 25.004 0.62 60.0 462.54 536.4 1258.09 1045.81 7.05 9.0 174.16 1915.22 7995.85 0.94 36.31 164.06 2028.14 7865.83 10.8731 0.02 304 1915 84.93 14.23 8.5529
136 45 42.0071 0.84 100.0 445.0 549.35 1344.01 1113.76 3.91 5.7 137.28 2211.9 8306.41 1.01 41.55 129.71 2387.94 8071.63 9.3698 0.02 327 2212 100.0 10.47 6.349
136 46 20.0054 0.7004 100.0 491.19 606.28 1476.12 1237.69 9.35 13.61 332.23 2323.67 8710.33 1.07 44.04 313.18 2387.82 8049.13 9.1977 0.02 362 2324 100.0 24.33 14.5636
136 47 42.0047 0.84 100.0 445.0 548.91 1344.95 1106.53 3.91 5.7 137.97 2211.92 8308.6 1.02 41.74 129.34 2387.93 8075.04 9.3752 0.02 329 2212 100.0 10.48 6.3175
136 48 25.0078 0.6209 60.0 462.54 535.51 1252.95 1040.16 7.05 9.0 175.23 1915.24 8000.67 0.94 36.24 163.45 2028.13 7861.13 10.9034 0.02 306 1915 84.93 14.16 8.5912
136 49 10.0018 0.25 100.0 489.05 603.67 1490.87 1295.36 10.52 15.46 393.09 2318.7 8762.19 1.26 44.89 369.6 2387.82 8116.41 8.6303 0.03 367 2319 100.0 28.64 17.1968
136 50 20.0006 0.7 100.0 491.19 607.24 1473.84 1236.69 9.35 13.6 331.7 2323.61 8706.15 1.07 43.83 312.26 2387.76 8050.43 9.2205 0.02 363 2324 100.0 24.36 14.706
136 51 42.0024 0.84 100.0 445.0 548.7 1346.34 1116.91 3.91 5.7 137.06 2211.86 8301.85 1.01 41.62 129.96 2387.94 8070.76 9.3351 0.02 329 2212 100.0 10.57 6.394
136 52 42.0058 0.84 100.0 445.0 548.49 1337.65 1111.23 3.91 5.69 137.45 2211.91 8291.87 1.01 41.49 129.46 2387.96 8071.76 9.33 0.02 328 2212 100.0 10.45 6.3241
136 53 42.0042 0.8408 100.0 445.0 549.04 1340.59 1109.69 3.91 5.7 138.38 2211.85 8302.97 1.01 41.69 129.74 2387.97 8074.45 9.3587 0.02 328 2212 100.0 10.71 6.4861
136 54 10.0076 0.2514 100.0 489.05 604.11 1488.92 1293.69 10.52 15.46 392.71 2318.67 8767.67 1.26 44.92 370.23 2387.87 8120.25 8.6297 0.03 367 2319 100.0 28.6 17.1671
136 55 0.0014 0.0 100.0 518.67 642.05 1581.09 1405.54 14.62 21.58 551.05 2387.52 9034.47 1.3 47.31 518.9 2387.53 8118.08 8.4052 0.03 390 2388 100.0 38.76 23.3024
136 56 35.0038 0.8419 100.0 449.44 554.93 1358.11 1114.83 5.48 7.97 193.55 2222.75 8334.62 1.02 41.38 181.64 2387.84 8057.19 9.2929 0.02 332 2223 100.0 14.85 8.7058
136 57 10.0075 0.25 100.0 489.05 604.04 1490.17 1295.81 10.52 15.46 392.67 2318.63 8768.58 1.26 44.93 369.73 2387.83 8123.31 8.6287 0.03 365 2319 100.0 28.58 17.1517
136 58 0.0014 0.0017 100.0 518.67 641.63 1577.21 1397.51 14.62 21.58 551.38 2387.63 9038.87 1.3 47.2 519.25 2387.57 8116.18 8.4283 0.03 390 2388 100.0 38.78 23.2171
136 59 42.0038 0.84 100.0 445.0 549.03 1349.7 1115.34 3.91 5.69 137.9 2211.87 8304.45 1.01 41.7 129.27 2387.91 8069.52 9.3559 0.02 329 2212 100.0 10.44 6.406
136 60 0.0008 0.0002 100.0 518.67 642.15 1576.93 1394.86 14.62 21.58 550.58 2387.64 9025.15 1.3 47.37 518.72 2387.62 8120.83 8.4107 0.03 389 2388 100.0 38.86 23.3657
136 61 0.0001 0.0019 100.0 518.67 642.57 1573.91 1402.34 14.62 21.58 550.75 2387.59 9032.94 1.3 47.4 519.36 2387.61 8122.62 8.4221 0.03 390 2388 100.0 38.87 23.2375
136 62 42.0061 0.8416 100.0 445.0 548.9 1346.26 1118.62 3.91 5.69 137.41 2211.86 8303.42 1.01 41.65 129.84 2387.95 8068.7 9.3714 0.02 328 2212 100.0 10.7 6.3203
136 63 41.9987 0.84 100.0 445.0 549.02 1342.27 1111.21 3.91 5.7 137.46 2211.92 8304.25 1.01 41.39 129.87 2387.94 8073.42 9.3857 0.02 328 2212 100.0 10.64 6.3066
136 64 20.0074 0.7 100.0 491.19 606.45 1475.98 1235.66 9.35 13.61 332.45 2323.66 8707.64 1.07 43.75 313.41 2387.78 8055.87 9.2113 0.02 363 2324 100.0 24.18 14.7059
136 65 42.0026 0.84 100.0 445.0 549.17 1336.63 1110.89 3.91 5.7 137.91 2211.96 8299.11 1.01 41.62 129.46 2387.96 8067.91 9.3751 0.02 330 2212 100.0 10.57 6.4681
136 66 24.9989 0.6214 60.0 462.54 535.85 1248.54 1032.56 7.05 9.0 174.43 1915.24 7997.12 0.93 36.49 163.47 2028.08 7864.0 10.8864 0.02 305 1915 84.93 14.34 8.5289
136 67 35.0038 0.8415 100.0 449.44 554.06 1356.91 1119.32 5.48 7.98 193.32 2222.84 8337.96 1.02 41.51 181.75 2387.84 8056.02 9.3068 0.02 332 2223 100.0 14.98 9.0389
136 68 24.9986 0.62 60.0 462.54 536.43 1253.4 1042.15 7.05 9.01 174.05 1915.19 7990.86 0.94 36.39 164.31 2028.11 7865.42 10.8696 0.02 306 1915 84.93 14.28 8.602
136 69 34.9984 0.84 100.0 449.44 555.03 1350.56 1116.46 5.48 7.97 193.24 2222.79 8336.03 1.02 41.56 181.73 2387.86 8055.2 9.3042 0.02 331 2223 100.0 14.76 8.9511
136 70 9.9992 0.2515 100.0 489.05 604.19 1482.22 1297.59 10.52 15.46 393.28 2318.66 8765.65 1.26 45.0 370.57 2387.87 8126.01 8.5823 0.03 366 2319 100.0 28.69 17.1981
136 71 10.0037 0.25 100.0 489.05 603.91 1490.01 1292.23 10.52 15.46 393.45 2318.69 8764.2 1.26 44.92 370.14 2387.8 8118.81 8.6075 0.03 367 2319 100.0 28.39 17.2123
136 72 10.0078 0.2517 100.0 489.05 603.77 1491.75 1297.41 10.52 15.46 393.0 2318.62 8762.4 1.26 44.9 370.22 2387.87 8115.43 8.6177 0.03 367 2319 100.0 28.5 17.1614
136 73 24.9989 0.62 60.0 462.54 535.58 1254.81 1033.41 7.05 9.0 174.64 1915.25 8005.56 0.94 36.24 163.81 2028.08 7867.41 10.8997 0.02 306 1915 84.93 14.27 8.6402
136 74 35.0032 0.8406 100.0 449.44 554.87 1359.17 1111.97 5.48 7.97 193.04 2222.79 8335.63 1.02 41.59 182.03 2387.83 8054.78 9.3093 0.02 330 2223 100.0 14.82 8.9703
136 75 25.0076 0.62 60.0 462.54 536.62 1250.55 1041.61 7.05 9.0 174.3 1915.21 7998.74 0.93 36.61 163.04 2028.06 7865.02 10.8512 0.02 304 1915 84.93 14.26 8.5937
136 76 35.0001 0.8408 100.0 449.44 555.48 1358.11 1117.76 5.48 7.97 192.95 2222.73 8333.67 1.02 41.4 181.62 2387.86 8062.49 9.2927 0.02 332 2223 100.0 14.64 8.8747
136 77 41.9982 0.84 100.0 445.0 549.22 1338.69 1113.1 3.91 5.69 137.71 2211.87 8313.28 1.01 41.67 129.71 2387.98 8072.36 9.3957 0.02 328 2212 100.0 10.34 6.3291
136 78 20.0048 0.7 100.0 491.19 607.14 1476.57 1236.56 9.35 13.61 332.73 2323.69 8699.54 1.07 43.9 314.06 2387.87 8051.46 9.1793 0.02 362 2324 100.0 24.52 14.5857
136 79 42.003 0.8412 100.0 445.0 549.18 1346.64 1108.47 3.91 5.7 137.65 2211.91 8302.87 1.02 41.68 129.49 2387.97 8075.86 9.344 0.02 328 2212 100.0 10.65 6.4388
136 80 25.0023 0.6207 60.0 462.54 536.51 1247.74 1035.65 7.05 9.0 174.46 1915.24 7993.64 0.94 36.28 163.75 2028.16 7865.77 10.8618 0.02 307 1915 84.93 14.26 8.5975
136 81 24.9987 0.62 60.0 462.54 536.36 1251.32 1043.81 7.05 9.0 174.24 1915.23 8002.07 0.94 36.27 163.64 2028.12 7869.65 10.9104 0.02 306 1915 84.93 14.37 8.5128
136 82 25.0077 0.62 60.0 462.54 536.25 1265.67 1033.96 7.05 9.0 174.72 1915.21 7995.54 0.93 36.31 164.24 2028.17 7864.82 10.8848 0.02 306 1915 84.93 14.28 8.5446
136 83 42.0045 0.841 100.0 445.0 549.23 1351.21 1116.32 3.91 5.69 137.92 2211.89 8302.57 1.01 41.34 129.43 2388.01 8069.81 9.3625 0.02 328 2212 100.0 10.69 6.3865
136 84 0.0011 0.0 100.0 518.67 641.61 1581.64 1388.64 14.62 21.57 550.99 2387.44 9034.27 1.3 47.23 519.53 2387.4 8123.05 8.4394 0.03 390 2388 100.0 38.86 23.3761
136 85 35.0064 0.8414 100.0 449.44 554.5 1360.05 1119.4 5.48 7.97 192.8 2222.78 8335.74 1.02 41.33 182.07 2387.84 8057.66 9.3089 0.02 333 2223 100.0 14.74 8.8737
136 86 35.0052 0.84 100.0 449.44 554.8 1351.14 1116.41 5.48 7.97 194.18 2222.8 8331.92 1.02 41.46 182.02 2387.85 8061.66 9.3452 0.02 332 2223 100.0 14.74 8.8626
136 87 20.0021 0.7 100.0 491.19 606.86 1480.81 1235.77 9.35 13.61 332.43 2323.71 8706.92 1.07 43.92 313.12 2387.8 8055.9 9.2225 0.02 363 2324 100.0 24.36 14.7369
136 88 25.0073 0.6207 60.0 462.54 536.47 1259.91 1041.84 7.05 9.0 174.87 1915.25 7999.96 0.93 36.32 163.94 2028.13 7867.99 10.8756 0.02 305 1915 84.93 14.19 8.4869
136 89 0.0019 0.0 100.0 518.67 642.09 1579.9 1386.47 14.62 21.59 553.01 2387.9 9047.63 1.3 47.01 521.07 2387.92 8137.54 8.4103 0.03 390 2388 100.0 39.11 23.4111
136 90 10.0071 0.2506 100.0 489.05 603.91 1479.11 1297.76 10.52 15.46 392.91 2318.63 8759.11 1.26 45.09 370.22 2387.79 8119.23 8.598 0.03 367 2319 100.0 28.77 17.0771
136 91 10.0054 0.25 100.0 489.05 604.42 1493.15 1292.85 10.52 15.46 393.34 2318.64 8765.5 1.26 44.94 370.69 2387.85 8122.83 8.6116 0.03 366 2319 100.0 28.48 17.0646
136 92 20.0035 0.7003 100.0 491.19 606.6 1474.2 1236.43 9.35 13.61 332.98 2323.66 8711.81 1.07 43.93 312.66 2387.82 8052.13 9.2276 0.02 362 2324 100.0 24.54 14.6623
136 93 19.9987 0.7009 100.0 491.19 606.64 1475.94 1242.99 9.35 13.61 332.48 2323.65 8710.64 1.07 44.12 313.22 2387.88 8050.36 9.2094 0.02 362 2324 100.0 24.35 14.6535
136 94 35.0037 0.84 100.0 449.44 554.72 1356.96 1121.38 5.48 7.98 193.2 2222.82 8339.56 1.02 41.52 182.18 2387.83 8056.94 9.3175 0.02 333 2223 100.0 15.03 8.8906
136 95 20.0 0.7 100.0 491.19 607.33 1472.96 1241.31 9.35 13.61 332.78 2323.69 8708.6 1.07 43.93 313.14 2387.78 8050.38 9.1859 0.02 364 2324 100.0 24.39 14.68
136 96 25.0008 0.62 60.0 462.54 535.98 1249.77 1037.05 7.05 9.0 174.08 1915.29 8003.05 0.94 36.54 163.59 2028.15 7864.36 10.8808 0.02 306 1915 84.93 14.26 8.4875
136 97 20.0008 0.7017 100.0 491.19 606.92 1479.45 1241.72 9.35 13.61 332.99 2323.67 8707.83 1.07 43.93 312.97 2387.82 8047.65 9.2028 0.02 362 2324 100.0 24.61 14.678
136 98 34.9999 0.84 100.0 449.44 555.12 1362.05 1113.31 5.48 7.97 193.71 2222.79 8332.63 1.02 41.48 182.37 2387.88 8061.3 9.2753 0.02 332 2223 100.0 14.92 8.8818
136 99 25.0073 0.62 60.0 462.54 535.92 1245.25 1038.58 7.05 9.0 174.17 1915.24 7999.94 0.94 36.4 164.16 2028.11 7867.37 10.9063 0.02 305 1915 84.93 14.05 8.6013
136 100 42.0068 0.84 100.0 445.0 548.86 1339.05 1112.81 3.91 5.69 137.34 2211.95 8306.66 1.02 41.66 129.68 2388.03 8075.65 9.3917 0.02 330 2212 100.0 10.62 6.1588
136 101 25.0031 0.6216 60.0 462.54 536.84 1251.9 1042.02 7.05 9.01 174.95 1915.26 7997.88 0.94 36.16 163.45 2028.08 7869.11 10.8369 0.02 306 1915 84.93 14.18 8.6752
136 102 9.9984 0.25 100.0 489.05 604.09 1495.62 1304.27 10.52 15.46 393.55 2318.68 8770.33 1.26 45.09 370.39 2387.85 8122.85 8.607 0.03 367 2319 100.0 28.56 17.2244
136 103 20.007 0.7 100.0 491.19 606.99 1486.73 1234.55 9.35 13.61 332.7 2323.73 8718.54 1.07 43.95 313.73 2387.83 8052.45 9.2014 0.02 361 2324 100.0 24.4 14.7734
136 104 10.0057 0.25 100.0 489.05 603.67 1491.45 1294.71 10.52 15.46 393.16 2318.7 8775.29 1.26 44.96 370.9 2387.84 8128.9 8.6121 0.03 368 2319 100.0 28.73 17.1076
136 105 0.0004 0.0 100.0 518.67 641.56 1575.41 1393.67 14.62 21.57 552.14 2387.87 9041.96 1.3 47.05 520.35 2387.93 8131.7 8.366 0.03 390 2388 100.0 38.9 23.3443
136 106 25.0052 0.62 60.0 462.54 536.18 1256.05 1037.27 7.05 9.0 174.07 1915.23 8000.78 0.93 36.2 163.57 2028.09 7866.0 10.8778 0.02 304 1915 84.93 14.26 8.6525
136 107 20.005 0.7 100.0 491.19 606.72 1474.61 1239.19 9.35 13.61 332.86 2323.72 8713.76 1.07 43.98 313.2 2387.88 8050.71 9.2127 0.02 364 2324 100.0 24.51 14.6297
136 108 35.0058 0.8408 100.0 449.44 555.03 1358.67 1113.75 5.48 7.97 192.97 2222.82 8337.86 1.02 41.49 182.23 2387.9 8061.79 9.2911 0.02 330 2223 100.0 14.73 8.9137
136 109 35.0007 0.84 100.0 449.44 554.33 1355.15 1118.61 5.48 7.97 194.06 2222.81 8342.92 1.02 41.56 182.63 2387.87 8059.63 9.2893 0.02 332 2223 100.0 14.69 8.8256
136 110 34.9992 0.8407 100.0 449.44 555.05 1364.53 1112.81 5.48 7.97 193.06 2222.79 8332.56 1.02 41.36 181.75 2387.93 8055.41 9.2889 0.02 333 2223 100.0 14.81 8.8728
136 111 42.0076 0.8401 100.0 445.0 548.73 1342.99 1125.12 3.91 5.69 137.66 2211.94 8309.51 1.02 41.54 129.78 2388.01 8073.29 9.3553 0.02 329 2212 100.0 10.42 6.3333
136 112 34.9986 0.8402 100.0 449.44 555.54 1360.44 1122.86 5.48 7.97 194.02 2222.8 8335.82 1.02 41.53 182.06 2387.89 8061.55 9.2835 0.02 332 2223 100.0 14.76 8.9731
136 113 20.0053 0.7 100.0 491.19 606.46 1473.99 1246.07 9.35 13.61 333.31 2323.74 8714.79 1.07 43.96 313.54 2387.84 8054.6 9.1932 0.02 363 2324 100.0 24.7 14.6662
136 114 10.0052 0.25 100.0 489.05 604.51 1488.23 1299.17 10.52 15.46 393.81 2318.67 8772.08 1.26 45.21 370.99 2387.87 8124.1 8.5824 0.03 367 2319 100.0 28.64 17.1602
136 115 0.0003 0.0 100.0 518.67 642.17 1579.89 1395.03 14.62 21.58 553.37 2387.95 9046.42 1.3 47.12 521.29 2387.95 8132.02 8.3528 0.03 389 2388 100.0 38.86 23.4032
136 116 42.0001 0.8402 100.0 445.0 548.72 1347.56 1113.62 3.91 5.69 138.06 2211.91 8311.33 1.02 41.59 129.94 2388.0 8067.24 9.3633 0.02 328 2212 100.0 10.49 6.4351
136 117 25.0041 0.62 60.0 462.54 536.51 1252.91 1037.15 7.05 9.0 175.05 1915.32 8002.28 0.94 36.53 164.34 2028.15 7872.48 10.8649 0.02 305 1915 84.93 14.32 8.5749
136 118 42.0009 0.8407 100.0 445.0 549.47 1347.88 1111.22 3.91 5.7 138.61 2211.97 8309.04 1.02 41.69 130.16 2387.99 8073.53 9.3353 0.02 331 2212 100.0 10.46 6.391
136 119 42.0037 0.842 100.0 445.0 550.06 1347.71 1110.53 3.91 5.69 137.36 2211.95 8310.88 1.02 41.73 130.04 2387.98 8085.56 9.3507 0.02 328 2212 100.0 10.34 6.3686
136 120 35.0027 0.84 100.0 449.44 554.75 1367.38 1117.45 5.48 7.97 193.66 2222.82 8335.46 1.02 41.62 181.98 2387.94 8056.5 9.3009 0.02 334 2223 100.0 14.96 8.8818
136 121 42.007 0.84 100.0 445.0 548.76 1348.04 1113.94 3.91 5.69 138.52 2211.92 8309.38 1.02 41.85 129.53 2388.13 8079.42 9.3255 0.02 328 2212 100.0 10.68 6.3143
136 122 20.0024 0.7014 100.0 491.19 607.04 1477.44 1242.83 9.35 13.61 333.36 2323.77 8714.85 1.07 44.07 314.21 2387.89 8054.04 9.1814 0.02 363 2324 100.0 24.48 14.7524
136 123 19.9988 0.7 100.0 491.19 606.54 1475.48 1232.7 9.35 13.6 332.83 2323.71 8714.81 1.07 44.03 313.28 2387.9 8053.84 9.2151 0.02 363 2324 100.0 24.34 14.6604
136 124 42.0013 0.8419 100.0 445.0 549.14 1350.54 1106.86 3.91 5.69 138.23 2211.9 8312.48 1.02 41.66 129.79 2388.0 8075.58 9.3663 0.02 329 2212 100.0 10.71 6.4086
136 125 25.0078 0.6211 60.0 462.54 536.38 1261.7 1036.15 7.05 9.0 175.89 1915.31 8011.15 0.94 36.3 164.49 2028.21 7868.61 10.8557 0.02 305 1915 84.93 14.14 8.6323
136 126 42.0077 0.8413 100.0 445.0 549.23 1345.13 1115.96 3.91 5.7 138.65 2211.93 8319.62 1.02 41.7 130.07 2388.05 8076.04 9.3201 0.02 329 2212 100.0 10.62 6.4586
136 127 25.0056 0.62 60.0 462.54 536.55 1257.67 1040.41 7.05 9.0 175.59 1915.33 7996.78 0.94 36.42 164.3 2028.22 7867.88 10.8797 0.02 306 1915 84.93 14.32 8.6699
136 128 10.0022 0.25 100.0 489.05 604.93 1493.58 1298.34 10.52 15.46 394.08 2318.7 8772.92 1.26 45.2 371.1 2387.89 8127.55 8.6327 0.03 368 2319 100.0 28.61 17.1358
136 129 42.0002 0.84 100.0 445.0 549.56 1349.42 1107.28 3.91 5.7 137.92 2211.99 8310.9 1.02 41.73 129.81 2388.03 8084.7 9.3514 0.02 328 2212 100.0 10.57 6.2276
136 130 10.0042 0.25 100.0 489.05 604.03 1487.68 1299.89 10.52 15.46 394.45 2318.72 8779.33 1.26 45.06 371.14 2387.91 8131.35 8.6116 0.03 368 2319 100.0 28.71 17.1467
136 131 10.0018 0.25 100.0 489.05 604.18 1499.86 1299.61 10.52 15.46 393.88 2318.74 8778.36 1.26 45.09 370.94 2387.9 8128.55 8.6247 0.03 368 2319 100.0 28.73 17.163
136 132 10.0024 0.251 100.0 489.05 604.12 1490.76 1299.16 10.52 15.46 394.28 2318.69 8773.68 1.26 45.2 371.55 2387.99 8127.23 8.615 0.03 367 2319 100.0 28.48 17.2423
136 133 20.0079 0.7019 100.0 491.19 606.97 1477.63 1246.67 9.35 13.61 333.27 2323.79 8715.17 1.07 44.05 314.4 2387.86 8062.09 9.194 0.02 363 2324 100.0 24.61 14.8046
136 134 41.998 0.84 100.0 445.0 549.05 1343.69 1121.32 3.91 5.7 138.1 2211.97 8314.67 1.02 41.72 130.18 2388.0 8085.05 9.3369 0.02 330 2212 100.0 10.77 6.3771
136 135 10.0077 0.25 100.0 489.05 604.24 1498.28 1299.05 10.52 15.46 394.88 2318.76 8778.76 1.26 44.99 371.81 2387.95 8132.09 8.5908 0.03 368 2319 100.0 28.66 17.1883
136 136 42.004 0.8417 100.0 445.0 549.13 1344.75 1116.39 3.91 5.69 138.07 2212.03 8314.29 1.02 41.8 130.1 2388.04 8083.13 9.3634 0.02 329 2212 100.0 10.71 6.3611
136 137 42.0021 0.84 100.0 445.0 549.31 1350.57 1119.14 3.91 5.69 138.84 2211.99 8315.26 1.02 41.76 130.06 2388.05 8085.48 9.3148 0.02 330 2212 100.0 10.58 6.3866
136 138 42.0062 0.8407 100.0 445.0 548.85 1356.84 1118.46 3.91 5.69 138.59 2211.95 8315.58 1.02 41.84 129.74 2388.03 8087.57 9.3368 0.02 329 2212 100.0 10.57 6.4243
136 139 19.9983 0.7013 100.0 491.19 606.69 1476.9 1236.46 9.35 13.61 334.47 2323.79 8711.98 1.07 44.25 314.26 2387.98 8062.38 9.1966 0.02 366 2324 100.0 24.47 14.731
136 140 35.0015 0.84 100.0 449.44 555.69 1356.04 1123.1 5.48 7.97 194.82 2222.93 8346.8 1.02 41.62 182.35 2387.98 8061.37 9.2662 0.02 332 2223 100.0 14.78 8.7918
136 141 41.999 0.84 100.0 445.0 549.76 1352.57 1117.49 3.91 5.69 137.87 2212.03 8322.47 1.02 41.67 130.32 2388.05 8082.75 9.3239 0.02 330 2212 100.0 10.7 6.4836
136 142 41.9984 0.84 100.0 445.0 549.0 1350.56 1113.66 3.91 5.69 138.69 2211.98 8318.17 1.02 41.74 130.86 2388.07 8085.96 9.3625 0.02 329 2212 100.0 10.45 6.442
136 143 41.9982 0.8419 100.0 445.0 549.0 1342.42 1123.55 3.91 5.7 138.1 2211.95 8317.09 1.02 41.6 130.07 2388.11 8079.66 9.3083 0.02 330 2212 100.0 10.49 6.3059
136 144 0.0016 0.0018 100.0 518.67 642.26 1585.95 1395.9 14.62 21.58 554.93 2388.0 9065.13 1.3 47.24 522.7 2388.01 8149.95 8.357 0.03 391 2388 100.0 39.12 23.506
136 145 20.0053 0.701 100.0 491.19 607.47 1485.73 1243.65 9.35 13.61 334.61 2323.87 8720.96 1.08 44.23 314.26 2387.98 8067.54 9.1766 0.02 365 2324 100.0 24.51 14.8004
136 146 35.006 0.84 100.0 449.44 554.34 1359.82 1118.99 5.48 7.97 195.27 2222.94 8345.69 1.02 41.45 182.87 2388.02 8069.65 9.2625 0.02 333 2223 100.0 14.96 8.9375
136 147 0.0006 0.0008 100.0 518.67 642.32 1580.87 1393.47 14.62 21.58 554.73 2388.02 9057.07 1.3 47.24 522.96 2388.0 8140.65 8.3677 0.03 392 2388 100.0 39.21 23.435
136 148 35.0053 0.842 100.0 449.44 555.58 1359.78 1112.64 5.48 7.97 194.7 2222.91 8354.36 1.02 41.5 182.78 2388.09 8065.64 9.2627 0.02 332 2223 100.0 15.01 8.8778
136 149 0.0004 0.0 100.0 518.67 642.13 1594.41 1397.32 14.62 21.58 555.11 2388.07 9063.44 1.3 47.35 523.1 2388.03 8141.37 8.3355 0.03 392 2388 100.0 39.22 23.4206
136 150 10.0045 0.2505 100.0 489.05 604.11 1491.46 1311.38 10.52 15.46 395.24 2318.85 8788.23 1.26 45.26 372.55 2388.03 8134.63 8.5514 0.03 368 2319 100.0 28.82 17.2439
136 151 0.0007 0.0005 100.0 518.67 642.03 1584.6 1400.58 14.62 21.58 555.39 2388.04 9060.47 1.3 47.1 523.8 2387.98 8140.02 8.3449 0.03 393 2388 100.0 39.24 23.5077
136 152 25.0069 0.62 60.0 462.54 536.27 1256.99 1040.58 7.05 9.0 175.23 1915.43 8007.5 0.94 36.47 165.04 2028.29 7880.81 10.8188 0.02 305 1915 84.93 14.33 8.5243
136 153 10.0051 0.2515 100.0 489.05 604.56 1492.32 1304.59 10.52 15.46 395.45 2318.9 8782.03 1.26 45.11 372.59 2388.03 8134.15 8.5803 0.03 369 2319 100.0 28.7 17.2749
136 154 19.999 0.7 100.0 491.19 607.16 1485.75 1238.9 9.35 13.61 335.04 2323.9 8724.8 1.08 44.2 315.16 2388.09 8065.74 9.1594 0.02 364 2324 100.0 24.61 14.6494
136 155 25.0024 0.6215 60.0 462.54 536.72 1250.42 1041.51 7.05 9.0 175.33 1915.4 8016.82 0.94 36.57 165.07 2028.29 7877.23 10.8105 0.02 305 1915 84.93 14.27 8.7349
136 156 35.0012 0.8418 100.0 449.44 555.19 1361.3 1124.05 5.48 7.97 194.65 2223.02 8358.68 1.02 41.65 183.05 2388.09 8074.09 9.2996 0.02 331 2223 100.0 14.9 9.06
136 157 9.9985 0.2511 100.0 489.05 604.73 1495.43 1306.4 10.52 15.46 395.71 2318.84 8786.12 1.26 45.18 373.13 2388.08 8137.23 8.5879 0.03 369 2319 100.0 28.64 17.1636
136 158 42.0038 0.8403 100.0 445.0 548.78 1346.05 1119.77 3.91 5.7 139.74 2212.03 8334.22 1.02 42.0 131.4 2388.11 8093.56 9.3153 0.02 330 2212 100.0 10.52 6.4237
136 159 0.0021 0.0018 100.0 518.67 642.06 1580.94 1390.7 14.62 21.57 555.55 2388.07 9073.46 1.3 47.38 524.13 2388.06 8148.3 8.3569 0.03 393 2388 100.0 39.19 23.4157
136 160 0.0006 0.0 100.0 518.67 642.63 1592.97 1401.54 14.62 21.58 556.49 2388.13 9068.74 1.3 47.38 524.38 2388.04 8149.8 8.348 0.03 391 2388 100.0 39.05 23.5947
136 161 20.0007 0.7 100.0 491.19 606.71 1489.94 1245.08 9.35 13.61 335.71 2323.94 8734.18 1.08 44.15 316.67 2388.07 8067.12 9.1513 0.02 365 2324 100.0 24.63 14.7839
136 162 42.0015 0.841 100.0 445.0 548.76 1355.52 1124.35 3.91 5.69 139.95 2212.06 8326.79 1.02 41.9 131.54 2388.2 8097.53 9.2873 0.02 330 2212 100.0 10.63 6.2927
136 163 0.0018 0.0013 100.0 518.67 642.77 1583.08 1399.34 14.62 21.58 557.97 2388.12 9069.47 1.3 47.15 525.02 2388.05 8145.28 8.3468 0.03 391 2388 100.0 39.15 23.5296
136 164 20.0065 0.7 100.0 491.19 607.45 1480.43 1244.25 9.35 13.61 335.62 2323.98 8721.87 1.08 44.16 315.73 2388.11 8066.97 9.1468 0.02 363 2324 100.0 24.67 14.6507
136 165 24.9995 0.6217 60.0 462.54 536.53 1256.83 1045.87 7.05 9.0 175.77 1915.46 8009.18 0.94 36.72 165.96 2028.36 7881.92 10.8053 0.02 307 1915 84.93 14.33 8.5819
136 166 10.0016 0.25 100.0 489.05 604.33 1497.18 1304.57 10.52 15.46 396.33 2318.96 8787.49 1.26 45.18 373.75 2388.13 8140.13 8.5461 0.03 369 2319 100.0 28.74 17.3296
136 167 42.0033 0.8416 100.0 445.0 549.41 1352.61 1122.29 3.91 5.69 139.43 2212.12 8331.73 1.03 42.11 131.25 2388.2 8094.46 9.2481 0.02 330 2212 100.0 10.69 6.426
136 168 20.0031 0.7009 100.0 491.19 606.71 1479.8 1250.31 9.35 13.6 336.38 2324.02 8733.75 1.08 44.45 316.46 2388.16 8073.7 9.1145 0.02 363 2324 100.0 24.52 14.8479
136 169 0.0026 0.0003 100.0 518.67 642.46 1591.75 1406.9 14.62 21.58 558.38 2388.12 9064.38 1.3 47.44 526.02 2388.13 8151.88 8.3303 0.03 391 2388 100.0 39.07 23.5329
136 170 0.0025 0.0012 100.0 518.67 642.4 1588.44 1406.19 14.62 21.58 558.38 2388.13 9073.34 1.3 47.48 525.99 2388.09 8152.19 8.3532 0.03 394 2388 100.0 39.25 23.4495
136 171 42.0065 0.8413 100.0 445.0 549.64 1350.0 1119.55 3.91 5.7 139.69 2212.11 8329.14 1.03 42.13 131.22 2388.26 8101.04 9.2619 0.02 330 2212 100.0 10.7 6.3708
136 172 0.0003 0.0 100.0 518.67 642.69 1590.12 1400.81 14.62 21.58 557.77 2388.04 9070.67 1.3 47.42 525.99 2388.11 8157.24 8.3401 0.03 393 2388 100.0 39.17 23.4933
136 173 20.0017 0.7 100.0 491.19 606.82 1478.94 1250.67 9.35 13.61 336.32 2324.07 8745.8 1.08 44.35 317.24 2388.21 8077.69 9.1325 0.02 364 2324 100.0 24.74 14.7554
136 174 42.0067 0.84 100.0 445.0 549.05 1353.18 1123.21 3.91 5.69 139.4 2212.12 8335.83 1.03 42.0 130.79 2388.24 8099.51 9.2596 0.02 329 2212 100.0 10.9 6.3776
136 175 20.0013 0.7013 100.0 491.19 607.47 1475.59 1251.75 9.35 13.61 337.5 2324.14 8740.17 1.08 44.21 317.44 2388.19 8073.29 9.135 0.02 363 2324 100.0 24.68 14.9264
136 176 20.0026 0.7 100.0 491.19 607.5 1483.0 1254.89 9.35 13.61 336.97 2324.1 8733.67 1.08 44.39 317.04 2388.24 8079.63 9.1376 0.02 364 2324 100.0 24.74 14.8491
136 177 42.002 0.84 100.0 445.0 549.0 1356.3 1125.99 3.91 5.7 139.71 2212.22 8341.35 1.03 42.0 131.83 2388.3 8106.74 9.2318 0.02 331 2212 100.0 10.75 6.3399
136 178 42.0046 0.841 100.0 445.0 549.48 1355.91 1123.92 3.91 5.69 140.0 2212.14 8331.93 1.03 41.89 131.98 2388.26 8102.65 9.2459 0.02 331 2212 100.0 10.47 6.4355
136 179 42.0056 0.8409 100.0 445.0 549.48 1356.42 1125.89 3.91 5.7 140.02 2212.23 8342.71 1.03 42.16 131.72 2388.25 8105.93 9.2158 0.02 330 2212 100.0 10.93 6.4485
136 180 35.0038 0.84 100.0 449.44 555.17 1367.94 1129.55 5.48 7.97 196.55 2223.19 8373.75 1.03 42.1 184.73 2388.37 8085.86 9.17 0.02 335 2223 100.0 15.07 8.9703
136 181 42.003 0.84 100.0 445.0 549.38 1355.27 1118.6 3.91 5.69 140.56 2212.2 8340.76 1.03 42.13 132.16 2388.34 8114.72 9.2339 0.02 331 2212 100.0 10.88 6.4062
136 182 20.0023 0.7008 100.0 491.19 607.12 1483.56 1256.66 9.35 13.61 339.12 2324.2 8744.68 1.08 44.43 318.53 2388.4 8087.95 9.0602 0.02 366 2324 100.0 24.84 14.8138
136 183 42.0046 0.84 100.0 445.0 549.28 1353.02 1130.5 3.91 5.7 140.52 2212.27 8339.29 1.03 41.98 132.31 2388.3 8110.24 9.2234 0.02 331 2212 100.0 10.9 6.4089
136 184 0.0015 0.0 100.0 518.67 642.91 1600.18 1412.91 14.62 21.58 561.38 2388.24 9085.87 1.31 47.52 528.31 2388.2 8160.56 8.3005 0.03 394 2388 100.0 39.38 23.6737
136 185 0.0004 0.0 100.0 518.67 642.62 1594.64 1410.39 14.62 21.58 561.95 2388.28 9088.61 1.31 47.71 529.43 2388.27 8163.52 8.3194 0.03 393 2388 100.0 39.45 23.6336
136 186 42.0079 0.84 100.0 445.0 549.56 1353.8 1127.09 3.91 5.7 140.67 2212.26 8355.94 1.03 42.26 132.31 2388.37 8119.45 9.2187 0.02 332 2212 100.0 10.7 6.3417
136 187 25.0029 0.6219 60.0 462.54 537.07 1262.17 1043.28 7.05 9.0 178.34 1915.57 8034.11 0.94 37.01 165.94 2028.51 7891.64 10.7466 0.02 307 1915 84.93 14.43 8.6564
136 188 10.0063 0.2516 100.0 489.05 605.22 1514.09 1316.86 10.52 15.46 400.59 2319.24 8817.7 1.27 45.64 377.17 2388.43 8159.52 8.5258 0.03 369 2319 100.0 28.99 17.3389
136 189 0.0009 0.0 100.0 518.67 642.27 1598.86 1403.9 14.62 21.58 562.21 2388.28 9084.02 1.31 47.77 529.88 2388.26 8168.19 8.2956 0.03 394 2388 100.0 39.46 23.6326
136 190 10.0055 0.2502 100.0 489.05 605.4 1504.47 1312.16 10.52 15.46 400.43 2319.32 8812.42 1.27 45.77 377.6 2388.47 8162.71 8.5065 0.03 372 2319 100.0 29.01 17.3872
136 191 42.008 0.8405 100.0 445.0 549.36 1363.68 1134.15 3.91 5.69 140.68 2212.28 8360.18 1.04 42.08 132.67 2388.41 8120.01 9.1672 0.02 333 2212 100.0 10.8 6.338
136 192 20.0058 0.7 100.0 491.19 607.59 1488.6 1261.59 9.35 13.61 340.35 2324.37 8757.33 1.09 44.45 320.41 2388.52 8087.31 9.0504 0.02 366 2324 100.0 24.93 14.8802
136 193 0.0027 0.0009 100.0 518.67 643.24 1594.91 1408.68 14.62 21.58 562.97 2388.3 9096.18 1.31 47.95 531.32 2388.29 8171.19 8.2667 0.03 395 2388 100.0 39.49 23.6575
136 194 25.0018 0.6213 60.0 462.54 537.14 1270.89 1048.84 7.05 9.0 178.17 1915.72 8032.97 0.94 37.07 167.19 2028.59 7897.13 10.6953 0.02 309 1915 84.93 14.46 8.6387
136 195 25.0052 0.62 60.0 462.54 536.94 1265.29 1042.78 7.05 9.0 178.36 1915.65 8037.27 0.94 36.99 167.37 2028.67 7899.26 10.7037 0.02 308 1915 84.93 14.52 8.6971
136 196 35.0049 0.8404 100.0 449.44 555.52 1374.93 1134.0 5.48 7.97 198.78 2223.5 8389.72 1.04 42.22 186.89 2388.64 8104.85 9.1046 0.02 336 2223 100.0 15.13 8.983
136 197 41.9987 0.84 100.0 445.0 549.88 1359.61 1131.27 3.91 5.69 141.04 2212.42 8364.96 1.04 42.41 133.54 2388.5 8129.3 9.1685 0.02 332 2212 100.0 10.84 6.3669
136 198 41.9992 0.84 100.0 445.0 549.79 1367.45 1139.64 3.91 5.7 141.64 2212.41 8376.49 1.04 42.38 133.7 2388.54 8127.78 9.1406 0.02 332 2212 100.0 10.83 6.5093
136 199 25.0026 0.62 60.0 462.54 537.05 1265.53 1044.89 7.05 9.01 179.48 1915.82 8037.94 0.94 36.84 167.83 2028.68 7904.59 10.6989 0.02 307 1915 84.93 14.52 8.6004
136 200 42.0038 0.842 100.0 445.0 549.84 1372.67 1138.51 3.91 5.69 141.62 2212.37 8375.85 1.04 42.37 133.58 2388.5 8129.92 9.142 0.02 334 2212 100.0 10.66 6.4323
136 201 41.9996 0.8415 100.0 445.0 549.84 1367.98 1139.75 3.91 5.7 143.27 2212.44 8377.18 1.05 42.54 133.74 2388.54 8137.17 9.1222 0.02 335 2212 100.0 10.86 6.4686
136 202 0.0002 0.0011 100.0 518.67 642.83 1600.28 1422.05 14.62 21.59 567.12 2388.47 9115.41 1.32 47.97 534.41 2388.47 8188.15 8.2571 0.03 396 2388 100.0 39.61 23.689
136 203 20.003 0.7005 100.0 491.19 607.98 1497.8 1270.23 9.35 13.61 342.92 2324.66 8784.16 1.09 44.95 322.48 2388.83 8105.02 9.0153 0.03 368 2324 100.0 25.0 15.0757
136 204 25.0031 0.6211 60.0 462.54 536.99 1266.4 1061.61 7.05 9.0 178.84 1915.89 8049.61 0.94 37.19 168.94 2028.77 7903.77 10.6799 0.02 309 1915 84.93 14.65 8.7316
136 205 0.0009 0.0 100.0 518.67 643.29 1600.81 1421.13 14.62 21.59 567.99 2388.58 9123.84 1.32 48.34 536.04 2388.54 8191.92 8.2192 0.03 396 2388 100.0 39.68 23.7544
