50 1 0.0007 -0.0004 100.0 518.67 641.91 1587.33 1391.59 14.62 21.61 554.62 2388.01 9061.76 1.3 47.37 522.6 2387.99 8142.72 8.4409 0.03 391 2388 100.0 38.94 23.3599
50 2 -0.0041 -0.0004 100.0 518.67 642.17 1583.83 1394.1 14.62 21.61 553.71 2388.02 9066.52 1.3 47.05 521.57 2388.01 8143.93 8.4126 0.03 392 2388 100.0 38.87 23.4434
50 3 0.003 -0.0002 100.0 518.67 642.44 1582.99 1393.32 14.62 21.61 553.94 2387.97 9064.86 1.3 47.19 522.82 2387.98 8148.31 8.4304 0.03 392 2388 100.0 39.06 23.3846
50 4 -0.0048 0.0004 100.0 518.67 642.47 1594.34 1401.57 14.62 21.61 554.73 2388.0 9075.22 1.3 47.37 522.06 2388.02 8146.84 8.3895 0.03 391 2388 100.0 38.9 23.3644
50 5 -0.0014 0.0003 100.0 518.67 642.24 1582.17 1402.04 14.62 21.61 554.41 2388.02 9068.61 1.3 47.11 521.88 2388.02 8150.95 8.4207 0.03 392 2388 100.0 39.17 23.426
50 6 0.0 0.0004 100.0 518.67 641.8 1586.34 1397.22 14.62 21.61 554.37 2388.0 9067.2 1.3 47.37 522.52 2388.01 8151.15 8.4205 0.03 393 2388 100.0 39.06 23.5349
50 7 -0.0004 0.0004 100.0 518.67 642.52 1582.66 1395.4 14.62 21.61 553.69 2388.03 9065.46 1.3 47.23 522.7 2388.02 8154.33 8.3891 0.03 392 2388 100.0 39.02 23.433
50 8 0.0011 -0.0003 100.0 518.67 642.46 1583.41 1407.55 14.62 21.61 554.11 2388.05 9059.47 1.3 47.24 521.96 2387.98 8148.12 8.4179 0.03 392 2388 100.0 39.07 23.3976
50 9 -0.0016 -0.0001 100.0 518.67 642.22 1583.97 1398.65 14.62 21.61 554.55 2388.02 9070.34 1.3 47.28 522.09 2388.02 8144.04 8.3712 0.03 391 2388 100.0 39.06 23.4063
50 10 -0.0005 -0.0004 100.0 518.67 641.44 1591.34 1392.98 14.62 21.61 554.47 2388.0 9067.56 1.3 47.33 522.56 2387.98 8140.83 8.3831 0.03 394 2388 100.0 39.02 23.4562
50 11 -0.001 -0.0004 100.0 518.67 642.27 1580.17 1398.44 14.62 21.61 554.98 2388.0 9063.2 1.3 47.18 522.61 2388.0 8146.56 8.3898 0.03 391 2388 100.0 38.98 23.4607
50 12 0.0025 0.0005 100.0 518.67 642.3 1596.24 1395.26 14.62 21.61 554.06 2387.98 9066.02 1.3 47.34 522.67 2388.05 8146.3 8.4035 0.03 391 2388 100.0 39.09 23.366
50 13 0.0025 0.0005 100.0 518.67 642.17 1585.67 1405.41 14.62 21.61 554.34 2388.03 9066.75 1.3 47.28 522.41 2388.07 8144.93 8.4561 0.03 391 2388 100.0 38.9 23.3133
50 14 0.0019 0.0002 100.0 518.67 642.19 1585.95 1394.99 14.62 21.61 554.63 2387.97 9062.83 1.3 47.11 522.54 2388.03 8144.71 8.3707 0.03 392 2388 100.0 38.99 23.4564
50 15 -0.001 0.0004 100.0 518.67 642.26 1592.69 1397.75 14.62 21.61 554.62 2388.03 9061.03 1.3 47.29 522.23 2387.98 8154.36 8.4288 0.03 393 2388 100.0 39.05 23.4219
50 16 -0.001 -0.0003 100.0 518.67 642.07 1584.53 1398.91 14.62 21.61 554.45 2388.01 9072.25 1.3 47.26 522.42 2387.97 8149.3 8.38 0.03 391 2388 100.0 38.72 23.36
50 17 -0.0008 -0.0001 100.0 518.67 642.12 1582.97 1399.02 14.62 21.61 554.22 2388.01 9056.15 1.3 47.18 522.33 2387.98 8149.65 8.4212 0.03 393 2388 100.0 38.98 23.3768
50 18 0.0024 0.0004 100.0 518.67 642.22 1583.32 1398.0 14.62 21.61 553.76 2388.07 9068.89 1.3 47.13 522.04 2387.98 8148.82 8.4032 0.03 391 2388 100.0 38.85 23.4301
50 19 0.0011 -0.0 100.0 518.67 642.4 1582.77 1401.96 14.62 21.61 554.5 2388.01 9064.73 1.3 47.29 522.23 2388.0 8145.28 8.4134 0.03 391 2388 100.0 39.06 23.4606
50 20 -0.0015 0.0001 100.0 518.67 642.41 1587.79 1396.48 14.62 21.61 554.14 2388.02 9068.32 1.3 47.26 522.22 2388.05 8145.67 8.432 0.03 394 2388 100.0 38.9 23.3302
50 21 0.0035 0.0001 100.0 518.67 641.66 1573.61 1393.97 14.62 21.61 554.52 2388.03 9062.44 1.3 47.32 521.82 2387.98 8143.93 8.3969 0.03 392 2388 100.0 39.05 23.4318
50 22 -0.0031 -0.0002 100.0 518.67 642.39 1589.57 1397.09 14.62 21.61 553.79 2387.95 9065.63 1.3 47.34 522.59 2388.01 8146.71 8.4109 0.03 392 2388 100.0 39.05 23.4025
50 23 -0.0009 -0.0 100.0 518.67 642.41 1593.97 1402.14 14.62 21.61 554.1 2388.02 9067.35 1.3 47.42 521.5 2388.0 8140.31 8.3974 0.03 394 2388 100.0 39.19 23.3228
50 24 0.0044 0.0003 100.0 518.67 642.21 1581.92 1392.84 14.62 21.61 553.98 2388.05 9069.41 1.3 47.29 522.55 2388.02 8147.6 8.3929 0.03 393 2388 100.0 38.87 23.3841
50 25 -0.0031 -0.0003 100.0 518.67 642.12 1587.78 1393.99 14.62 21.6 554.83 2388.0 9064.41 1.3 47.44 522.1 2388.04 8145.4 8.406 0.03 391 2388 100.0 39.13 23.4331
50 26 0.0014 -0.0002 100.0 518.67 641.89 1583.51 1399.06 14.62 21.61 554.21 2387.98 9067.69 1.3 47.18 522.75 2388.02 8144.71 8.3902 0.03 390 2388 100.0 39.23 23.3775
50 27 0.0001 -0.0004 100.0 518.67 641.36 1588.33 1394.18 14.62 21.61 553.51 2388.02 9062.19 1.3 47.09 522.59 2387.96 8143.44 8.395 0.03 392 2388 100.0 38.81 23.3493
50 28 -0.0048 -0.0004 100.0 518.67 641.95 1580.27 1398.61 14.62 21.61 555.29 2387.97 9064.4 1.3 47.14 522.28 2388.03 8148.7 8.3924 0.03 391 2388 100.0 39.0 23.4283
50 29 -0.0003 0.0001 100.0 518.67 642.61 1586.62 1395.28 14.62 21.61 554.01 2388.0 9065.98 1.3 47.14 522.34 2387.99 8147.83 8.4075 0.03 391 2388 100.0 38.83 23.3663
50 30 -0.0002 0.0002 100.0 518.67 642.31 1583.8 1396.69 14.62 21.61 554.2 2387.98 9067.86 1.3 47.17 522.41 2388.06 8146.36 8.4028 0.03 392 2388 100.0 38.87 23.4822
50 31 -0.0009 -0.0 100.0 518.67 642.23 1585.14 1393.64 14.62 21.61 553.85 2388.06 9062.27 1.3 47.29 522.26 2387.98 8140.86 8.3721 0.03 392 2388 100.0 38.81 23.4893
50 32 0.0024 -0.0004 100.0 518.67 642.37 1580.73 1391.83 14.62 21.61 553.77 2388.01 9067.73 1.3 47.22 522.65 2388.02 8152.01 8.4142 0.03 391 2388 100.0 38.91 23.4975
50 33 0.0016 0.0004 100.0 518.67 641.97 1583.5 1394.43 14.62 21.61 554.9 2388.0 9059.23 1.3 47.41 522.26 2388.03 8141.16 8.4228 0.03 390 2388 100.0 38.89 23.3811
50 34 0.001 0.0001 100.0 518.67 642.09 1587.18 1400.55 14.62 21.61 554.9 2387.98 9067.04 1.3 47.18 521.54 2387.98 8147.04 8.358 0.03 391 2388 100.0 38.98 23.481
50 35 0.0014 0.0005 100.0 518.67 642.25 1579.15 1400.41 14.62 21.61 554.02 2388.0 9069.15 1.3 47.29 522.63 2388.07 8149.42 8.4215 0.03 391 2388 100.0 39.04 23.4558
50 36 0.0003 -0.0003 100.0 518.67 642.17 1586.25 1401.99 14.62 21.61 554.45 2387.98 9064.26 1.3 47.38 522.09 2388.04 8151.42 8.3787 0.03 392 2388 100.0 38.92 23.435
50 37 0.0016 -0.0003 100.0 518.67 642.29 1586.14 1397.01 14.62 21.61 554.19 2388.03 9060.05 1.3 47.29 522.27 2387.98 8149.27 8.3879 0.03 392 2388 100.0 38.95 23.3613
50 38 0.0005 -0.0003 100.0 518.67 642.68 1585.79 1397.54 14.62 21.61 553.63 2388.05 9061.15 1.3 47.25 522.03 2388.02 8144.23 8.3608 0.03 393 2388 100.0 38.79 23.3344
50 39 -0.0027 -0.0001 100.0 518.67 642.2 1588.71 1398.21 14.62 21.61 554.87 2388.0 9067.75 1.3 47.25 522.33 2388.01 8152.27 8.4337 0.03 392 2388 100.0 39.17 23.3314
50 40 -0.0013 -0.0001 100.0 518.67 642.04 1583.37 1402.11 14.62 21.61 553.38 2388.02 9061.73 1.3 47.24 522.94 2388.03 8144.07 8.3755 0.03 392 2388 100.0 38.93 23.4278
50 41 0.0007 0.0005 100.0 518.67 642.45 1587.84 1396.09 14.62 21.61 554.61 2388.03 9066.45 1.3 47.26 522.12 2388.01 8148.91 8.4139 0.03 391 2388 100.0 39.02 23.4019
50 42 0.0047 0.0002 100.0 518.67 642.37 1588.34 1406.32 14.62 21.61 554.5 2388.04 9066.94 1.3 47.31 522.35 2388.04 8147.27 8.4168 0.03 391 2388 100.0 38.79 23.4236
50 43 0.0005 0.0003 100.0 518.67 641.93 1588.34 1402.97 14.62 21.61 554.24 2388.03 9067.55 1.3 47.17 522.48 2388.0 8149.73 8.4133 0.03 390 2388 100.0 39.02 23.3958
50 44 -0.002 0.0005 100.0 518.67 642.15 1586.02 1399.44 14.62 21.61 554.57 2387.98 9063.78 1.3 47.2 522.49 2387.98 8145.17 8.426 0.03 392 2388 100.0 38.83 23.2987
50 45 -0.0012 0.0005 100.0 518.67 642.26 1586.73 1397.22 14.62 21.61 554.63 2388.01 9061.34 1.3 47.17 522.67 2388.0 8140.99 8.3866 0.03 392 2388 100.0 39.01 23.4025
50 46 -0.0011 0.0001 100.0 518.67 642.18 1587.29 1401.14 14.62 21.61 554.09 2388.03 9063.71 1.3 47.43 522.42 2388.02 8146.15 8.4262 0.03 393 2388 100.0 39.02 23.4604
50 47 -0.004 -0.0001 100.0 518.67 641.87 1587.84 1410.13 14.62 21.61 553.98 2388.04 9069.37 1.3 47.21 522.44 2388.04 8148.36 8.3745 0.03 392 2388 100.0 39.0 23.4234
50 48 -0.0015 0.0002 100.0 518.67 642.64 1584.3 1397.94 14.62 21.6 554.0 2388.0 9060.42 1.3 47.25 521.92 2388.08 8144.42 8.3734 0.03 393 2388 100.0 39.07 23.4788
50 49 -0.0011 0.0003 100.0 518.67 642.69 1580.73 1404.24 14.62 21.61 554.71 2388.03 9061.31 1.3 47.27 521.98 2388.08 8145.82 8.3766 0.03 393 2388 100.0 39.09 23.297
50 50 0.0003 0.0004 100.0 518.67 642.2 1584.31 1403.36 14.62 21.61 554.21 2388.02 9063.77 1.3 47.09 521.98 2388.0 8148.77 8.411 0.03 391 2388 100.0 39.03 23.3811
50 51 -0.0022 0.0001 100.0 518.67 641.89 1582.81 1407.37 14.62 21.61 553.91 2388.01 9067.71 1.3 47.23 522.37 2388.06 8150.17 8.4262 0.03 392 2388 100.0 38.94 23.3057
50 52 0.0032 0.0003 100.0 518.67 642.16 1590.1 1398.92 14.62 21.61 554.12 2388.03 9063.61 1.3 47.38 522.22 2388.03 8143.25 8.3927 0.03 392 2388 100.0 39.06 23.2886
50 53 0.0041 0.0003 100.0 518.67 642.43 1584.97 1393.24 14.62 21.61 553.92 2387.99 9068.31 1.3 47.24 522.52 2388.03 8148.94 8.4021 0.03 391 2388 100.0 39.04 23.2886
50 54 -0.0019 0.0 100.0 518.67 642.34 1583.08 1398.77 14.62 21.61 554.53 2388.06 9061.04 1.3 47.31 521.95 2388.05 8145.53 8.4036 0.03 393 2388 100.0 39.11 23.3792
50 55 -0.0017 0.0002 100.0 518.67 642.35 1585.95 1398.75 14.62 21.61 554.9 2388.02 9064.1 1.3 47.24 522.14 2388.0 8142.21 8.3935 0.03 391 2388 100.0 39.04 23.4615
50 56 0.0007 -0.0001 100.0 518.67 642.03 1586.33 1399.84 14.62 21.61 554.09 2388.06 9057.38 1.3 47.15 522.41 2388.02 8143.37 8.4159 0.03 391 2388 100.0 39.11 23.3209
50 57 -0.0038 -0.0002 100.0 518.67 642.31 1582.72 1404.94 14.62 21.61 554.19 2388.01 9075.14 1.3 47.12 522.6 2388.06 8140.34 8.4222 0.03 392 2388 100.0 39.07 23.3711
50 58 -0.0035 -0.0001 100.0 518.67 642.04 1586.32 1398.06 14.62 21.61 554.28 2388.03 9067.39 1.3 47.28 522.26 2388.02 8147.41 8.3792 0.03 392 2388 100.0 38.94 23.4074
50 59 0.0016 -0.0003 100.0 518.67 642.02 1587.85 1398.52 14.62 21.61 554.31 2388.04 9062.13 1.3 47.16 522.48 2388.04 8140.87 8.3975 0.03 392 2388 100.0 38.73 23.3901
50 60 0.0021 0.0003 100.0 518.67 642.25 1589.82 1397.98 14.62 21.61 554.31 2388.04 9071.97 1.3 47.53 522.0 2388.04 8138.04 8.3983 0.03 393 2388 100.0 39.0 23.3988
50 61 0.0009 -0.0003 100.0 518.67 642.4 1586.76 1397.3 14.62 21.61 554.13 2388.0 9065.33 1.3 47.1 521.89 2388.04 8149.11 8.4307 0.03 391 2388 100.0 38.72 23.293
50 62 -0.0025 0.0004 100.0 518.67 642.22 1585.93 1405.3 14.62 21.61 554.09 2388.03 9064.08 1.3 47.07 522.24 2388.12 8144.83 8.3848 0.03 392 2388 100.0 38.93 23.3533
50 63 0.0002 -0.0003 100.0 518.67 642.51 1582.55 1402.12 14.62 21.61 554.07 2388.02 9062.52 1.3 47.26 521.69 2388.05 8148.27 8.4168 0.03 390 2388 100.0 38.91 23.4217
50 64 -0.0006 0.0003 100.0 518.67 642.07 1587.73 1398.59 14.62 21.61 554.61 2388.07 9061.64 1.3 47.34 522.37 2388.0 8143.59 8.4152 0.03 394 2388 100.0 38.93 23.4016
50 65 0.0 0.0002 100.0 518.67 642.39 1593.01 1402.11 14.62 21.61 554.21 2387.97 9064.49 1.3 47.24 522.62 2388.09 8141.41 8.4051 0.03 392 2388 100.0 38.8 23.3625
50 66 0.0 -0.0002 100.0 518.67 641.97 1582.68 1399.85 14.62 21.61 554.89 2388.01 9064.11 1.3 47.45 522.0 2388.03 8142.44 8.3989 0.03 392 2388 100.0 39.03 23.3019
50 67 -0.001 -0.0004 100.0 518.67 642.47 1592.79 1408.56 14.62 21.61 553.63 2387.98 9066.02 1.3 47.3 521.91 2388.03 8146.47 8.4053 0.03 391 2388 100.0 39.02 23.3671
50 68 0.002 -0.0003 100.0 518.67 642.61 1581.15 1398.15 14.62 21.61 553.84 2388.04 9067.97 1.3 47.18 521.78 2388.04 8144.82 8.3955 0.03 391 2388 100.0 39.1 23.3502
50 69 0.0017 0.0002 100.0 518.67 642.08 1590.47 1409.69 14.62 21.61 553.91 2388.06 9066.71 1.3 47.1 522.02 2388.09 8141.98 8.4048 0.03 393 2388 100.0 39.07 23.4408
50 70 0.0016 -0.0003 100.0 518.67 641.99 1582.47 1400.01 14.62 21.61 553.86 2388.01 9061.69 1.3 47.32 522.37 2388.02 8144.58 8.4069 0.03 392 2388 100.0 38.86 23.3313
50 71 0.0001 -0.0002 100.0 518.67 641.81 1584.74 1405.59 14.62 21.61 554.18 2388.02 9064.29 1.3 47.46 521.8 2388.06 8142.94 8.4057 0.03 393 2388 100.0 38.98 23.3583
50 72 -0.0031 0.0004 100.0 518.67 642.33 1586.66 1405.24 14.62 21.61 554.33 2388.08 9063.39 1.3 47.34 522.11 2388.03 8151.84 8.3858 0.03 392 2388 100.0 39.02 23.3854
50 73 0.0037 0.0002 100.0 518.67 642.17 1582.65 1396.75 14.62 21.61 553.78 2388.07 9060.37 1.3 47.43 522.06 2388.04 8144.25 8.4632 0.03 393 2388 100.0 38.94 23.3569
50 74 -0.0009 0.0003 100.0 518.67 642.2 1586.78 1398.41 14.62 21.61 554.43 2388.03 9063.47 1.3 47.22 522.09 2388.04 8146.39 8.4062 0.03 390 2388 100.0 38.98 23.3797
50 75 0.0008 0.0001 100.0 518.67 642.23 1585.71 1396.91 14.62 21.61 553.44 2388.08 9060.92 1.3 47.34 522.53 2388.07 8140.38 8.3893 0.03 393 2388 100.0 38.99 23.404
50 76 -0.0002 0.0002 100.0 518.67 642.34 1584.99 1398.36 14.62 21.61 553.82 2387.94 9067.75 1.3 47.43 522.41 2387.99 8147.46 8.3881 0.03 392 2388 100.0 39.03 23.382
50 77 -0.0017 0.0003 100.0 518.67 643.03 1577.83 1404.1 14.62 21.61 553.65 2388.01 9071.44 1.3 47.38 522.07 2387.99 8145.77 8.4301 0.03 393 2388 100.0 39.1 23.4645
50 78 0.0017 0.0001 100.0 518.67 642.42 1587.62 1402.16 14.62 21.61 554.97 2388.05 9056.37 1.3 47.25 521.98 2388.05 8147.91 8.4048 0.03 393 2388 100.0 38.9 23.4053
50 79 0.0002 -0.0003 100.0 518.67 642.57 1586.9 1396.03 14.62 21.61 553.41 2388.03 9061.22 1.3 47.51 522.05 2388.08 8145.75 8.4355 0.03 393 2388 100.0 38.84 23.3298
50 80 -0.0016 0.0001 100.0 518.67 641.87 1581.74 1402.28 14.62 21.61 553.93 2388.02 9064.45 1.3 47.72 521.68 2388.03 8147.13 8.4259 0.03 392 2388 100.0 39.13 23.4685
50 81 0.0006 -0.0003 100.0 518.67 643.0 1585.14 1405.55 14.62 21.61 553.91 2388.04 9066.11 1.3 47.38 522.0 2388.06 8142.16 8.4249 0.03 392 2388 100.0 38.87 23.3323
50 82 0.0041 0.0003 100.0 518.67 642.22 1586.4 1408.82 14.62 21.61 553.87 2387.99 9052.98 1.3 47.31 521.85 2388.05 8139.48 8.3799 0.03 390 2388 100.0 38.99 23.2049
50 83 -0.0012 0.0005 100.0 518.67 642.13 1581.33 1407.29 14.62 21.61 553.87 2388.1 9060.93 1.3 47.48 521.69 2388.02 8143.74 8.3984 0.03 392 2388 100.0 38.71 23.2887
50 84 -0.0009 0.0001 100.0 518.67 642.02 1582.82 1404.24 14.62 21.61 553.6 2388.07 9061.51 1.3 47.25 521.41 2388.03 8143.3 8.4563 0.03 392 2388 100.0 38.95 23.3029
50 85 -0.002 -0.0004 100.0 518.67 642.72 1590.96 1409.11 14.62 21.61 553.96 2388.01 9059.31 1.3 47.28 521.66 2388.02 8141.14 8.426 0.03 393 2388 100.0 38.85 23.3593
50 86 0.0027 0.0 100.0 518.67 642.35 1584.35 1400.98 14.62 21.61 553.76 2388.03 9062.92 1.3 47.38 521.89 2388.07 8142.87 8.4519 0.03 393 2388 100.0 38.9 23.3752
50 87 0.0007 0.0003 100.0 518.67 642.56 1588.66 1398.29 14.62 21.61 553.57 2388.02 9059.17 1.3 47.35 521.94 2388.09 8140.53 8.3476 0.03 392 2388 100.0 38.95 23.3792
50 88 -0.0029 0.0002 100.0 518.67 642.7 1582.17 1402.44 14.62 21.61 553.69 2388.04 9063.18 1.3 47.51 521.57 2388.08 8136.95 8.438 0.03 391 2388 100.0 38.82 23.414
50 89 -0.0003 0.0005 100.0 518.67 642.25 1589.75 1398.0 14.62 21.61 554.06 2388.02 9064.59 1.3 47.39 522.02 2388.02 8136.84 8.4458 0.03 392 2388 100.0 38.77 23.3651
50 90 -0.002 -0.0002 100.0 518.67 642.55 1593.93 1398.98 14.62 21.61 554.79 2388.03 9058.98 1.3 47.42 521.54 2388.06 8139.46 8.4642 0.03 391 2388 100.0 38.89 23.4052
50 91 0.0002 0.0004 100.0 518.67 642.53 1596.22 1398.54 14.62 21.61 553.75 2388.06 9054.14 1.3 47.42 522.01 2388.03 8142.33 8.4191 0.03 393 2388 100.0 38.83 23.2889
50 92 -0.0015 -0.0005 100.0 518.67 642.27 1591.35 1395.62 14.62 21.61 553.69 2388.07 9070.11 1.3 47.37 521.95 2388.03 8148.74 8.4517 0.03 392 2388 100.0 38.93 23.3356
50 93 -0.001 -0.0002 100.0 518.67 642.43 1582.65 1404.64 14.62 21.61 554.02 2388.08 9068.47 1.3 47.23 522.05 2388.13 8140.61 8.4238 0.03 393 2388 100.0 38.81 23.2542
50 94 -0.0009 -0.0003 100.0 518.67 642.69 1588.39 1396.64 14.62 21.61 553.59 2388.08 9064.12 1.3 47.37 521.8 2387.99 8145.83 8.4277 0.03 393 2388 100.0 39.12 23.2862
50 95 -0.0023 0.0002 100.0 518.67 642.69 1589.43 1402.2 14.62 21.61 553.95 2388.06 9058.14 1.3 47.04 522.13 2388.02 8139.04 8.4322 0.03 391 2388 100.0 38.97 23.4134
50 96 -0.0026 0.0003 100.0 518.67 642.11 1581.76 1402.13 14.62 21.61 553.51 2388.02 9066.88 1.3 47.56 522.12 2388.01 8144.34 8.4335 0.03 392 2388 100.0 38.96 23.4103
50 97 0.0004 0.0004 100.0 518.67 642.27 1578.09 1399.03 14.62 21.61 553.53 2388.0 9065.75 1.3 47.22 521.93 2388.03 8143.82 8.4161 0.03 393 2388 100.0 38.89 23.2872
50 98 -0.0006 0.0005 100.0 518.67 642.41 1587.31 1401.5 14.62 21.61 554.03 2388.04 9062.84 1.3 47.4 521.82 2388.06 8141.36 8.4432 0.03 393 2388 100.0 38.83 23.3202
50 99 0.0049 0.0005 100.0 518.67 643.17 1596.18 1394.24 14.62 21.61 554.3 2388.06 9053.45 1.3 47.47 521.92 2388.01 8144.9 8.4141 0.03 392 2388 100.0 38.86 23.3418
50 100 0.001 -0.0001 100.0 518.67 642.7 1587.77 1409.75 14.62 21.61 553.51 2388.07 9061.49 1.3 47.46 521.63 2388.09 8140.55 8.419 0.03 394 2388 100.0 38.92 23.4088
50 101 0.0011 -0.0001 100.0 518.67 642.54 1592.22 1404.37 14.62 21.61 554.03 2388.11 9063.71 1.3 47.54 521.57 2388.06 8135.94 8.4321 0.03 393 2388 100.0 38.77 23.437
50 102 0.0024 0.0002 100.0 518.67 642.6 1592.08 1403.34 14.62 21.61 553.68 2388.06 9065.64 1.3 47.47 522.19 2388.06 8147.9 8.417 0.03 393 2388 100.0 38.94 23.2681
50 103 0.0003 -0.0003 100.0 518.67 642.85 1582.65 1400.92 14.62 21.61 553.6 2388.01 9056.89 1.3 47.51 521.62 2388.1 8134.11 8.4507 0.03 393 2388 100.0 38.97 23.3816
50 104 -0.0032 -0.0004 100.0 518.67 642.49 1579.27 1404.78 14.62 21.61 553.33 2388.09 9065.56 1.3 47.51 521.64 2388.0 8136.44 8.4354 0.03 393 2388 100.0 39.01 23.4468
50 105 0.0005 0.0001 100.0 518.67 642.34 1589.53 1409.11 14.62 21.61 553.18 2388.08 9059.59 1.3 47.48 521.88 2388.09 8137.94 8.4761 0.03 392 2388 100.0 38.87 23.2602
50 106 -0.0028 0.0005 100.0 518.67 642.33 1583.69 1412.13 14.62 21.61 553.23 2388.02 9061.52 1.3 47.47 521.48 2388.03 8140.9 8.4283 0.03 393 2388 100.0 38.96 23.4036
50 107 0.0031 0.0004 100.0 518.67 642.51 1585.64 1407.09 14.62 21.61 553.85 2388.07 9062.32 1.3 47.23 521.88 2387.99 8140.07 8.434 0.03 392 2388 100.0 38.92 23.3264
50 108 0.0027 0.0003 100.0 518.67 642.44 1589.24 1412.81 14.62 21.61 553.02 2388.08 9070.23 1.3 47.61 521.99 2388.08 8139.1 8.4009 0.03 392 2388 100.0 38.83 23.3864
50 109 -0.002 -0.0 100.0 518.67 642.7 1601.75 1401.03 14.62 21.61 553.7 2388.09 9061.82 1.3 47.6 521.36 2388.07 8140.15 8.4437 0.03 394 2388 100.0 38.75 23.4302
50 110 -0.005 0.0005 100.0 518.67 643.12 1584.34 1407.38 14.62 21.61 553.13 2388.07 9066.96 1.3 47.61 521.85 2388.13 8139.44 8.4181 0.03 393 2388 100.0 38.72 23.3093
50 111 -0.0016 -0.0004 100.0 518.67 642.5 1585.15 1411.86 14.62 21.61 553.15 2388.08 9058.11 1.3 47.33 521.45 2388.09 8139.57 8.443 0.03 391 2388 100.0 38.91 23.3784
50 112 -0.0002 0.0002 100.0 518.67 642.42 1592.51 1413.59 14.62 21.61 553.49 2388.08 9055.45 1.3 47.49 521.87 2388.09 8141.43 8.4524 0.03 392 2388 100.0 38.78 23.3538
50 113 0.0 -0.0002 100.0 518.67 643.32 1591.08 1413.11 14.62 21.61 553.26 2388.11 9059.25 1.3 47.67 521.44 2388.05 8136.4 8.4382 0.03 394 2388 100.0 38.85 23.3913
50 114 -0.0014 0.0002 100.0 518.67 642.5 1583.62 1409.35 14.62 21.61 553.48 2388.07 9060.34 1.3 47.53 521.83 2388.12 8135.59 8.4598 0.03 394 2388 100.0 38.8 23.3191
50 115 0.0008 0.0003 100.0 518.67 642.55 1591.67 1414.53 14.62 21.61 553.71 2388.09 9058.09 1.3 47.32 521.49 2388.05 8137.47 8.4687 0.03 393 2388 100.0 38.83 23.3138
50 116 0.0029 -0.0001 100.0 518.67 642.77 1586.66 1407.65 14.62 21.61 553.44 2388.13 9050.78 1.3 47.49 521.2 2388.05 8142.86 8.4459 0.03 394 2388 100.0 38.9 23.2201
50 117 -0.0018 -0.0003 100.0 518.67 642.64 1592.98 1406.18 14.62 21.61 553.46 2388.12 9056.61 1.3 47.54 521.18 2388.13 8136.11 8.4577 0.03 392 2388 100.0 38.61 23.2145
50 118 0.0028 -0.0 100.0 518.67 642.78 1584.81 1403.56 14.62 21.61 553.83 2388.1 9063.89 1.3 47.63 521.28 2388.09 8140.01 8.407 0.03 393 2388 100.0 38.79 23.2991
50 119 -0.0021 0.0002 100.0 518.67 642.76 1591.22 1414.97 14.62 21.61 553.52 2388.14 9060.62 1.3 47.38 521.1 2388.11 8141.47 8.4543 0.03 393 2388 100.0 38.82 23.2952
50 120 -0.0014 -0.0001 100.0 518.67 642.6 1589.89 1409.38 14.62 21.61 553.66 2388.13 9053.86 1.3 47.55 521.39 2388.1 8134.07 8.4464 0.03 393 2388 100.0 38.81 23.3213
50 121 -0.0019 0.0002 100.0 518.67 642.75 1585.67 1406.61 14.62 21.61 552.73 2388.13 9056.94 1.3 47.59 521.53 2388.14 8134.35 8.4445 0.03 394 2388 100.0 38.83 23.1971
50 122 -0.0028 -0.0003 100.0 518.67 642.82 1591.14 1418.51 14.62 21.61 552.61 2388.07 9058.39 1.3 47.66 520.77 2388.12 8133.98 8.4421 0.03 393 2388 100.0 38.75 23.3285
50 123 0.0019 0.0003 100.0 518.67 643.01 1594.64 1405.47 14.62 21.61 553.9 2388.16 9052.11 1.3 47.62 521.2 2388.13 8129.84 8.4502 0.03 394 2388 100.0 38.89 23.2349
50 124 -0.002 0.0004 100.0 518.67 642.87 1585.64 1408.45 14.62 21.61 553.54 2388.16 9054.93 1.3 47.65 521.74 2388.16 8137.34 8.4498 0.03 394 2388 100.0 38.63 23.2876
50 125 0.0009 -0.0004 100.0 518.67 643.02 1590.79 1411.67 14.62 21.61 553.79 2388.17 9056.35 1.3 47.4 521.24 2388.16 8132.87 8.4381 0.03 394 2388 100.0 38.91 23.2699
50 126 0.0014 0.0002 100.0 518.67 643.06 1591.48 1411.98 14.62 21.61 552.81 2388.11 9062.27 1.3 47.77 520.44 2388.17 8134.93 8.4601 0.03 393 2388 100.0 38.69 23.1989
50 127 -0.0017 0.0002 100.0 518.67 642.97 1586.12 1410.06 14.62 21.61 552.8 2388.09 9050.75 1.3 47.51 521.65 2388.12 8137.74 8.4618 0.03 394 2388 100.0 38.88 23.207
50 128 -0.0007 0.0005 100.0 518.67 642.89 1596.32 1411.96 14.62 21.61 553.76 2388.11 9045.19 1.3 47.8 521.46 2388.17 8140.04 8.4228 0.03 394 2388 100.0 38.79 23.3231
50 129 0.0033 0.0003 100.0 518.67 642.73 1587.54 1412.0 14.62 21.61 553.01 2388.16 9051.83 1.3 47.8 521.23 2388.13 8135.1 8.4794 0.03 393 2388 100.0 38.87 23.206
50 130 -0.0028 0.0004 100.0 518.67 642.96 1595.4 1408.43 14.62 21.61 553.15 2388.14 9059.24 1.3 47.78 521.03 2388.09 8134.34 8.444 0.03 394 2388 100.0 38.83 23.2402
50 131 -0.0035 -0.0002 100.0 518.67 642.57 1589.7 1419.08 14.62 21.61 553.03 2388.12 9062.36 1.3 47.66 521.08 2388.09 8133.92 8.4701 0.03 394 2388 100.0 38.72 23.227
50 132 0.0016 0.0004 100.0 518.67 642.96 1594.74 1408.37 14.62 21.61 552.69 2388.13 9056.22 1.3 47.57 520.65 2388.12 8129.08 8.4422 0.03 394 2388 100.0 38.73 23.2956
50 133 0.0007 0.0001 100.0 518.67 642.67 1591.92 1416.33 14.62 21.61 553.38 2388.16 9059.65 1.3 47.74 520.86 2388.14 8128.1 8.4802 0.03 394 2388 100.0 38.73 23.204
50 134 0.0006 0.0002 100.0 518.67 642.93 1593.23 1416.01 14.62 21.61 553.83 2388.18 9051.88 1.3 47.74 520.75 2388.16 8137.09 8.4662 0.03 394 2388 100.0 38.7 23.2741
50 135 -0.0001 -0.0002 100.0 518.67 642.74 1594.17 1417.15 14.62 21.61 553.24 2388.17 9054.01 1.3 47.58 521.09 2388.09 8140.16 8.4844 0.03 394 2388 100.0 38.92 23.1984
50 136 -0.0022 0.0004 100.0 518.67 643.06 1593.9 1416.76 14.62 21.61 552.51 2388.13 9052.19 1.3 47.77 521.13 2388.15 8136.0 8.4085 0.03 395 2388 100.0 38.74 23.3566
50 137 -0.0005 -0.0003 100.0 518.67 643.4 1597.69 1415.35 14.62 21.61 553.33 2388.16 9058.81 1.3 47.85 521.17 2388.21 8129.42 8.4866 0.03 395 2388 100.0 38.85 23.2295
50 138 0.0015 -0.0001 100.0 518.67 643.02 1591.62 1418.24 14.62 21.61 552.77 2388.2 9046.78 1.3 47.82 520.63 2388.19 8127.21 8.4579 0.03 394 2388 100.0 38.51 23.2438
50 139 -0.0026 0.0004 100.0 518.67 642.43 1596.31 1415.06 14.62 21.61 552.47 2388.15 9045.46 1.3 47.8 520.86 2388.21 8126.65 8.4827 0.03 394 2388 100.0 38.57 23.2745
50 140 0.0001 0.0004 100.0 518.67 643.1 1592.63 1419.26 14.62 21.61 552.75 2388.18 9051.96 1.3 47.64 520.63 2388.16 8124.85 8.4507 0.03 393 2388 100.0 38.7 23.2432
50 141 -0.0006 -0.0001 100.0 518.67 642.85 1595.16 1414.95 14.62 21.61 552.94 2388.21 9056.08 1.3 47.75 520.57 2388.16 8128.74 8.4728 0.03 395 2388 100.0 38.68 23.167
50 142 -0.0013 -0.0001 100.0 518.67 643.35 1596.67 1409.08 14.62 21.61 552.63 2388.25 9055.27 1.3 47.86 520.47 2388.2 8122.39 8.4828 0.03 394 2388 100.0 38.82 23.1253
50 143 0.0009 0.0005 100.0 518.67 643.06 1591.62 1418.84 14.62 21.61 552.56 2388.17 9057.2 1.3 47.9 520.47 2388.2 8120.91 8.4814 0.03 395 2388 100.0 38.74 23.1952
50 144 -0.0041 -0.0004 100.0 518.67 643.31 1594.95 1418.74 14.62 21.61 551.64 2388.26 9054.88 1.3 47.8 520.91 2388.25 8125.57 8.4458 0.03 394 2388 100.0 38.64 23.0877
50 145 0.0021 0.0001 100.0 518.67 643.51 1598.97 1422.99 14.62 21.61 551.97 2388.24 9049.32 1.3 47.82 520.71 2388.23 8131.88 8.471 0.03 394 2388 100.0 38.72 23.2165
50 146 -0.0017 0.0003 100.0 518.67 642.74 1595.84 1416.21 14.62 21.61 551.22 2388.25 9052.04 1.3 47.93 520.02 2388.2 8124.16 8.4754 0.03 395 2388 100.0 38.53 23.1925
50 147 0.0031 0.0002 100.0 518.67 643.34 1595.41 1420.45 14.62 21.61 552.33 2388.24 9041.94 1.3 47.9 519.94 2388.16 8124.48 8.5555 0.03 396 2388 100.0 38.72 23.0584
50 148 0.0005 0.0 100.0 518.67 643.13 1596.86 1410.68 14.62 21.61 552.32 2388.18 9045.24 1.3 48.06 520.52 2388.26 8120.67 8.4781 0.03 396 2388 100.0 38.5 23.1013
50 149 -0.0068 0.0003 100.0 518.67 643.35 1596.88 1426.34 14.62 21.61 552.2 2388.22 9054.31 1.3 48.1 519.9 2388.22 8124.73 8.4395 0.03 395 2388 100.0 38.53 23.2029
50 150 -0.0019 0.0002 100.0 518.67 643.72 1598.44 1419.85 14.62 21.61 551.89 2388.22 9046.49 1.3 48.17 519.83 2388.3 8125.56 8.4859 0.03 395 2388 100.0 38.32 23.1697
50 151 0.0002 0.0005 100.0 518.67 643.17 1594.79 1418.86 14.62 21.61 552.22 2388.18 9043.24 1.3 48.01 520.53 2388.25 8117.4 8.5297 0.03 397 2388 100.0 38.68 23.1931
50 152 -0.0021 0.0001 100.0 518.67 643.49 1597.66 1421.52 14.62 21.61 550.71 2388.32 9044.28 1.3 47.96 520.05 2388.29 8120.34 8.4985 0.03 396 2388 100.0 38.36 23.1054
50 153 -0.0022 -0.0003 100.0 518.67 643.26 1595.87 1423.87 14.62 21.61 551.76 2388.28 9042.13 1.3 47.94 520.27 2388.23 8122.55 8.5061 0.03 396 2388 100.0 38.68 23.0599
50 154 0.0016 0.0002 100.0 518.67 643.61 1602.13 1425.74 14.62 21.61 551.21 2388.31 9041.19 1.3 48.16 520.25 2388.22 8119.31 8.544 0.03 395 2388 100.0 38.51 23.1167
50 155 0.0017 0.0004 100.0 518.67 643.48 1595.25 1426.16 14.62 21.61 552.27 2388.25 9040.85 1.3 48.12 520.06 2388.3 8121.26 8.5076 0.03 396 2388 100.0 38.41 23.1122
50 156 0.0007 0.0002 100.0 518.67 643.76 1600.04 1423.02 14.62 21.61 551.48 2388.21 9052.18 1.3 48.16 520.22 2388.26 8123.33 8.5095 0.03 396 2388 100.0 38.47 23.1565
50 157 0.0011 0.0004 100.0 518.67 643.44 1600.75 1420.61 14.62 21.61 551.34 2388.23 9038.45 1.3 48.31 519.93 2388.33 8123.3 8.494 0.03 395 2388 100.0 38.45 23.0606
50 158 0.001 0.0002 100.0 518.67 643.77 1604.93 1422.92 14.62 21.61 551.44 2388.31 9041.53 1.3 48.07 519.49 2388.25 8116.58 8.5273 0.03 396 2388 100.0 38.56 23.1199
50 159 -0.0018 0.0003 100.0 518.67 643.3 1605.88 1431.36 14.62 21.61 551.55 2388.25 9049.68 1.3 48.24 520.17 2388.27 8116.15 8.5199 0.03 394 2388 100.0 38.6 23.0053
50 160 0.0026 -0.0001 100.0 518.67 643.79 1600.81 1434.32 14.62 21.61 551.27 2388.28 9050.44 1.3 48.15 519.67 2388.29 8119.71 8.5004 0.03 397 2388 100.0 38.41 23.1993
50 161 -0.0024 -0.0 100.0 518.67 643.94 1604.0 1439.12 14.62 21.61 551.67 2388.33 9040.55 1.3 48.21 519.65 2388.33 8120.68 8.5676 0.03 397 2388 100.0 38.3 23.1358
75 1 35.0026 0.84 100.0 449.44 555.94 1374.3 1127.47 5.48 8.0 194.75 2222.94 8348.41 1.02 41.98 182.94 2388.01 8066.91 9.3213 0.02 334 2223 100.0 14.84 8.904
75 2 42.0066 0.8417 100.0 445.0 549.94 1359.22 1126.38 3.91 5.71 137.99 2211.83 8322.37 1.02 42.25 130.43 2387.95 8087.85 9.3574 0.02 329 2212 100.0 10.57 6.4029
75 3 24.9984 0.62 60.0 462.54 536.86 1270.71 1044.45 7.05 9.03 175.41 1915.38 8007.23 0.94 36.79 164.73 2028.23 7876.63 10.9254 0.02 307 1915 84.93 14.32 8.5305
75 4 25.0007 0.62 60.0 462.54 536.62 1258.77 1055.28 7.05 9.02 175.45 1915.29 8007.55 0.94 36.66 164.5 2028.19 7879.41 10.8986 0.02 308 1915 84.93 14.13 8.5654
75 5 25.0013 0.62 60.0 462.54 536.87 1263.01 1056.39 7.05 9.03 175.98 1915.32 8003.84 0.94 36.85 164.47 2028.22 7867.4 10.919 0.02 307 1915 84.93 14.4 8.5247
75 6 10.0019 0.25 100.0 489.05 604.8 1501.8 1310.25 10.52 15.49 393.63 2318.94 8774.25 1.26 45.61 371.83 2388.16 8133.93 8.6685 0.03 370 2319 100.0 28.56 17.0851
75 7 20.0012 0.7 100.0 491.19 607.53 1483.16 1254.07 9.35 13.66 334.27 2324.03 8724.47 1.08 44.64 314.57 2388.12 8059.99 9.2091 0.03 366 2324 100.0 24.53 14.6662
75 8 10.0027 0.25 100.0 489.05 604.81 1497.63 1315.96 10.52 15.5 393.77 2318.98 8783.52 1.26 45.49 371.66 2388.13 8125.37 8.6885 0.03 370 2319 100.0 28.52 17.1866
75 9 35.0031 0.84 100.0 449.44 555.9 1368.22 1131.86 5.48 8.0 193.77 2222.94 8352.73 1.02 41.97 182.42 2388.0 8063.57 9.3438 0.02 334 2223 100.0 14.81 8.8869
75 10 42.0033 0.8408 100.0 445.0 549.38 1361.66 1123.43 3.91 5.72 139.51 2211.9 8327.93 1.02 42.16 130.99 2387.99 8086.56 9.4159 0.02 332 2212 100.0 10.61 6.3662
75 11 25.0043 0.621 60.0 462.54 536.98 1261.59 1047.09 7.05 9.03 176.46 1915.3 8006.35 0.94 36.91 164.41 2028.14 7873.77 10.9006 0.02 309 1915 84.93 14.32 8.4463
75 12 0.0014 0.0008 100.0 518.67 643.0 1595.83 1406.75 14.62 21.61 553.63 2388.11 9053.5 1.3 47.38 521.22 2388.15 8129.82 8.4531 0.03 394 2388 100.0 38.87 23.1413
75 13 42.0046 0.84 100.0 445.0 550.19 1353.83 1132.25 3.91 5.72 138.44 2211.88 8316.52 1.02 42.2 130.5 2387.91 8084.59 9.3886 0.02 330 2212 100.0 10.54 6.3872
75 14 10.0011 0.25 100.0 489.05 604.71 1500.4 1307.72 10.52 15.49 394.63 2318.98 8780.87 1.26 45.44 371.41 2388.19 8124.87 8.687 0.03 372 2319 100.0 28.47 17.0968
75 15 25.0014 0.6207 60.0 462.54 536.19 1262.28 1051.31 7.05 9.03 174.91 1915.24 8004.5 0.94 36.96 164.68 2028.15 7874.75 10.9108 0.02 309 1915 84.93 14.39 8.5189
75 16 41.999 0.8405 100.0 445.0 550.05 1355.74 1125.38 3.91 5.72 139.36 2211.83 8324.37 1.02 42.16 130.55 2387.9 8085.32 9.3976 0.02 330 2212 100.0 10.65 6.3937
75 17 41.9986 0.8417 100.0 445.0 550.06 1352.28 1131.18 3.91 5.72 138.57 2211.84 8324.2 1.02 42.41 130.2 2387.9 8080.14 9.395 0.02 333 2212 100.0 10.54 6.4321
75 18 10.0051 0.2514 100.0 489.05 605.11 1494.69 1308.34 10.52 15.5 394.21 2318.98 8782.24 1.26 45.43 371.11 2388.22 8125.94 8.6783 0.03 370 2319 100.0 28.52 17.048
75 19 42.0037 0.8417 100.0 445.0 549.12 1350.52 1131.99 3.91 5.72 139.28 2211.9 8322.3 1.02 42.35 130.65 2387.96 8088.96 9.4032 0.02 329 2212 100.0 10.44 6.4793
75 20 0.001 0.0 100.0 518.67 642.96 1589.32 1407.39 14.62 21.61 553.07 2388.17 9061.16 1.3 47.48 520.91 2388.13 8134.34 8.4501 0.03 392 2388 100.0 38.8 23.2678
75 21 20.0076 0.7007 100.0 491.19 607.68 1487.99 1249.74 9.35 13.66 333.48 2323.92 8716.31 1.08 44.56 314.37 2388.15 8057.08 9.2655 0.02 367 2324 100.0 24.42 14.6208
75 22 35.0075 0.841 100.0 449.44 555.58 1363.0 1138.91 5.48 8.0 194.54 2222.91 8354.73 1.02 42.09 182.75 2388.03 8064.16 9.3328 0.02 334 2223 100.0 14.92 8.9772
75 23 19.9995 0.7 100.0 491.19 607.71 1485.13 1246.44 9.35 13.66 334.35 2324.04 8725.91 1.08 44.43 314.79 2388.12 8058.85 9.215 0.02 365 2324 100.0 24.71 14.5655
75 24 0.0024 0.0 100.0 518.67 642.41 1584.81 1412.96 14.62 21.61 553.48 2388.18 9063.9 1.3 47.64 521.61 2388.14 8136.12 8.416 0.03 393 2388 100.0 38.76 23.2462
75 25 20.0038 0.7 100.0 491.19 607.41 1483.36 1252.29 9.35 13.66 334.86 2323.96 8725.53 1.08 44.55 314.66 2388.12 8056.58 9.2001 0.02 365 2324 100.0 24.31 14.6426
75 26 42.0047 0.84 100.0 445.0 549.86 1356.72 1128.69 3.91 5.71 139.15 2211.87 8324.9 1.02 42.23 130.29 2387.93 8084.01 9.4044 0.02 330 2212 100.0 10.71 6.2852
75 27 35.0042 0.84 100.0 449.44 555.71 1369.67 1134.0 5.48 8.0 194.32 2222.92 8352.17 1.02 42.16 182.77 2388.02 8065.18 9.3415 0.02 335 2223 100.0 14.86 8.9163
75 28 42.0001 0.8417 100.0 445.0 549.4 1355.14 1130.15 3.91 5.71 138.99 2211.87 8318.82 1.02 42.17 130.07 2387.88 8087.34 9.4009 0.02 333 2212 100.0 10.61 6.3636
75 29 42.0007 0.84 100.0 445.0 549.84 1360.82 1129.69 3.91 5.72 138.57 2211.82 8324.54 1.02 42.19 130.47 2387.88 8088.73 9.3883 0.02 330 2212 100.0 10.78 6.4011
75 30 42.0004 0.84 100.0 445.0 549.57 1352.88 1128.3 3.91 5.72 137.99 2211.86 8326.99 1.02 42.3 130.77 2388.05 8083.53 9.3844 0.02 331 2212 100.0 10.61 6.3498
75 31 42.0052 0.8403 100.0 445.0 549.91 1355.47 1126.74 3.91 5.71 138.91 2211.84 8322.72 1.02 42.16 130.46 2387.95 8083.23 9.3807 0.02 331 2212 100.0 10.53 6.3654
75 32 25.0051 0.62 60.0 462.54 536.99 1262.46 1047.18 7.05 9.03 175.21 1915.36 8012.42 0.94 36.92 164.32 2028.16 7873.78 10.9197 0.02 309 1915 84.93 14.26 8.5842
75 33 25.0074 0.621 60.0 462.54 536.97 1250.43 1054.36 7.05 9.03 175.34 1915.34 8007.44 0.94 36.68 164.67 2028.18 7869.36 10.9144 0.02 308 1915 84.93 14.13 8.5183
75 34 25.0032 0.6209 60.0 462.54 537.17 1260.8 1053.99 7.05 9.03 176.51 1915.35 8013.67 0.94 36.87 164.43 2028.19 7879.08 10.9306 0.02 309 1915 84.93 14.05 8.6331
75 35 10.0034 0.25 100.0 489.05 605.18 1503.85 1315.51 10.52 15.5 394.08 2318.97 8780.06 1.26 45.46 371.57 2388.17 8133.96 8.6541 0.03 370 2319 100.0 28.35 17.1938
75 36 25.0023 0.6213 60.0 462.54 537.22 1260.56 1053.97 7.05 9.03 175.55 1915.34 8010.35 0.94 36.8 164.59 2028.23 7881.83 10.9355 0.02 307 1915 84.93 14.42 8.5529
75 37 10.0022 0.25 100.0 489.05 604.52 1500.08 1304.69 10.52 15.5 394.45 2318.97 8782.58 1.26 45.51 371.29 2388.19 8131.21 8.6453 0.03 371 2319 100.0 28.68 17.1543
75 38 19.9993 0.7004 100.0 491.19 607.95 1497.52 1257.23 9.35 13.65 334.55 2324.03 8733.49 1.08 44.44 314.78 2388.13 8061.43 9.2603 0.02 367 2324 100.0 24.71 14.72
75 39 42.0058 0.84 100.0 445.0 549.93 1352.28 1126.1 3.91 5.71 138.54 2211.87 8325.07 1.02 42.06 129.92 2387.93 8086.15 9.3619 0.02 332 2212 100.0 10.64 6.3024
75 40 42.0037 0.84 100.0 445.0 549.98 1349.9 1124.55 3.91 5.72 138.17 2211.87 8317.77 1.02 42.22 130.2 2387.95 8082.7 9.3619 0.02 332 2212 100.0 10.7 6.2555
75 41 42.0024 0.8409 100.0 445.0 549.66 1352.55 1131.84 3.91 5.72 138.58 2211.85 8325.17 1.02 42.28 129.45 2387.91 8088.3 9.4167 0.02 332 2212 100.0 10.58 6.2462
75 42 20.0034 0.7013 100.0 491.19 607.65 1482.85 1247.32 9.35 13.66 334.2 2323.98 8728.9 1.08 44.44 314.47 2388.13 8061.95 9.2221 0.02 364 2324 100.0 24.23 14.7345
75 43 19.9989 0.7 100.0 491.19 607.6 1485.1 1257.04 9.35 13.66 333.78 2323.94 8728.83 1.08 44.49 314.67 2388.13 8057.91 9.2587 0.02 364 2324 100.0 24.41 14.7013
75 44 19.9981 0.7001 100.0 491.19 607.93 1478.79 1256.95 9.35 13.66 334.49 2323.96 8722.62 1.08 44.45 314.62 2388.08 8057.93 9.2459 0.02 366 2324 100.0 24.48 14.7201
75 45 9.9991 0.2515 100.0 489.05 605.45 1505.48 1315.96 10.52 15.49 393.81 2318.95 8775.89 1.26 45.41 371.11 2388.17 8128.55 8.6688 0.03 368 2319 100.0 28.48 17.2184
75 46 9.9989 0.2519 100.0 489.05 604.78 1502.77 1313.49 10.52 15.5 393.87 2319.05 8780.23 1.26 45.51 370.78 2388.19 8126.9 8.6691 0.03 369 2319 100.0 28.38 17.0359
75 47 35.0041 0.8408 100.0 449.44 555.63 1375.01 1134.59 5.48 8.0 194.41 2222.95 8349.71 1.02 42.08 183.0 2388.05 8070.56 9.3526 0.02 333 2223 100.0 14.67 8.829
75 48 10.0027 0.2501 100.0 489.05 605.12 1503.25 1308.3 10.52 15.49 394.7 2318.97 8784.69 1.26 45.47 371.48 2388.16 8133.97 8.6665 0.03 370 2319 100.0 28.53 17.1432
75 49 25.0021 0.6203 60.0 462.54 536.82 1263.36 1055.49 7.05 9.03 174.96 1915.36 8009.36 0.94 36.77 164.77 2028.19 7875.03 10.901 0.02 307 1915 84.93 14.3 8.561
75 50 10.0046 0.25 100.0 489.05 604.62 1501.35 1318.48 10.52 15.5 394.15 2318.99 8776.93 1.26 45.57 371.7 2388.19 8131.92 8.6643 0.03 370 2319 100.0 28.48 17.2045
75 51 42.0014 0.8418 100.0 445.0 549.71 1355.19 1128.29 3.91 5.72 138.08 2211.89 8323.87 1.02 42.25 130.52 2387.97 8087.0 9.3845 0.02 332 2212 100.0 10.61 6.3727
75 52 0.0012 0.0 100.0 518.67 642.96 1595.25 1417.31 14.62 21.61 553.53 2388.13 9053.37 1.3 47.66 521.32 2388.08 8140.0 8.3933 0.03 395 2388 100.0 38.62 23.2396
75 53 42.0011 0.8403 100.0 445.0 549.34 1362.65 1135.98 3.91 5.71 138.74 2211.83 8323.04 1.02 42.24 131.16 2387.91 8081.42 9.385 0.02 332 2212 100.0 10.58 6.2508
75 54 20.0064 0.7 100.0 491.19 607.87 1488.85 1255.18 9.35 13.66 334.1 2324.05 8728.49 1.08 44.51 315.55 2388.11 8062.93 9.2587 0.02 363 2324 100.0 24.56 14.721
75 55 42.0027 0.8413 100.0 445.0 550.03 1352.64 1129.78 3.91 5.72 139.01 2211.92 8319.9 1.02 42.17 131.56 2387.88 8084.73 9.3531 0.02 332 2212 100.0 10.53 6.3173
75 56 42.0024 0.84 100.0 445.0 550.18 1359.9 1129.38 3.91 5.71 138.5 2211.81 8318.74 1.02 42.12 130.17 2387.95 8080.45 9.4119 0.02 331 2212 100.0 10.42 6.3052
75 57 10.0069 0.25 100.0 489.05 604.82 1500.08 1317.43 10.52 15.49 394.35 2318.98 8778.12 1.26 45.31 371.04 2388.21 8132.64 8.6587 0.03 370 2319 100.0 28.48 17.1442
75 58 20.0004 0.7009 100.0 491.19 607.6 1484.16 1261.55 9.35 13.66 334.94 2324.02 8723.69 1.08 44.34 314.71 2388.19 8060.78 9.227 0.02 366 2324 100.0 24.5 14.6942
75 59 20.0073 0.702 100.0 491.19 607.46 1483.68 1255.73 9.35 13.66 334.72 2323.97 8722.09 1.08 44.56 314.09 2388.17 8062.17 9.2382 0.02 366 2324 100.0 24.48 14.6492
75 60 25.0047 0.6205 60.0 462.54 536.91 1263.91 1052.02 7.05 9.03 175.96 1915.32 8020.25 0.94 36.83 164.22 2028.21 7874.36 10.9245 0.02 308 1915 84.93 14.35 8.6569
75 61 25.003 0.6213 60.0 462.54 536.47 1266.11 1051.76 7.05 9.03 175.96 1915.43 8015.61 0.94 36.8 164.01 2028.25 7871.58 10.9159 0.02 308 1915 84.93 14.23 8.403
75 62 42.0073 0.8405 100.0 445.0 549.65 1352.51 1123.59 3.91 5.72 138.94 2211.83 8322.43 1.02 42.1 130.36 2387.96 8086.7 9.3859 0.02 333 2212 100.0 10.61 6.4334
75 63 20.0 0.7012 100.0 491.19 607.81 1481.98 1255.08 9.35 13.66 334.43 2324.04 8720.65 1.08 44.54 314.81 2388.18 8065.17 9.2609 0.02 366 2324 100.0 24.23 14.6307
75 64 25.0064 0.6209 60.0 462.54 537.11 1265.47 1055.02 7.05 9.02 175.44 1915.4 8012.34 0.94 36.87 164.48 2028.26 7873.1 10.9027 0.02 307 1915 84.93 14.16 8.657
75 65 0.0005 0.0014 100.0 518.67 643.11 1590.63 1403.74 14.62 21.61 552.98 2388.12 9056.3 1.3 47.53 520.85 2388.08 8133.47 8.4011 0.03 392 2388 100.0 38.82 23.28
75 66 42.0041 0.8418 100.0 445.0 549.68 1351.95 1131.84 3.91 5.72 138.32 2211.87 8325.91 1.02 42.39 130.28 2387.97 8081.06 9.372 0.02 329 2212 100.0 10.62 6.3382
75 67 10.0073 0.25 100.0 489.05 604.95 1500.99 1308.11 10.52 15.5 394.89 2318.95 8785.26 1.26 45.64 371.24 2388.18 8134.53 8.6932 0.03 369 2319 100.0 28.42 17.1215
75 68 0.0001 0.002 100.0 518.67 642.4 1592.62 1419.14 14.62 21.61 553.65 2388.15 9057.59 1.3 47.62 521.85 2388.15 8132.83 8.4564 0.03 394 2388 100.0 38.79 23.2376
75 69 9.9998 0.2508 100.0 489.05 605.22 1500.42 1314.65 10.52 15.49 394.77 2319.03 8788.85 1.26 45.43 371.36 2388.23 8131.95 8.6575 0.03 370 2319 100.0 28.41 17.1056
75 70 0.001 0.0003 100.0 518.67 642.62 1587.17 1411.04 14.62 21.61 553.21 2388.07 9060.54 1.3 47.65 520.96 2388.11 8141.73 8.457 0.03 394 2388 100.0 38.9 23.3364
75 71 35.0003 0.84 100.0 449.44 556.15 1365.95 1138.22 5.48 8.0 194.67 2222.94 8351.09 1.02 42.03 182.85 2388.03 8067.96 9.3177 0.02 335 2223 100.0 14.85 9.0002
75 72 35.0069 0.84 100.0 449.44 555.62 1366.72 1131.88 5.48 8.0 193.88 2222.96 8351.34 1.02 42.11 182.61 2388.08 8073.48 9.3599 0.02 334 2223 100.0 14.88 8.9704
75 73 10.0024 0.25 100.0 489.05 604.83 1498.31 1312.41 10.52 15.49 394.38 2319.0 8780.0 1.26 45.56 371.72 2388.19 8128.18 8.6767 0.03 369 2319 100.0 28.48 17.0599
75 74 19.9995 0.7 100.0 491.19 607.72 1485.83 1256.19 9.35 13.66 334.62 2323.99 8729.61 1.08 44.58 314.71 2388.16 8066.02 9.2724 0.02 366 2324 100.0 24.4 14.596
75 75 34.9995 0.84 100.0 449.44 555.95 1372.4 1133.35 5.48 8.0 194.61 2223.0 8357.2 1.02 42.1 182.93 2388.05 8068.36 9.3563 0.02 336 2223 100.0 14.68 8.8834
75 76 42.0061 0.84 100.0 445.0 549.73 1360.71 1129.59 3.91 5.72 138.1 2211.89 8322.56 1.02 42.43 130.91 2387.96 8082.45 9.4001 0.02 331 2212 100.0 10.54 6.3074
75 77 25.0018 0.62 60.0 462.54 536.68 1260.66 1049.49 7.05 9.03 175.6 1915.31 8009.87 0.94 36.83 164.24 2028.25 7870.95 10.9393 0.02 307 1915 84.93 14.45 8.5293
75 78 34.9982 0.84 100.0 449.44 555.45 1362.38 1138.04 5.48 8.0 194.5 2223.0 8352.32 1.02 42.13 182.83 2388.05 8069.75 9.3602 0.02 335 2223 100.0 14.69 8.8831
75 79 0.0017 0.0007 100.0 518.67 642.94 1584.69 1417.73 14.62 21.61 553.12 2388.13 9064.94 1.3 47.53 521.41 2388.11 8138.56 8.4436 0.03 393 2388 100.0 38.8 23.3675
75 80 0.0018 0.0 100.0 518.67 642.59 1592.66 1407.7 14.62 21.61 552.33 2388.16 9058.96 1.3 47.45 521.04 2388.15 8139.58 8.4572 0.03 393 2388 100.0 38.65 23.288
75 81 0.0022 0.0 100.0 518.67 642.49 1589.09 1411.45 14.62 21.61 554.01 2388.13 9055.85 1.3 47.6 521.33 2388.11 8136.29 8.4652 0.03 393 2388 100.0 38.74 23.1759
75 82 42.0052 0.84 100.0 445.0 550.21 1354.67 1129.8 3.91 5.71 138.28 2211.92 8329.34 1.02 42.26 130.32 2387.92 8091.24 9.4007 0.02 332 2212 100.0 10.64 6.4371
75 83 42.0077 0.84 100.0 445.0 550.03 1352.47 1131.1 3.91 5.72 138.33 2211.97 8318.63 1.02 42.1 130.27 2387.97 8090.24 9.3658 0.02 331 2212 100.0 10.77 6.3824
75 84 10.0065 0.2506 100.0 489.05 604.84 1503.66 1317.56 10.52 15.49 394.22 2318.95 8781.6 1.26 45.4 371.38 2388.14 8131.53 8.6389 0.03 372 2319 100.0 28.51 17.0412
75 85 20.0036 0.7017 100.0 491.19 607.69 1495.7 1259.06 9.35 13.66 334.56 2324.02 8724.47 1.08 44.49 314.72 2388.18 8058.02 9.2498 0.02 366 2324 100.0 24.58 14.7341
75 86 0.0002 0.0012 100.0 518.67 642.89 1583.38 1415.03 14.62 21.61 553.72 2388.15 9061.38 1.3 47.62 521.17 2388.16 8145.4 8.4335 0.03 394 2388 100.0 38.85 23.2781
75 87 35.0047 0.84 100.0 449.44 555.9 1372.88 1136.7 5.48 8.0 194.65 2222.98 8355.86 1.02 42.04 183.28 2388.08 8071.41 9.3857 0.02 335 2223 100.0 14.73 8.8455
75 88 42.007 0.84 100.0 445.0 549.83 1351.9 1129.68 3.91 5.72 138.39 2211.94 8325.53 1.02 42.09 129.79 2388.0 8088.28 9.3974 0.02 332 2212 100.0 10.52 6.3383
75 89 20.0035 0.7016 100.0 491.19 607.79 1485.43 1258.26 9.35 13.66 334.09 2324.05 8725.67 1.08 44.5 314.9 2388.15 8066.19 9.2595 0.03 367 2324 100.0 24.47 14.6685
75 90 25.0068 0.6211 60.0 462.54 536.8 1263.67 1046.97 7.05 9.03 175.66 1915.39 8024.04 0.94 37.06 164.53 2028.26 7872.3 10.895 0.02 308 1915 84.93 14.1 8.4819
75 91 24.9999 0.6204 60.0 462.54 537.01 1266.35 1043.82 7.05 9.03 175.33 1915.46 8013.62 0.94 36.8 164.74 2028.31 7876.29 10.8591 0.02 309 1915 84.93 14.34 8.5657
75 92 10.0042 0.2515 100.0 489.05 604.98 1502.02 1316.6 10.52 15.49 394.03 2318.96 8778.79 1.26 45.51 371.46 2388.18 8128.26 8.6851 0.03 370 2319 100.0 28.57 17.1112
75 93 10.0011 0.25 100.0 489.05 605.27 1499.85 1315.84 10.52 15.5 393.64 2319.01 8781.87 1.26 45.75 370.97 2388.19 8128.01 8.6817 0.03 369 2319 100.0 28.44 17.0271
75 94 20.0041 0.7017 100.0 491.19 608.2 1488.56 1255.35 9.35 13.65 333.53 2324.01 8729.51 1.08 44.34 314.76 2388.14 8060.34 9.2681 0.03 364 2324 100.0 24.35 14.4856
75 95 0.0001 0.0 100.0 518.67 643.01 1594.17 1409.29 14.62 21.61 553.11 2388.08 9057.47 1.3 47.38 521.13 2388.1 8138.3 8.4333 0.03 393 2388 100.0 38.58 23.1938
75 96 10.0001 0.2519 100.0 489.05 604.5 1499.82 1315.38 10.52 15.49 394.78 2319.01 8775.91 1.26 45.52 370.94 2388.16 8130.72 8.7234 0.03 369 2319 100.0 28.46 17.1567
75 97 10.0068 0.2514 100.0 489.05 604.92 1500.3 1310.11 10.52 15.49 393.69 2318.97 8783.06 1.26 45.41 371.06 2388.2 8136.03 8.6948 0.03 370 2319 100.0 28.57 17.1538
75 98 34.9994 0.84 100.0 449.44 556.2 1369.09 1129.64 5.48 8.0 194.46 2223.03 8358.44 1.02 42.25 182.66 2388.17 8075.06 9.3419 0.02 335 2223 100.0 14.74 8.8698
75 99 35.0029 0.84 100.0 449.44 556.31 1372.75 1134.99 5.48 8.0 194.07 2223.01 8350.2 1.02 42.15 182.76 2388.12 8073.41 9.344 0.02 334 2223 100.0 14.89 8.9229
75 100 34.9984 0.8417 100.0 449.44 556.2 1368.77 1131.66 5.48 8.0 194.17 2222.99 8360.23 1.02 41.99 183.01 2388.12 8070.86 9.3275 0.02 334 2223 100.0 14.87 8.9999
75 101 10.0069 0.25 100.0 489.05 604.97 1504.32 1313.86 10.52 15.5 393.9 2318.97 8787.96 1.26 45.69 371.13 2388.24 8136.7 8.6855 0.03 371 2319 100.0 28.39 17.0513
75 102 25.0038 0.62 60.0 462.54 536.85 1263.27 1046.06 7.05 9.03 175.27 1915.35 8014.08 0.94 36.91 164.85 2028.29 7880.5 10.8709 0.02 308 1915 84.93 14.23 8.611
75 103 0.001 0.0 100.0 518.67 642.87 1594.87 1407.35 14.62 21.61 552.86 2388.12 9056.82 1.3 47.75 521.16 2388.1 8141.63 8.436 0.03 393 2388 100.0 38.63 23.1909
75 104 19.9982 0.701 100.0 491.19 607.96 1486.07 1259.22 9.35 13.66 334.44 2324.12 8726.05 1.08 44.56 314.55 2388.15 8058.65 9.2774 0.02 366 2324 100.0 24.41 14.7636
75 105 10.0036 0.2513 100.0 489.05 605.41 1503.6 1317.35 10.52 15.5 394.17 2318.99 8782.88 1.26 45.37 371.81 2388.2 8140.92 8.6423 0.03 369 2319 100.0 28.61 17.0255
75 106 25.0001 0.62 60.0 462.54 537.54 1266.54 1061.81 7.05 9.03 175.68 1915.42 8015.54 0.94 36.99 164.42 2028.3 7877.81 10.9189 0.02 308 1915 84.93 14.1 8.5157
75 107 0.0011 0.0 100.0 518.67 642.39 1589.55 1413.59 14.62 21.61 552.85 2388.16 9064.22 1.3 47.69 521.03 2388.11 8137.1 8.4395 0.03 393 2388 100.0 38.75 23.2871
75 108 42.0046 0.84 100.0 445.0 549.82 1357.27 1118.19 3.91 5.72 138.62 2211.98 8327.12 1.02 42.22 130.79 2388.01 8090.69 9.3945 0.02 332 2212 100.0 10.6 6.3371
75 109 42.0011 0.84 100.0 445.0 549.55 1356.46 1130.52 3.91 5.72 138.35 2211.94 8321.77 1.02 42.29 130.1 2388.0 8087.85 9.3998 0.02 332 2212 100.0 10.46 6.3795
75 110 42.001 0.8401 100.0 445.0 549.83 1356.66 1124.13 3.91 5.71 138.97 2212.04 8335.37 1.02 42.35 130.44 2388.08 8095.43 9.3328 0.02 332 2212 100.0 10.57 6.3769
75 111 0.0013 0.0005 100.0 518.67 643.01 1595.87 1409.96 14.62 21.61 553.1 2388.12 9061.06 1.3 47.54 521.25 2388.11 8143.82 8.4345 0.03 394 2388 100.0 38.75 23.2755
75 112 41.9992 0.84 100.0 445.0 549.88 1349.85 1127.82 3.91 5.72 138.93 2211.95 8331.53 1.02 42.33 130.36 2388.02 8092.47 9.3976 0.02 331 2212 100.0 10.61 6.3347
75 113 25.0016 0.62 60.0 462.54 537.04 1270.75 1056.76 7.05 9.03 175.74 1915.38 8012.18 0.94 36.72 164.25 2028.34 7884.72 10.9487 0.02 310 1915 84.93 14.35 8.4208
75 114 25.0051 0.62 60.0 462.54 537.14 1262.56 1057.9 7.05 9.03 175.35 1915.43 8013.12 0.94 36.94 164.68 2028.37 7879.45 10.9456 0.02 307 1915 84.93 14.47 8.6167
75 115 25.0006 0.6205 60.0 462.54 537.16 1266.61 1057.45 7.05 9.03 175.42 1915.41 8014.83 0.94 36.87 164.35 2028.31 7878.85 10.9293 0.02 306 1915 84.93 14.21 8.5728
75 116 25.0073 0.62 60.0 462.54 536.81 1272.3 1053.96 7.05 9.03 175.79 1915.43 8021.53 0.94 37.01 165.09 2028.33 7883.68 10.9148 0.02 307 1915 84.93 14.19 8.5344
75 117 42.0065 0.8401 100.0 445.0 550.2 1353.03 1131.7 3.91 5.72 138.6 2211.96 8326.24 1.02 42.28 130.92 2388.01 8095.0 9.4074 0.02 332 2212 100.0 10.57 6.3659
75 118 42.0029 0.84 100.0 445.0 550.33 1355.53 1134.61 3.91 5.72 138.5 2212.0 8329.59 1.02 42.36 130.28 2388.02 8097.56 9.4138 0.02 332 2212 100.0 10.79 6.3191
75 119 42.0033 0.8409 100.0 445.0 549.58 1360.94 1130.66 3.91 5.71 138.61 2212.05 8331.06 1.02 42.12 129.69 2388.09 8090.14 9.4006 0.02 332 2212 100.0 10.68 6.2849
75 120 42.0012 0.84 100.0 445.0 550.15 1367.34 1138.29 3.91 5.72 139.08 2211.99 8326.83 1.02 42.27 130.1 2388.06 8093.71 9.3488 0.02 330 2212 100.0 10.49 6.4617
75 121 42.0038 0.8401 100.0 445.0 550.27 1348.1 1132.4 3.91 5.71 138.66 2211.91 8330.24 1.02 42.41 130.91 2388.04 8088.5 9.399 0.02 333 2212 100.0 10.37 6.3899
75 122 10.0038 0.251 100.0 489.05 604.96 1504.96 1321.25 10.52 15.49 394.13 2319.0 8782.7 1.26 45.45 371.01 2388.18 8135.97 8.6826 0.03 371 2319 100.0 28.48 17.0504
75 123 35.0051 0.8414 100.0 449.44 556.0 1360.0 1138.93 5.48 8.0 194.17 2223.06 8365.1 1.02 42.23 183.19 2388.11 8073.67 9.3972 0.02 337 2223 100.0 14.79 8.8139
75 124 42.0033 0.8416 100.0 445.0 550.19 1355.02 1133.86 3.91 5.72 138.96 2212.02 8333.77 1.02 42.17 130.46 2388.12 8090.37 9.4 0.02 331 2212 100.0 10.55 6.4401
75 125 19.9987 0.7 100.0 491.19 607.71 1491.83 1257.2 9.35 13.66 334.04 2324.13 8732.79 1.08 44.46 315.3 2388.24 8063.36 9.2403 0.02 365 2324 100.0 24.34 14.5946
75 126 34.9982 0.8406 100.0 449.44 555.85 1372.11 1142.4 5.48 8.0 195.03 2223.06 8359.01 1.02 41.98 182.34 2388.13 8070.59 9.3562 0.02 334 2223 100.0 14.99 8.9004
75 127 35.0042 0.8417 100.0 449.44 555.81 1372.12 1135.84 5.48 8.0 193.98 2223.03 8352.93 1.02 41.93 182.67 2388.17 8069.85 9.3675 0.02 334 2223 100.0 14.87 8.905
75 128 24.9987 0.6206 60.0 462.54 536.94 1262.83 1045.02 7.05 9.03 175.92 1915.34 8011.66 0.94 36.77 165.08 2028.39 7887.26 10.9242 0.02 308 1915 84.93 14.4 8.5486
75 129 10.0066 0.25 100.0 489.05 605.3 1513.25 1319.06 10.52 15.5 393.46 2319.03 8791.05 1.26 45.73 371.37 2388.2 8138.61 8.6919 0.03 370 2319 100.0 28.38 17.1504
75 130 24.9993 0.6206 60.0 462.54 536.47 1257.86 1051.51 7.05 9.03 175.87 1915.45 8025.14 0.94 36.97 164.83 2028.36 7883.05 10.9553 0.02 307 1915 84.93 14.33 8.5907
75 131 25.0038 0.62 60.0 462.54 536.73 1264.26 1054.48 7.05 9.03 175.25 1915.47 8019.26 0.94 36.88 164.62 2028.36 7882.13 10.9584 0.02 310 1915 84.93 14.1 8.5544
75 132 9.9986 0.25 100.0 489.05 605.33 1501.31 1312.62 10.52 15.5 393.72 2318.98 8784.39 1.26 45.74 370.91 2388.23 8138.13 8.6791 0.03 371 2319 100.0 28.53 17.1231
75 133 0.0018 0.0 100.0 518.67 642.76 1596.41 1419.5 14.62 21.61 553.0 2388.13 9069.48 1.3 47.71 521.46 2388.13 8142.52 8.4357 0.03 392 2388 100.0 38.62 23.2663
75 134 25.0003 0.62 60.0 462.54 536.79 1262.16 1059.72 7.05 9.03 175.58 1915.45 8018.91 0.94 36.73 164.75 2028.35 7888.88 10.9147 0.02 307 1915 84.93 14.26 8.4063
75 135 35.0059 0.84 100.0 449.44 556.44 1372.4 1130.7 5.48 8.0 194.25 2223.17 8360.35 1.02 41.83 182.78 2388.22 8076.3 9.3485 0.02 335 2223 100.0 14.77 8.9092
75 136 35.0023 0.8416 100.0 449.44 556.48 1367.65 1130.64 5.48 8.0 194.41 2223.12 8360.32 1.02 42.08 182.65 2388.19 8072.69 9.3556 0.02 334 2223 100.0 14.73 8.8192
75 137 10.0076 0.2519 100.0 489.05 604.92 1509.22 1319.03 10.52 15.49 393.63 2319.02 8794.18 1.26 45.59 370.85 2388.18 8136.57 8.692 0.03 372 2319 100.0 28.58 17.0965
75 138 0.0015 0.0 100.0 518.67 642.84 1593.51 1412.41 14.62 21.61 552.97 2388.13 9060.97 1.3 47.73 521.14 2388.12 8147.36 8.4546 0.03 394 2388 100.0 38.72 23.1959
75 139 42.0019 0.8415 100.0 445.0 549.76 1350.45 1129.27 3.91 5.72 138.04 2212.03 8331.65 1.02 42.21 130.84 2388.11 8093.15 9.3994 0.02 331 2212 100.0 10.43 6.21
75 140 0.0022 0.0008 100.0 518.67 642.91 1595.02 1420.23 14.62 21.61 553.44 2388.12 9063.53 1.3 47.68 520.85 2388.11 8147.1 8.4633 0.03 395 2388 100.0 38.5 23.2225
75 141 20.0063 0.7 100.0 491.19 608.32 1492.7 1251.77 9.35 13.66 334.0 2324.05 8735.71 1.08 44.66 314.64 2388.16 8066.94 9.2666 0.02 365 2324 100.0 24.59 14.664
75 142 42.0055 0.8419 100.0 445.0 550.07 1362.72 1135.89 3.91 5.72 138.88 2212.11 8337.06 1.02 42.18 130.13 2388.14 8094.55 9.4168 0.02 331 2212 100.0 10.6 6.3187
75 143 35.0016 0.84 100.0 449.44 555.91 1368.82 1140.94 5.48 8.0 194.04 2223.11 8372.6 1.02 42.36 183.48 2388.15 8074.78 9.3451 0.02 334 2223 100.0 14.94 8.8833
75 144 35.0001 0.84 100.0 449.44 556.37 1368.72 1138.27 5.48 8.0 194.8 2223.12 8369.63 1.02 42.11 182.51 2388.24 8078.35 9.3516 0.02 335 2223 100.0 14.63 8.8412
75 145 9.9994 0.2517 100.0 489.05 604.93 1504.99 1309.32 10.52 15.5 393.56 2318.96 8786.69 1.26 45.68 371.41 2388.15 8141.12 8.6885 0.03 371 2319 100.0 28.62 17.1055
75 146 0.0017 0.0 100.0 518.67 642.78 1588.53 1412.25 14.62 21.61 553.39 2388.1 9075.81 1.3 47.65 520.68 2388.15 8137.1 8.4708 0.03 393 2388 100.0 38.79 23.2267
75 147 35.0079 0.8408 100.0 449.44 555.92 1375.42 1135.08 5.48 8.0 193.61 2223.14 8357.25 1.02 42.05 182.82 2388.23 8078.81 9.3468 0.02 335 2223 100.0 14.61 8.9143
75 148 42.0079 0.8415 100.0 445.0 549.94 1360.98 1129.12 3.91 5.72 138.84 2212.05 8339.93 1.02 42.19 129.87 2388.13 8092.45 9.396 0.02 332 2212 100.0 10.46 6.24
75 149 42.0013 0.84 100.0 445.0 550.5 1354.41 1127.19 3.91 5.71 138.22 2212.08 8333.88 1.02 42.29 130.18 2388.2 8099.47 9.3683 0.02 332 2212 100.0 10.46 6.2773
75 150 9.9987 0.2504 100.0 489.05 604.7 1504.32 1316.61 10.52 15.49 393.89 2319.01 8794.53 1.26 45.47 371.07 2388.23 8142.63 8.7264 0.03 372 2319 100.0 28.5 16.9959
75 151 42.0005 0.84 100.0 445.0 549.9 1356.86 1127.07 3.91 5.72 138.45 2212.14 8339.07 1.02 42.27 130.49 2388.15 8100.22 9.4068 0.02 333 2212 100.0 10.49 6.3483
75 152 0.0009 0.0 100.0 518.67 643.2 1599.07 1413.17 14.62 21.61 552.76 2388.08 9082.36 1.3 47.61 520.76 2388.13 8150.68 8.4353 0.03 394 2388 100.0 38.81 23.2536
75 153 42.0002 0.84 100.0 445.0 549.82 1359.75 1131.84 3.91 5.72 138.49 2212.13 8336.28 1.02 42.27 130.75 2388.14 8091.3 9.4048 0.02 331 2212 100.0 10.78 6.3903
75 154 35.0053 0.84 100.0 449.44 556.64 1360.04 1134.96 5.48 8.0 194.83 2223.19 8364.01 1.02 42.07 182.4 2388.26 8079.02 9.3447 0.02 338 2223 100.0 14.89 8.9049
75 155 35.0049 0.8403 100.0 449.44 556.43 1368.5 1136.57 5.48 8.0 194.58 2223.11 8365.28 1.02 42.04 182.77 2388.32 8074.17 9.3564 0.02 335 2223 100.0 14.85 8.8228
75 156 42.001 0.84 100.0 445.0 549.79 1352.58 1137.39 3.91 5.72 138.33 2212.16 8343.65 1.02 42.31 130.15 2388.22 8099.12 9.3778 0.02 333 2212 100.0 10.49 6.414
75 157 35.0017 0.8408 100.0 449.44 556.33 1374.52 1127.54 5.48 8.0 194.68 2223.18 8369.08 1.02 42.11 182.83 2388.35 8080.76 9.3835 0.02 334 2223 100.0 14.64 8.9117
75 158 35.0065 0.8409 100.0 449.44 555.35 1363.09 1135.28 5.48 8.0 193.6 2223.22 8370.68 1.02 42.17 182.39 2388.35 8084.19 9.359 0.02 336 2223 100.0 14.78 8.8642
75 159 25.0032 0.6219 60.0 462.54 537.01 1264.5 1054.91 7.05 9.03 175.3 1915.58 8026.26 0.94 36.97 164.11 2028.49 7886.11 10.9451 0.02 309 1915 84.93 14.32 8.4744
75 160 10.007 0.25 100.0 489.05 604.36 1502.46 1318.05 10.52 15.49 393.73 2319.04 8795.79 1.26 45.68 371.34 2388.26 8146.85 8.7049 0.03 369 2319 100.0 28.42 16.9755
75 161 19.9985 0.7 100.0 491.19 607.88 1490.6 1262.19 9.35 13.66 333.96 2324.13 8746.15 1.08 44.63 314.8 2388.27 8080.51 9.2562 0.02 367 2324 100.0 24.41 14.6164
75 162 42.0029 0.8407 100.0 445.0 550.07 1358.63 1139.04 3.91 5.72 138.32 2212.19 8339.09 1.02 42.54 130.78 2388.26 8096.95 9.3929 0.02 332 2212 100.0 10.56 6.2662
75 163 35.0054 0.8409 100.0 449.44 556.23 1373.55 1139.8 5.48 8.0 193.06 2223.24 8375.67 1.02 42.07 182.52 2388.3 8085.92 9.3327 0.02 337 2223 100.0 14.72 8.8547
75 164 25.0024 0.6209 60.0 462.54 537.17 1263.38 1052.24 7.05 9.03 174.87 1915.67 8029.18 0.94 37.07 164.54 2028.56 7889.87 10.9305 0.02 309 1915 84.93 14.2 8.4055
75 165 35.0077 0.8405 100.0 449.44 555.85 1377.43 1142.65 5.48 8.0 193.96 2223.2 8371.7 1.02 42.06 183.11 2388.39 8083.57 9.3343 0.02 336 2223 100.0 14.83 8.8936
75 166 9.9982 0.25 100.0 489.05 605.49 1509.89 1310.72 10.52 15.49 393.56 2319.0 8798.01 1.26 45.55 371.46 2388.19 8153.4 8.6702 0.03 371 2319 100.0 28.49 17.1014
75 167 10.0066 0.252 100.0 489.05 605.58 1511.55 1315.51 10.52 15.5 393.85 2319.06 8804.89 1.26 45.63 370.92 2388.2 8144.21 8.7189 0.03 372 2319 100.0 28.55 16.9951
75 168 20.0055 0.7009 100.0 491.19 607.37 1488.87 1261.9 9.35 13.66 333.49 2324.08 8746.28 1.08 44.74 314.34 2388.3 8080.83 9.3069 0.02 366 2324 100.0 24.29 14.5153
75 169 35.0054 0.84 100.0 449.44 556.64 1378.86 1136.26 5.48 8.0 194.55 2223.29 8372.62 1.02 42.12 183.51 2388.45 8079.07 9.3845 0.02 337 2223 100.0 14.67 8.9196
75 170 20.0077 0.7011 100.0 491.19 608.3 1490.11 1258.37 9.35 13.66 333.9 2324.14 8743.81 1.07 44.86 314.76 2388.33 8076.61 9.2672 0.03 366 2324 100.0 24.41 14.6438
75 171 35.0037 0.84 100.0 449.44 556.6 1370.36 1144.63 5.48 8.0 194.15 2223.31 8372.11 1.02 42.38 182.88 2388.4 8084.72 9.3781 0.02 334 2223 100.0 14.72 8.8609
75 172 0.0002 0.0004 100.0 518.67 643.02 1598.86 1413.83 14.62 21.61 552.67 2388.17 9082.67 1.3 47.65 520.48 2388.13 8151.45 8.4112 0.03 391 2388 100.0 38.73 23.1012
75 173 0.0008 0.0004 100.0 518.67 643.67 1597.53 1423.77 14.62 21.61 552.42 2388.12 9080.94 1.3 47.85 520.92 2388.11 8157.51 8.5048 0.03 394 2388 100.0 38.61 23.2154
75 174 35.0028 0.84 100.0 449.44 555.97 1370.3 1140.24 5.48 8.0 193.58 2223.3 8369.84 1.02 42.17 182.97 2388.39 8084.0 9.3422 0.02 334 2223 100.0 14.79 8.838
75 175 42.0016 0.84 100.0 445.0 550.05 1355.69 1139.97 3.91 5.72 138.58 2212.28 8351.14 1.02 42.43 130.9 2388.37 8108.58 9.3666 0.02 331 2212 100.0 10.54 6.4536
75 176 0.0003 0.0003 100.0 518.67 643.45 1595.3 1416.9 14.62 21.61 552.76 2388.13 9084.71 1.3 47.93 520.68 2388.14 8158.81 8.5196 0.03 395 2388 100.0 38.79 23.1011
75 177 35.0065 0.84 100.0 449.44 556.2 1372.2 1133.49 5.48 8.0 194.5 2223.36 8383.76 1.02 42.23 182.42 2388.53 8088.14 9.3732 0.02 334 2223 100.0 14.73 8.9774
75 178 0.0017 0.0 100.0 518.67 643.43 1590.1 1413.4 14.62 21.61 552.3 2388.15 9080.22 1.3 47.76 520.34 2388.16 8157.18 8.4592 0.03 394 2388 100.0 38.64 23.2244
75 179 10.0063 0.2511 100.0 489.05 605.34 1506.66 1316.12 10.52 15.5 393.52 2319.04 8801.51 1.26 45.78 370.56 2388.26 8148.91 8.7303 0.03 370 2319 100.0 28.41 16.9964
75 180 25.006 0.6216 60.0 462.54 537.84 1265.48 1052.94 7.05 9.03 174.89 1915.74 8041.39 0.94 36.93 164.84 2028.53 7895.51 10.9605 0.02 309 1915 84.93 14.21 8.4691
75 181 10.0079 0.25 100.0 489.05 605.56 1505.84 1318.12 10.52 15.5 393.08 2319.05 8815.88 1.26 45.7 370.33 2388.27 8150.01 8.7018 0.03 372 2319 100.0 28.37 17.0121
75 182 20.0028 0.701 100.0 491.19 608.25 1491.32 1256.97 9.35 13.66 333.65 2324.21 8748.23 1.07 44.82 315.23 2388.31 8084.8 9.2861 0.03 367 2324 100.0 24.37 14.6922
75 183 0.0007 0.0007 100.0 518.67 642.81 1593.0 1420.34 14.62 21.61 552.59 2388.09 9095.86 1.3 47.9 520.53 2388.16 8163.13 8.5025 0.03 393 2388 100.0 38.59 23.0615
75 184 9.999 0.25 100.0 489.05 605.31 1512.74 1322.62 10.52 15.5 394.02 2319.07 8806.08 1.26 45.8 370.72 2388.3 8154.3 8.6559 0.03 372 2319 100.0 28.57 17.0472
75 185 25.0013 0.62 60.0 462.54 537.12 1262.01 1056.71 7.05 9.03 175.21 1915.75 8037.98 0.94 36.82 165.0 2028.71 7898.31 10.9843 0.02 309 1915 84.93 14.16 8.5606
75 186 10.0065 0.2502 100.0 489.05 604.95 1509.28 1322.38 10.52 15.49 394.24 2319.04 8815.63 1.26 45.81 371.02 2388.23 8155.73 8.708 0.03 371 2319 100.0 28.35 17.0975
75 187 0.0009 0.0009 100.0 518.67 643.44 1597.44 1413.23 14.62 21.61 552.97 2388.16 9093.11 1.3 47.62 520.76 2388.12 8166.31 8.4811 0.03 395 2388 100.0 38.56 23.2458
75 188 42.004 0.8403 100.0 445.0 550.0 1361.23 1133.25 3.91 5.71 139.2 2212.39 8353.75 1.02 42.31 130.41 2388.5 8113.55 9.4475 0.02 334 2212 100.0 10.61 6.2873
75 189 35.0054 0.8414 100.0 449.44 556.76 1373.9 1138.85 5.48 8.0 195.0 2223.49 8385.94 1.02 42.13 182.9 2388.62 8091.46 9.3938 0.02 334 2223 100.0 14.89 8.7931
75 190 41.9987 0.8412 100.0 445.0 550.34 1362.81 1137.4 3.91 5.72 139.0 2212.44 8352.78 1.02 42.46 130.57 2388.53 8117.98 9.3724 0.02 333 2212 100.0 10.46 6.268
75 191 35.0004 0.8409 100.0 449.44 555.9 1368.73 1139.31 5.48 8.0 193.9 2223.55 8386.89 1.02 42.27 183.11 2388.68 8097.51 9.3611 0.02 337 2223 100.0 14.71 8.9562
75 192 42.0015 0.84 100.0 445.0 550.0 1360.9 1133.78 3.91 5.72 137.85 2212.43 8354.41 1.02 42.48 130.79 2388.6 8115.74 9.4188 0.02 333 2212 100.0 10.41 6.2118
75 193 20.0069 0.7 100.0 491.19 608.2 1484.39 1259.6 9.35 13.66 333.43 2324.27 8754.49 1.07 44.8 314.67 2388.4 8084.93 9.2858 0.03 367 2324 100.0 24.31 14.6548
75 194 0.003 0.0004 100.0 518.67 643.17 1599.19 1423.45 14.62 21.61 553.12 2388.14 9095.74 1.3 47.93 520.64 2388.16 8172.16 8.4441 0.03 395 2388 100.0 38.63 23.1257
75 195 42.0024 0.8405 100.0 445.0 550.17 1362.67 1144.67 3.91 5.72 138.16 2212.48 8361.92 1.02 42.27 130.58 2388.69 8119.95 9.3877 0.02 332 2212 100.0 10.56 6.2937
75 196 35.0061 0.84 100.0 449.44 556.04 1371.02 1143.9 5.48 8.0 194.35 2223.6 8392.73 1.02 42.17 182.92 2388.72 8099.21 9.3797 0.02 335 2223 100.0 14.78 8.8566
75 197 42.0001 0.8405 100.0 445.0 550.08 1357.28 1133.77 3.91 5.72 138.69 2212.51 8370.57 1.02 42.32 131.14 2388.58 8115.57 9.4172 0.02 332 2212 100.0 10.59 6.1808
75 198 10.0065 0.25 100.0 489.05 605.7 1502.52 1321.76 10.52 15.5 394.18 2319.09 8820.93 1.26 45.8 371.08 2388.3 8166.3 8.7017 0.03 371 2319 100.0 28.32 17.0441
75 199 42.0022 0.84 100.0 445.0 550.44 1358.85 1136.23 3.91 5.72 138.44 2212.53 8370.49 1.02 42.56 131.13 2388.65 8122.7 9.3916 0.02 333 2212 100.0 10.62 6.2664
75 200 42.0057 0.84 100.0 445.0 550.29 1364.65 1133.26 3.91 5.72 139.15 2212.58 8366.8 1.02 42.52 130.72 2388.7 8126.4 9.3869 0.02 334 2212 100.0 10.63 6.3865
75 201 0.0028 0.0 100.0 518.67 643.6 1602.29 1426.13 14.62 21.61 552.37 2388.13 9105.77 1.3 47.93 520.49 2388.13 8173.51 8.4598 0.03 394 2388 100.0 38.48 23.1865
75 202 20.0038 0.7013 100.0 491.19 607.89 1488.98 1264.95 9.35 13.66 333.83 2324.29 8761.48 1.08 44.74 315.08 2388.48 8098.56 9.2843 0.02 366 2324 100.0 24.1 14.595
75 203 25.0062 0.62 60.0 462.54 537.36 1267.42 1058.26 7.05 9.03 175.8 1915.98 8053.91 0.94 37.25 163.74 2028.89 7903.99 10.9498 0.02 309 1915 84.93 14.19 8.4976
75 204 20.0019 0.701 100.0 491.19 607.79 1498.79 1268.08 9.35 13.66 333.96 2324.37 8767.78 1.08 44.87 314.11 2388.47 8101.05 9.2764 0.03 368 2324 100.0 24.23 14.5771
75 205 42.008 0.84 100.0 445.0 550.3 1359.92 1139.15 3.91 5.72 138.42 2212.66 8368.89 1.02 42.47 130.8 2388.84 8131.23 9.4259 0.02 334 2212 100.0 10.59 6.3449
75 206 42.007 0.84 100.0 445.0 550.49 1357.25 1142.01 3.91 5.72 138.06 2212.67 8373.7 1.02 42.47 130.12 2388.81 8129.57 9.3739 0.02 331 2212 100.0 10.63 6.3535
75 207 0.0026 0.0 100.0 518.67 643.75 1595.3 1426.1 14.62 21.61 551.66 2388.12 9115.2 1.3 48.05 519.99 2388.14 8184.06 8.4734 0.03 397 2388 100.0 38.59 23.1908
75 208 34.9981 0.84 100.0 449.44 556.41 1372.16 1145.98 5.48 8.01 194.08 2223.75 8401.79 1.02 42.49 183.14 2388.94 8111.09 9.3585 0.02 336 2223 100.0 14.6 8.7961
75 209 9.9985 0.2513 100.0 489.05 605.35 1507.68 1325.79 10.52 15.5 393.34 2319.13 8833.55 1.26 45.86 370.81 2388.31 8178.01 8.7344 0.03 374 2319 100.0 28.28 16.9069
75 210 34.9982 0.8412 100.0 449.44 556.29 1379.21 1136.92 5.48 8.01 193.92 2223.83 8404.25 1.02 42.29 182.73 2388.97 8113.84 9.3759 0.02 336 2223 100.0 14.7 8.89
75 211 0.0022 0.0007 100.0 518.67 643.58 1597.64 1423.58 14.62 21.61 551.84 2388.19 9110.92 1.3 47.74 520.16 2388.2 8184.18 8.5163 0.03 395 2388 100.0 38.6 23.2299
75 212 10.0026 0.2502 100.0 489.05 605.34 1516.76 1326.14 10.52 15.5 393.62 2319.15 8841.16 1.26 46.01 371.24 2388.32 8179.64 8.7506 0.03 372 2319 100.0 28.29 16.9707
75 213 35.0068 0.84 100.0 449.44 556.65 1376.56 1140.26 5.48 8.01 193.73 2223.93 8409.68 1.02 42.42 183.11 2389.07 8120.54 9.4091 0.02 335 2223 100.0 14.55 8.7734
75 214 41.9999 0.841 100.0 445.0 550.49 1368.24 1142.04 3.91 5.72 139.21 2212.8 8386.41 1.02 42.9 130.23 2388.9 8136.63 9.4183 0.02 332 2212 100.0 10.54 6.2696
75 215 24.9996 0.6212 60.0 462.54 537.96 1273.88 1061.69 7.05 9.03 175.04 1916.22 8061.75 0.94 37.12 164.22 2029.16 7914.51 10.9898 0.02 310 1915 84.93 14.27 8.4489
75 216 25.0016 0.62 60.0 462.54 536.89 1275.48 1057.39 7.05 9.03 175.36 1916.26 8059.47 0.94 37.16 165.03 2029.22 7923.63 11.0032 0.02 309 1915 84.93 14.1 8.5492
75 217 10.005 0.2506 100.0 489.05 605.63 1517.03 1324.48 10.52 15.5 393.05 2319.11 8845.58 1.26 45.9 370.77 2388.36 8187.03 8.7331 0.03 370 2319 100.0 28.27 17.0571
75 218 42.0005 0.84 100.0 445.0 550.21 1370.56 1136.58 3.91 5.72 138.18 2212.91 8386.31 1.03 42.54 130.86 2389.03 8149.08 9.412 0.02 334 2212 100.0 10.51 6.3287
75 219 34.9995 0.8402 100.0 449.44 557.0 1372.18 1141.69 5.48 8.0 193.73 2224.03 8418.42 1.02 42.46 182.78 2389.25 8129.39 9.3925 0.02 336 2223 100.0 14.89 8.8982
75 220 10.0009 0.2513 100.0 489.05 605.79 1514.44 1328.43 10.52 15.5 393.57 2319.21 8847.85 1.26 45.87 370.62 2388.33 8187.81 8.7214 0.03 372 2319 100.0 28.31 16.8889
75 221 10.002 0.2507 100.0 489.05 605.46 1507.47 1324.31 10.52 15.5 393.18 2319.18 8858.5 1.26 45.98 370.97 2388.36 8188.29 8.7458 0.03 372 2319 100.0 28.31 17.0053
75 222 20.0014 0.7 100.0 491.19 608.59 1495.71 1269.97 9.35 13.66 333.46 2324.55 8802.69 1.08 44.79 313.96 2388.7 8122.59 9.3231 0.03 367 2324 100.0 24.38 14.6133
75 223 20.0038 0.7 100.0 491.19 608.28 1488.47 1262.83 9.35 13.66 333.6 2324.58 8800.69 1.07 44.88 314.01 2388.71 8120.81 9.3217 0.03 368 2324 100.0 24.32 14.5565
75 224 0.0006 0.0 100.0 518.67 643.71 1597.4 1428.51 14.62 21.61 551.42 2388.17 9136.8 1.3 48.21 519.63 2388.18 8201.29 8.5568 0.03 393 2388 100.0 38.47 23.1533
75 225 24.9984 0.62 60.0 462.54 537.67 1271.22 1063.31 7.05 9.03 174.83 1916.48 8071.17 0.94 36.97 164.33 2029.45 7931.99 11.0265 0.02 307 1915 84.93 14.1 8.4915
75 226 42.0078 0.8405 100.0 445.0 551.04 1367.25 1141.69 3.91 5.72 138.79 2213.09 8402.18 1.03 42.75 129.48 2389.26 8151.15 9.4233 0.02 336 2212 100.0 10.51 6.3107
75 227 10.0076 0.2509 100.0 489.05 605.68 1512.63 1328.43 10.52 15.5 392.99 2319.14 8858.45 1.26 45.82 370.56 2388.4 8201.46 8.7651 0.03 372 2319 100.0 28.16 16.931
75 228 19.9982 0.7 100.0 491.19 608.34 1500.19 1269.4 9.35 13.66 333.32 2324.62 8803.84 1.07 44.84 314.45 2388.77 8127.74 9.2931 0.03 368 2324 100.0 24.22 14.5352
75 229 20.0051 0.7016 100.0 491.19 608.45 1497.25 1267.29 9.35 13.66 333.76 2324.62 8809.99 1.07 44.93 314.6 2388.81 8132.44 9.3247 0.03 368 2324 100.0 24.15 14.5452
75 230 42.0017 0.8415 100.0 445.0 551.13 1366.19 1144.43 3.91 5.72 138.84 2213.12 8407.26 1.03 42.86 130.34 2389.32 8159.77 9.412 0.02 335 2212 100.0 10.54 6.2411
125 1 34.9995 0.8404 100.0 449.44 555.14 1355.37 1124.93 5.48 8.0 195.07 2222.9 8347.54 1.02 41.76 183.41 2388.02 8065.02 9.2722 0.02 334 2223 100.0 14.72 8.9182
125 2 34.9996 0.8414 100.0 449.44 555.03 1363.27 1130.42 5.48 8.0 195.16 2222.9 8346.48 1.02 41.86 183.46 2388.0 8071.7 9.31 0.02 334 2223 100.0 14.98 8.9301
125 3 25.0028 0.6219 60.0 462.54 536.75 1252.09 1044.88 7.05 9.02 175.41 1915.32 8000.95 0.94 36.59 164.7 2028.18 7882.5 10.8747 0.02 307 1915 84.93 14.37 8.6285
125 4 34.9981 0.8411 100.0 449.44 555.63 1364.26 1123.82 5.48 8.0 194.98 2222.89 8349.4 1.02 41.87 183.45 2387.96 8065.47 9.308 0.02 333 2223 100.0 14.72 8.9151
125 5 41.9987 0.84 100.0 445.0 549.35 1348.55 1109.12 3.91 5.71 138.44 2211.96 8318.27 1.02 41.81 130.57 2388.01 8085.45 9.3112 0.02 330 2212 100.0 10.54 6.3382
125 6 20.0027 0.7018 100.0 491.19 606.84 1483.37 1246.58 9.35 13.65 335.35 2323.94 8725.13 1.08 44.0 314.99 2388.07 8064.78 9.2081 0.02 364 2324 100.0 24.65 14.7124
125 7 0.0001 0.0004 100.0 518.67 642.52 1588.87 1396.07 14.62 21.61 554.31 2388.01 9045.94 1.3 47.3 521.57 2388.02 8129.52 8.4411 0.03 392 2388 100.0 39.19 23.4046
125 8 42.0054 0.8413 100.0 445.0 549.53 1349.57 1114.0 3.91 5.71 139.15 2211.91 8317.57 1.02 41.98 130.63 2387.94 8081.39 9.3663 0.02 330 2212 100.0 10.62 6.4591
125 9 20.0029 0.702 100.0 491.19 607.13 1481.55 1253.52 9.35 13.65 334.68 2323.9 8712.19 1.08 44.03 315.92 2388.0 8056.79 9.2028 0.02 364 2324 100.0 24.46 14.7835
125 10 24.9995 0.62 60.0 462.54 536.25 1262.2 1038.25 7.05 9.02 176.72 1915.34 8001.46 0.94 36.62 164.68 2028.25 7870.02 10.8483 0.02 307 1915 84.93 14.36 8.3919
125 11 42.0077 0.8409 100.0 445.0 549.84 1358.79 1123.5 3.91 5.71 138.6 2211.9 8320.29 1.02 41.85 130.75 2388.0 8085.63 9.3492 0.02 329 2212 100.0 10.61 6.5096
125 12 35.002 0.8401 100.0 449.44 555.17 1368.41 1124.78 5.48 8.0 194.97 2222.88 8350.99 1.02 41.77 182.79 2387.97 8070.5 9.2996 0.02 334 2223 100.0 14.98 8.9496
125 13 10.0011 0.25 100.0 489.05 604.24 1492.81 1303.35 10.52 15.49 394.88 2318.89 8775.07 1.26 45.31 371.92 2388.06 8127.97 8.6319 0.03 368 2319 100.0 28.63 17.1797
125 14 24.999 0.62 60.0 462.54 536.66 1259.66 1046.33 7.05 9.03 175.76 1915.3 8002.75 0.94 36.6 164.46 2028.22 7873.68 10.8834 0.02 306 1915 84.93 14.45 8.616
125 15 0.0027 0.0 100.0 518.67 641.81 1584.31 1402.08 14.62 21.61 554.33 2388.03 9061.96 1.3 47.2 521.73 2388.05 8129.94 8.3854 0.03 393 2388 100.0 39.06 23.4547
125 16 20.0006 0.7 100.0 491.19 607.65 1480.21 1241.69 9.35 13.65 335.89 2323.88 8720.1 1.08 44.12 315.01 2388.02 8064.91 9.226 0.02 363 2324 100.0 24.59 14.6279
125 17 25.0066 0.62 60.0 462.54 536.95 1261.52 1047.07 7.05 9.03 175.77 1915.36 8009.9 0.94 36.62 164.73 2028.19 7878.41 10.89 0.02 308 1915 84.93 14.3 8.5958
125 18 35.0051 0.84 100.0 449.44 555.67 1360.55 1116.58 5.48 8.0 194.62 2222.93 8344.41 1.02 41.66 183.64 2388.04 8068.29 9.2778 0.02 333 2223 100.0 14.85 8.9227
125 19 42.0027 0.8407 100.0 445.0 549.44 1354.28 1122.27 3.91 5.71 138.71 2211.9 8317.35 1.02 41.62 131.08 2387.97 8076.25 9.3422 0.02 329 2212 100.0 10.75 6.3229
125 20 20.0026 0.7 100.0 491.19 606.76 1485.77 1246.48 9.35 13.65 335.16 2323.93 8729.43 1.08 44.07 315.48 2388.06 8066.13 9.1412 0.02 363 2324 100.0 24.56 14.7282
125 21 41.9999 0.841 100.0 445.0 549.23 1351.6 1119.49 3.91 5.72 138.44 2211.84 8313.25 1.02 41.86 130.66 2387.99 8087.31 9.3586 0.02 331 2212 100.0 10.57 6.3973
125 22 35.002 0.84 100.0 449.44 555.14 1360.23 1122.49 5.48 8.0 195.33 2222.92 8347.98 1.02 41.7 183.0 2388.05 8070.55 9.2833 0.02 334 2223 100.0 15.1 9.0106
125 23 42.0014 0.8405 100.0 445.0 549.75 1348.47 1123.59 3.91 5.71 138.94 2211.9 8313.36 1.02 41.87 131.22 2388.0 8087.99 9.33 0.02 329 2212 100.0 10.59 6.3925
125 24 0.0018 0.0 100.0 518.67 642.43 1586.89 1402.01 14.62 21.61 553.79 2388.09 9057.04 1.3 47.48 522.12 2388.07 8129.14 8.4071 0.03 392 2388 100.0 38.98 23.408
125 25 20.0068 0.7 100.0 491.19 607.58 1485.66 1246.3 9.35 13.65 334.88 2323.9 8725.48 1.08 44.43 314.91 2388.08 8057.78 9.2229 0.02 364 2324 100.0 24.72 14.7799
125 26 35.0045 0.8412 100.0 449.44 555.09 1358.58 1123.94 5.48 8.0 194.27 2222.87 8351.33 1.02 41.65 183.0 2387.93 8068.62 9.3109 0.02 331 2223 100.0 14.88 9.024
125 27 20.0034 0.7 100.0 491.19 608.07 1477.58 1247.89 9.35 13.65 334.4 2323.87 8722.29 1.08 44.14 315.15 2388.04 8055.93 9.1932 0.02 364 2324 100.0 24.41 14.8132
125 28 42.0054 0.8409 100.0 445.0 549.15 1350.65 1122.61 3.91 5.71 139.01 2211.93 8319.6 1.02 42.01 130.53 2388.0 8085.12 9.3412 0.02 331 2212 100.0 10.57 6.4091
125 29 25.0016 0.62 60.0 462.54 536.43 1259.98 1045.11 7.05 9.02 175.69 1915.35 8008.06 0.94 36.65 165.05 2028.17 7869.11 10.886 0.02 306 1915 84.93 14.29 8.603
125 30 10.0073 0.25 100.0 489.05 604.76 1492.89 1308.04 10.52 15.49 394.57 2318.84 8778.57 1.26 45.16 371.86 2388.05 8131.6 8.6503 0.03 369 2319 100.0 28.48 17.205
125 31 41.9989 0.8417 100.0 445.0 549.2 1350.31 1126.35 3.91 5.72 137.91 2211.91 8317.61 1.02 41.91 130.35 2387.98 8082.75 9.3352 0.02 332 2212 100.0 10.51 6.4258
125 32 42.0015 0.84 100.0 445.0 549.79 1349.51 1117.49 3.91 5.71 138.8 2211.87 8319.92 1.02 41.84 131.11 2388.03 8079.53 9.3295 0.02 329 2212 100.0 10.66 6.3775
125 33 35.0027 0.84 100.0 449.44 555.28 1352.72 1124.5 5.48 8.0 195.08 2222.89 8350.5 1.02 41.75 183.24 2388.05 8067.16 9.2676 0.02 335 2223 100.0 14.97 9.0054
125 34 42.0056 0.8414 100.0 445.0 549.26 1352.41 1120.66 3.91 5.71 138.28 2211.93 8320.85 1.02 41.89 130.74 2387.97 8083.68 9.3065 0.02 331 2212 100.0 10.61 6.3844
125 35 20.0005 0.7 100.0 491.19 607.14 1481.77 1246.51 9.35 13.65 335.73 2323.92 8714.33 1.08 44.25 315.58 2388.03 8063.32 9.1793 0.02 365 2324 100.0 24.53 14.6794
125 36 20.0079 0.7012 100.0 491.19 606.6 1480.16 1243.81 9.35 13.65 335.54 2323.93 8718.77 1.08 44.2 315.35 2388.06 8057.26 9.1983 0.02 364 2324 100.0 24.65 14.7554
125 37 35.0044 0.84 100.0 449.44 555.45 1361.19 1117.17 5.48 8.0 195.17 2222.94 8351.09 1.03 41.66 183.47 2388.11 8070.74 9.2973 0.02 332 2223 100.0 15.06 8.9746
125 38 25.0028 0.6208 60.0 462.54 536.44 1253.62 1051.93 7.05 9.02 175.53 1915.33 8007.69 0.94 36.58 164.94 2028.25 7868.65 10.9022 0.02 307 1915 84.93 14.26 8.6806
125 39 42.0074 0.8401 100.0 445.0 548.61 1357.45 1121.14 3.91 5.71 139.32 2211.91 8310.54 1.02 41.89 130.68 2388.01 8083.76 9.3547 0.02 330 2212 100.0 10.74 6.282
125 40 42.0045 0.8414 100.0 445.0 549.44 1345.21 1118.68 3.91 5.71 139.03 2211.87 8319.47 1.02 41.87 130.78 2387.96 8081.72 9.2988 0.02 330 2212 100.0 10.61 6.296
125 41 0.001 0.0 100.0 518.67 642.71 1585.0 1402.01 14.62 21.61 553.79 2388.02 9053.71 1.3 47.23 521.85 2388.01 8133.7 8.3857 0.03 391 2388 100.0 39.01 23.2947
125 42 0.0002 0.0012 100.0 518.67 642.26 1587.02 1405.94 14.62 21.61 554.45 2388.06 9051.59 1.3 47.42 521.95 2388.01 8136.93 8.4213 0.03 393 2388 100.0 39.05 23.5206
125 43 20.004 0.7002 100.0 491.19 606.73 1474.23 1240.9 9.35 13.65 334.65 2323.88 8720.85 1.08 44.09 315.62 2388.04 8059.64 9.1775 0.02 364 2324 100.0 24.33 14.7372
125 44 35.0079 0.8414 100.0 449.44 555.25 1361.77 1123.32 5.48 8.0 195.2 2222.95 8347.44 1.02 41.98 183.22 2387.97 8070.02 9.28 0.02 333 2223 100.0 14.83 8.9224
125 45 20.007 0.702 100.0 491.19 606.8 1476.98 1248.21 9.35 13.65 334.24 2323.98 8719.93 1.07 44.24 315.4 2388.03 8059.04 9.196 0.02 363 2324 100.0 24.58 14.8705
125 46 25.0012 0.62 60.0 462.54 536.58 1260.74 1045.32 7.05 9.03 174.54 1915.35 8004.11 0.94 36.51 164.73 2028.24 7869.81 10.8866 0.02 307 1915 84.93 14.17 8.6659
125 47 25.0017 0.62 60.0 462.54 537.2 1259.83 1047.02 7.05 9.02 175.69 1915.33 8007.14 0.94 36.56 164.22 2028.24 7873.82 10.9203 0.02 306 1915 84.93 14.3 8.5153
125 48 42.0076 0.8415 100.0 445.0 549.27 1349.73 1125.24 3.91 5.72 138.55 2211.82 8322.19 1.02 41.93 130.36 2387.92 8082.83 9.3424 0.02 329 2212 100.0 10.67 6.3867
125 49 10.0046 0.2509 100.0 489.05 604.98 1498.86 1306.4 10.52 15.49 395.34 2318.84 8770.52 1.26 45.3 371.89 2388.08 8129.69 8.6564 0.03 368 2319 100.0 28.65 17.0941
125 50 10.0059 0.2508 100.0 489.05 604.32 1494.72 1307.38 10.52 15.49 395.17 2318.87 8772.56 1.26 45.25 371.36 2387.98 8134.26 8.6398 0.03 368 2319 100.0 28.45 17.161
125 51 25.0014 0.6204 60.0 462.54 536.67 1251.3 1050.28 7.05 9.03 174.97 1915.27 8003.99 0.94 36.5 164.59 2028.15 7871.21 10.8612 0.02 306 1915 84.93 14.44 8.5829
125 52 19.9988 0.7019 100.0 491.19 607.06 1485.55 1241.02 9.35 13.65 334.76 2323.91 8718.43 1.08 44.37 315.51 2388.05 8056.84 9.1975 0.02 363 2324 100.0 24.48 14.7129
125 53 0.0012 0.0 100.0 518.67 642.13 1579.58 1402.91 14.62 21.61 554.33 2388.05 9056.93 1.3 47.23 522.45 2388.04 8134.2 8.4334 0.03 393 2388 100.0 38.94 23.4302
125 54 25.0008 0.6206 60.0 462.54 536.72 1259.94 1044.78 7.05 9.02 175.37 1915.35 8009.26 0.94 36.52 165.26 2028.23 7876.9 10.8804 0.02 307 1915 84.93 14.37 8.6353
125 55 10.0076 0.2504 100.0 489.05 604.44 1497.64 1300.69 10.52 15.49 394.42 2318.87 8778.24 1.26 45.38 372.52 2388.08 8129.59 8.6514 0.03 369 2319 100.0 28.46 17.1291
125 56 10.008 0.25 100.0 489.05 604.98 1491.18 1307.09 10.52 15.49 394.78 2318.83 8779.78 1.26 45.21 372.4 2388.14 8125.83 8.6221 0.03 371 2319 100.0 28.58 17.1981
125 57 10.0012 0.25 100.0 489.05 604.19 1498.09 1307.02 10.52 15.49 394.89 2318.85 8781.91 1.26 45.06 371.98 2388.09 8130.2 8.6297 0.03 370 2319 100.0 28.63 17.0983
125 58 42.0075 0.8405 100.0 445.0 549.15 1355.21 1126.32 3.91 5.71 139.42 2211.92 8323.48 1.02 41.95 130.6 2387.98 8083.0 9.3372 0.02 330 2212 100.0 10.66 6.439
125 59 41.9982 0.84 100.0 445.0 549.34 1351.77 1116.72 3.91 5.72 138.66 2211.92 8319.72 1.02 41.77 131.27 2387.93 8082.51 9.3434 0.02 332 2212 100.0 10.43 6.3953
125 60 42.0018 0.8419 100.0 445.0 549.28 1349.68 1127.04 3.91 5.71 138.2 2211.88 8322.75 1.02 41.85 130.12 2387.98 8085.02 9.3764 0.02 330 2212 100.0 10.61 6.4049
125 61 10.0027 0.2505 100.0 489.05 604.4 1493.02 1301.88 10.52 15.49 394.93 2318.87 8778.5 1.26 45.29 371.64 2388.12 8131.5 8.611 0.03 369 2319 100.0 28.43 17.2877
125 62 35.0015 0.8417 100.0 449.44 555.96 1370.39 1127.58 5.48 8.0 194.79 2222.9 8341.03 1.02 41.84 183.03 2387.97 8061.25 9.3202 0.02 332 2223 100.0 14.98 8.8731
125 63 35.0062 0.84 100.0 449.44 555.1 1362.95 1122.17 5.48 8.0 194.21 2222.95 8344.79 1.03 41.6 183.6 2388.05 8071.09 9.2909 0.02 334 2223 100.0 14.93 8.9702
125 64 42.0014 0.8417 100.0 445.0 549.35 1351.76 1118.31 3.91 5.71 138.8 2211.88 8317.72 1.02 42.03 131.11 2387.99 8080.67 9.3071 0.02 329 2212 100.0 10.63 6.2278
125 65 42.0055 0.84 100.0 445.0 549.6 1346.51 1132.09 3.91 5.72 138.81 2211.89 8317.1 1.02 42.0 130.8 2387.96 8084.79 9.3636 0.02 328 2212 100.0 10.75 6.367
125 66 0.0022 0.0 100.0 518.67 642.45 1586.46 1400.6 14.62 21.61 554.07 2388.06 9059.87 1.3 47.32 521.94 2388.06 8135.67 8.4239 0.03 391 2388 100.0 38.88 23.4277
125 67 9.9982 0.2505 100.0 489.05 604.73 1501.79 1309.28 10.52 15.49 395.23 2318.92 8781.53 1.26 45.27 372.06 2388.09 8130.23 8.6165 0.03 368 2319 100.0 28.45 17.1401
125 68 42.002 0.84 100.0 445.0 549.67 1352.95 1123.49 3.91 5.71 138.83 2211.93 8321.68 1.02 41.92 130.35 2387.93 8084.04 9.3524 0.02 330 2212 100.0 10.7 6.3679
125 69 41.9994 0.841 100.0 445.0 548.94 1351.25 1125.59 3.91 5.72 139.05 2211.9 8312.26 1.02 41.94 130.75 2388.01 8081.63 9.3306 0.02 331 2212 100.0 10.54 6.4478
125 70 20.0045 0.7 100.0 491.19 607.72 1481.64 1248.93 9.35 13.66 335.43 2323.92 8724.28 1.08 44.44 315.11 2388.04 8059.07 9.2093 0.02 365 2324 100.0 24.55 14.7491
125 71 25.0072 0.6211 60.0 462.54 536.96 1252.4 1043.15 7.05 9.03 176.0 1915.36 8007.6 0.94 36.67 164.7 2028.21 7875.66 10.8538 0.02 307 1915 84.93 14.29 8.6019
125 72 10.0064 0.25 100.0 489.05 604.92 1488.21 1306.25 10.52 15.49 395.08 2318.91 8781.33 1.26 45.12 372.23 2388.05 8136.76 8.6094 0.03 370 2319 100.0 28.71 17.2385
125 73 42.0046 0.8405 100.0 445.0 549.57 1357.32 1119.2 3.91 5.71 138.45 2211.84 8318.35 1.02 42.09 131.16 2387.96 8083.28 9.3582 0.02 332 2212 100.0 10.64 6.3781
125 74 24.9987 0.62 60.0 462.54 536.08 1261.63 1044.55 7.05 9.02 175.22 1915.31 8015.23 0.94 36.52 164.63 2028.2 7873.02 10.9 0.02 305 1915 84.93 14.35 8.6548
125 75 25.0066 0.6205 60.0 462.54 536.87 1260.04 1043.45 7.05 9.03 175.43 1915.35 8012.32 0.94 36.57 164.74 2028.23 7876.44 10.8674 0.02 306 1915 84.93 14.35 8.4743
125 76 10.0036 0.2502 100.0 489.05 604.78 1508.65 1309.14 10.52 15.49 394.65 2318.91 8790.75 1.26 45.42 371.87 2388.14 8131.17 8.6423 0.03 370 2319 100.0 28.51 17.0427
125 77 0.001 0.0 100.0 518.67 642.13 1591.22 1403.68 14.62 21.61 553.55 2388.09 9055.86 1.3 47.41 521.4 2388.06 8133.28 8.4158 0.03 393 2388 100.0 38.89 23.3489
125 78 10.0072 0.2516 100.0 489.05 604.37 1506.27 1313.93 10.52 15.49 394.77 2318.83 8775.2 1.26 45.37 371.79 2388.07 8130.39 8.671 0.03 369 2319 100.0 28.56 17.1655
125 79 24.9998 0.62 60.0 462.54 536.62 1264.23 1051.61 7.05 9.03 175.95 1915.42 8008.43 0.94 36.73 164.65 2028.28 7881.36 10.8958 0.02 308 1915 84.93 14.49 8.6758
125 80 41.9985 0.8405 100.0 445.0 549.03 1345.31 1127.77 3.91 5.72 138.81 2211.96 8320.97 1.02 42.03 130.98 2387.96 8083.49 9.3726 0.02 329 2212 100.0 10.53 6.3381
125 81 10.0013 0.25 100.0 489.05 604.84 1498.27 1301.33 10.52 15.49 395.29 2318.92 8782.48 1.26 45.32 371.64 2388.01 8131.93 8.6277 0.03 365 2319 100.0 28.68 17.2526
125 82 9.9999 0.2507 100.0 489.05 604.43 1497.71 1310.15 10.52 15.49 395.08 2318.9 8780.86 1.26 45.38 371.26 2388.08 8133.65 8.6359 0.03 368 2319 100.0 28.74 17.168
125 83 41.9998 0.84 100.0 445.0 549.02 1355.63 1120.4 3.91 5.72 138.51 2211.95 8320.2 1.02 41.95 130.3 2388.0 8090.73 9.349 0.02 332 2212 100.0 10.57 6.4837
125 84 0.0004 0.0004 100.0 518.67 642.65 1590.01 1405.72 14.62 21.61 554.24 2388.06 9060.78 1.3 47.4 521.89 2388.08 8136.71 8.4004 0.03 392 2388 100.0 38.82 23.4706
125 85 25.0059 0.6202 60.0 462.54 536.56 1257.45 1042.11 7.05 9.02 175.38 1915.3 8003.02 0.94 36.79 164.59 2028.29 7875.84 10.9001 0.02 307 1915 84.93 14.26 8.5828
125 86 42.004 0.84 100.0 445.0 549.39 1359.18 1120.02 3.91 5.72 138.49 2211.94 8318.37 1.02 41.89 130.67 2388.01 8087.02 9.3351 0.02 331 2212 100.0 10.65 6.3335
125 87 24.9996 0.6201 60.0 462.54 536.6 1257.7 1041.48 7.05 9.03 175.94 1915.36 8007.7 0.94 36.82 164.2 2028.21 7872.76 10.8705 0.02 306 1915 84.93 14.36 8.5777
125 88 41.9982 0.84 100.0 445.0 549.87 1351.49 1115.63 3.91 5.71 138.58 2211.96 8318.6 1.02 42.01 131.11 2387.98 8084.73 9.3636 0.02 330 2212 100.0 10.6 6.3962
125 89 0.0015 0.0 100.0 518.67 642.23 1584.86 1412.68 14.62 21.61 553.43 2388.05 9050.85 1.3 47.29 521.53 2388.06 8138.5 8.4223 0.03 393 2388 100.0 38.89 23.2664
125 90 0.002 0.0015 100.0 518.67 642.39 1585.74 1400.64 14.62 21.61 553.64 2388.05 9057.17 1.3 47.36 521.9 2388.07 8138.3 8.4256 0.03 394 2388 100.0 39.0 23.3809
125 91 20.0054 0.7 100.0 491.19 607.25 1473.72 1256.05 9.35 13.65 334.92 2323.95 8722.48 1.08 44.35 315.25 2388.06 8068.16 9.2101 0.02 364 2324 100.0 24.48 14.6652
125 92 42.0052 0.84 100.0 445.0 549.25 1352.05 1123.24 3.91 5.72 138.33 2211.96 8320.84 1.02 41.98 131.2 2388.04 8089.9 9.353 0.02 329 2212 100.0 10.62 6.3207
125 93 10.001 0.25 100.0 489.05 604.68 1497.51 1308.23 10.52 15.49 393.71 2318.93 8777.8 1.26 45.39 371.22 2388.06 8134.88 8.6481 0.03 369 2319 100.0 28.44 17.113
125 94 20.005 0.7019 100.0 491.19 607.13 1483.98 1247.91 9.35 13.65 334.52 2323.96 8726.8 1.08 44.21 314.99 2388.09 8062.81 9.2173 0.02 366 2324 100.0 24.55 14.5857
125 95 42.0044 0.84 100.0 445.0 549.24 1355.15 1122.76 3.91 5.71 138.91 2211.93 8319.67 1.02 41.97 130.03 2388.04 8088.45 9.3972 0.02 330 2212 100.0 10.48 6.3322
125 96 10.0071 0.25 100.0 489.05 604.62 1494.93 1308.46 10.52 15.49 394.38 2318.91 8774.98 1.26 45.35 371.74 2388.08 8134.03 8.6591 0.03 368 2319 100.0 28.66 17.0807
125 97 42.0025 0.8416 100.0 445.0 549.62 1359.02 1130.22 3.91 5.72 138.25 2211.94 8321.94 1.02 42.0 130.59 2388.04 8087.02 9.3454 0.02 330 2212 100.0 10.83 6.3162
125 98 0.0015 0.001 100.0 518.67 642.8 1592.69 1409.81 14.62 21.61 553.55 2388.1 9064.15 1.3 47.51 521.73 2388.12 8138.92 8.444 0.03 393 2388 100.0 38.86 23.2317
125 99 10.0027 0.25 100.0 489.05 604.66 1499.29 1303.47 10.52 15.49 394.35 2318.99 8782.46 1.26 45.35 371.25 2388.14 8130.5 8.6373 0.03 369 2319 100.0 28.4 17.143
125 100 20.0064 0.7 100.0 491.19 607.77 1483.75 1245.36 9.35 13.65 334.36 2323.95 8721.35 1.08 44.32 314.58 2388.06 8063.01 9.2523 0.02 365 2324 100.0 24.36 14.6248
125 101 20.002 0.7003 100.0 491.19 607.51 1477.47 1249.76 9.35 13.66 334.02 2323.98 8722.23 1.08 44.38 315.25 2388.1 8061.05 9.1998 0.02 365 2324 100.0 24.59 14.7041
125 102 0.002 0.0005 100.0 518.67 642.3 1587.77 1400.32 14.62 21.61 553.99 2388.11 9055.72 1.3 47.27 521.84 2388.11 8137.29 8.4012 0.03 394 2388 100.0 38.85 23.4064
125 103 0.0026 0.0 100.0 518.67 642.3 1590.53 1404.83 14.62 21.61 553.32 2388.07 9058.65 1.3 47.33 521.89 2388.11 8133.05 8.3897 0.03 394 2388 100.0 38.84 23.3352
125 104 25.0047 0.62 60.0 462.54 537.23 1261.65 1056.48 7.05 9.03 175.89 1915.42 8009.35 0.94 36.42 164.66 2028.29 7876.18 10.9196 0.02 308 1915 84.93 14.35 8.5916
125 105 20.0077 0.7 100.0 491.19 607.18 1482.37 1245.71 9.35 13.66 335.04 2323.95 8730.4 1.08 44.29 315.28 2388.1 8064.89 9.209 0.02 365 2324 100.0 24.41 14.7588
125 106 0.0011 0.0019 100.0 518.67 642.98 1584.91 1400.32 14.62 21.61 553.4 2388.11 9062.25 1.3 47.64 521.55 2388.11 8138.39 8.4324 0.03 394 2388 100.0 38.96 23.2887
125 107 0.001 0.0 100.0 518.67 642.55 1582.82 1407.18 14.62 21.61 553.49 2388.07 9060.27 1.3 47.59 521.45 2388.03 8136.79 8.443 0.03 393 2388 100.0 38.77 23.3183
125 108 25.0011 0.62 60.0 462.54 536.83 1267.54 1048.51 7.05 9.03 175.11 1915.31 8011.1 0.94 36.69 164.36 2028.27 7877.92 10.8599 0.02 308 1915 84.93 14.29 8.5245
125 109 9.999 0.2509 100.0 489.05 604.69 1500.57 1303.75 10.52 15.49 394.45 2318.89 8775.17 1.26 45.24 371.81 2388.08 8130.54 8.6729 0.03 369 2319 100.0 28.51 17.1874
125 110 42.0031 0.8408 100.0 445.0 549.8 1349.73 1123.35 3.91 5.71 138.54 2211.94 8323.54 1.02 42.1 130.67 2388.05 8086.45 9.3648 0.02 330 2212 100.0 10.64 6.4242
125 111 42.003 0.8415 100.0 445.0 549.39 1352.3 1124.59 3.91 5.72 138.9 2211.9 8319.35 1.02 42.27 130.43 2388.03 8086.26 9.3756 0.02 331 2212 100.0 10.76 6.2659
125 112 42.0046 0.8414 100.0 445.0 549.03 1355.6 1129.68 3.91 5.72 138.86 2212.02 8321.81 1.02 41.84 130.96 2388.09 8087.85 9.3516 0.02 332 2212 100.0 10.48 6.4121
125 113 25.0029 0.6216 60.0 462.54 536.31 1260.85 1046.98 7.05 9.03 175.33 1915.44 8008.89 0.94 36.69 165.02 2028.3 7883.21 10.8948 0.02 308 1915 84.93 14.3 8.5576
125 114 41.9999 0.8408 100.0 445.0 549.59 1349.01 1127.96 3.91 5.71 138.93 2211.93 8324.69 1.02 42.18 130.86 2388.05 8091.95 9.3609 0.02 333 2212 100.0 10.6 6.3538
125 115 25.0047 0.62 60.0 462.54 536.71 1256.81 1047.79 7.05 9.03 175.68 1915.44 8010.21 0.94 36.87 164.83 2028.26 7875.93 10.9221 0.02 308 1915 84.93 14.32 8.4467
125 116 42.0027 0.84 100.0 445.0 549.42 1350.95 1135.03 3.91 5.72 139.44 2211.97 8332.53 1.02 42.22 130.57 2388.03 8087.93 9.401 0.02 330 2212 100.0 10.65 6.3373
125 117 19.998 0.7 100.0 491.19 607.19 1487.49 1255.97 9.35 13.65 334.47 2324.01 8725.03 1.08 44.41 315.43 2388.16 8068.26 9.2364 0.02 365 2324 100.0 24.31 14.7353
125 118 24.9987 0.62 60.0 462.54 536.35 1260.16 1049.48 7.05 9.03 176.15 1915.36 8017.86 0.94 36.93 163.9 2028.33 7878.41 10.9039 0.02 307 1915 84.93 14.36 8.6029
125 119 25.006 0.62 60.0 462.54 536.76 1264.23 1051.81 7.05 9.03 175.96 1915.47 8022.05 0.94 36.8 164.58 2028.31 7885.04 10.9203 0.02 307 1915 84.93 14.1 8.6021
125 120 24.9985 0.6203 60.0 462.54 536.51 1264.98 1058.64 7.05 9.03 175.99 1915.43 8008.58 0.94 36.98 164.94 2028.33 7874.96 10.8994 0.02 305 1915 84.93 14.27 8.59
125 121 25.0002 0.6202 60.0 462.54 537.15 1264.19 1050.63 7.05 9.03 175.6 1915.4 8016.71 0.94 37.01 164.85 2028.28 7882.51 10.9371 0.02 306 1915 84.93 14.32 8.5387
125 122 20.0072 0.7 100.0 491.19 607.8 1486.06 1259.13 9.35 13.66 334.92 2323.99 8728.59 1.08 44.41 314.88 2388.15 8065.54 9.2023 0.02 365 2324 100.0 24.41 14.6554
125 123 20.0063 0.7009 100.0 491.19 607.16 1487.24 1258.84 9.35 13.66 334.27 2323.99 8730.91 1.08 44.46 314.71 2388.13 8069.55 9.2112 0.02 366 2324 100.0 24.44 14.7192
125 124 34.999 0.84 100.0 449.44 555.65 1367.69 1136.83 5.48 8.0 193.77 2223.08 8357.14 1.02 42.0 183.16 2388.2 8070.79 9.3443 0.02 333 2223 100.0 14.87 8.8774
125 125 20.0039 0.7 100.0 491.19 607.4 1481.66 1251.72 9.35 13.66 333.99 2324.01 8737.13 1.08 44.53 314.39 2388.18 8073.18 9.2531 0.02 364 2324 100.0 24.56 14.701
125 126 10.0077 0.2508 100.0 489.05 604.46 1506.3 1311.85 10.52 15.49 394.59 2318.98 8784.9 1.26 45.34 371.23 2388.17 8137.21 8.6651 0.03 371 2319 100.0 28.53 16.9917
125 127 42.0072 0.8409 100.0 445.0 549.54 1360.11 1131.69 3.91 5.72 138.29 2211.99 8327.84 1.02 42.03 130.61 2388.11 8089.95 9.386 0.02 331 2212 100.0 10.53 6.3498
125 128 9.9991 0.25 100.0 489.05 605.49 1503.27 1319.37 10.52 15.49 393.85 2318.98 8781.38 1.26 45.56 371.48 2388.22 8132.87 8.6872 0.03 370 2319 100.0 28.63 17.0829
125 129 42.0037 0.8414 100.0 445.0 549.84 1350.26 1127.72 3.91 5.72 138.81 2212.0 8333.35 1.02 42.09 130.33 2388.08 8094.8 9.4011 0.02 332 2212 100.0 10.7 6.4145
125 130 10.0045 0.2506 100.0 489.05 604.68 1506.61 1310.71 10.52 15.49 394.4 2319.02 8782.71 1.26 45.51 371.57 2388.21 8135.56 8.6751 0.03 370 2319 100.0 28.47 17.1103
125 131 41.9982 0.8417 100.0 445.0 550.29 1353.06 1133.94 3.91 5.72 138.43 2212.01 8332.58 1.02 42.27 130.63 2388.14 8096.34 9.3637 0.02 331 2212 100.0 10.67 6.3468
125 132 9.9999 0.2502 100.0 489.05 604.81 1501.68 1316.9 10.52 15.49 394.87 2319.01 8787.51 1.26 45.57 371.2 2388.16 8135.17 8.7059 0.03 371 2319 100.0 28.52 17.0859
125 133 42.0043 0.84 100.0 445.0 550.01 1360.6 1133.38 3.91 5.72 139.37 2211.98 8328.22 1.02 42.27 130.05 2388.1 8094.32 9.4277 0.02 332 2212 100.0 10.81 6.379
125 134 42.0036 0.8402 100.0 445.0 549.83 1365.59 1134.15 3.91 5.72 138.61 2211.97 8328.82 1.02 42.18 130.43 2388.08 8089.75 9.4039 0.02 332 2212 100.0 10.73 6.3414
125 135 25.0024 0.62 60.0 462.54 536.98 1268.56 1061.83 7.05 9.03 175.68 1915.45 8017.62 0.94 37.05 164.88 2028.4 7879.63 10.9558 0.02 307 1915 84.93 14.16 8.6209
125 136 42.0013 0.841 100.0 445.0 550.03 1359.51 1130.74 3.91 5.72 137.87 2212.05 8331.23 1.02 42.43 130.56 2388.15 8094.42 9.3862 0.02 330 2212 100.0 10.71 6.3245
125 137 20.0037 0.7007 100.0 491.19 607.88 1487.98 1254.31 9.35 13.66 334.13 2324.04 8731.66 1.07 44.56 314.5 2388.13 8071.27 9.2446 0.03 365 2324 100.0 24.46 14.6066
125 138 0.0002 0.0004 100.0 518.67 643.05 1593.41 1418.01 14.62 21.61 553.71 2388.15 9069.06 1.3 47.68 520.66 2388.13 8146.37 8.4182 0.03 394 2388 100.0 38.66 23.1841
125 139 0.0015 0.0 100.0 518.67 642.76 1596.98 1418.77 14.62 21.61 552.57 2388.12 9070.48 1.3 47.61 521.06 2388.14 8146.68 8.5115 0.03 394 2388 100.0 38.74 23.2609
125 140 25.0028 0.6214 60.0 462.54 536.81 1265.52 1059.64 7.05 9.03 175.83 1915.55 8022.73 0.94 36.96 164.71 2028.39 7881.94 10.9564 0.02 309 1915 84.93 14.24 8.4998
125 141 10.0023 0.25 100.0 489.05 605.41 1503.35 1318.71 10.52 15.5 393.38 2319.0 8788.54 1.26 45.58 370.66 2388.17 8133.31 8.7129 0.03 370 2319 100.0 28.39 16.9873
125 142 20.0011 0.7009 100.0 491.19 607.41 1484.98 1259.3 9.35 13.66 333.39 2324.15 8732.18 1.08 44.69 314.51 2388.24 8067.09 9.2486 0.03 366 2324 100.0 24.39 14.6297
125 143 9.9981 0.2502 100.0 489.05 605.52 1512.61 1314.28 10.52 15.5 394.55 2319.03 8800.14 1.26 45.76 371.14 2388.24 8141.72 8.6927 0.03 371 2319 100.0 28.4 17.0584
125 144 25.0002 0.6208 60.0 462.54 537.35 1265.85 1059.21 7.05 9.03 174.71 1915.5 8021.71 0.94 36.82 164.92 2028.47 7887.75 10.9391 0.02 309 1915 84.93 14.17 8.5147
125 145 20.0053 0.7005 100.0 491.19 608.19 1493.03 1256.17 9.35 13.66 334.41 2324.11 8737.17 1.08 44.81 314.27 2388.23 8072.71 9.2601 0.02 365 2324 100.0 24.37 14.5976
125 146 35.008 0.8401 100.0 449.44 556.52 1369.42 1142.67 5.48 8.0 194.17 2223.11 8367.3 1.02 42.32 182.94 2388.23 8072.95 9.4126 0.02 335 2223 100.0 14.8 8.8979
125 147 25.0047 0.622 60.0 462.54 537.35 1265.7 1050.75 7.05 9.03 174.86 1915.54 8019.76 0.94 37.1 164.51 2028.44 7884.57 10.937 0.02 307 1915 84.93 14.13 8.5578
125 148 10.0026 0.25 100.0 489.05 605.65 1507.64 1319.91 10.52 15.5 393.67 2319.05 8797.66 1.26 45.62 370.95 2388.26 8144.77 8.6872 0.03 372 2319 100.0 28.52 17.0261
125 149 35.0028 0.8414 100.0 449.44 556.19 1373.09 1134.06 5.48 8.0 194.14 2223.13 8362.98 1.02 42.17 182.59 2388.27 8076.82 9.3647 0.02 336 2223 100.0 14.71 8.9382
125 150 42.0026 0.84 100.0 445.0 550.27 1364.64 1132.53 3.91 5.72 138.17 2212.09 8341.35 1.02 42.36 130.61 2388.19 8098.16 9.4204 0.02 333 2212 100.0 10.62 6.3251
125 151 42.0044 0.8407 100.0 445.0 550.23 1356.11 1137.52 3.91 5.72 138.41 2212.19 8341.94 1.02 42.26 130.63 2388.23 8102.91 9.4219 0.02 332 2212 100.0 10.57 6.3731
125 152 42.001 0.8401 100.0 445.0 549.85 1360.25 1135.66 3.91 5.72 137.73 2212.07 8334.26 1.02 42.5 130.75 2388.21 8101.48 9.4333 0.02 334 2212 100.0 10.35 6.2767
125 153 35.001 0.84 100.0 449.44 556.22 1368.94 1147.52 5.48 8.0 193.47 2223.23 8369.13 1.02 42.34 182.6 2388.31 8080.98 9.3823 0.02 334 2223 100.0 14.63 8.9748
125 154 35.0075 0.8409 100.0 449.44 556.15 1375.42 1142.11 5.48 8.0 195.06 2223.21 8363.08 1.02 42.25 182.33 2388.39 8081.62 9.3722 0.02 335 2223 100.0 14.87 8.9308
125 155 35.0037 0.84 100.0 449.44 556.33 1375.36 1139.95 5.48 8.0 194.66 2223.25 8370.39 1.02 42.37 182.29 2388.37 8084.64 9.3736 0.02 337 2223 100.0 14.78 8.9377
125 156 0.0015 0.0002 100.0 518.67 643.61 1594.47 1416.79 14.62 21.61 552.41 2388.22 9077.76 1.3 47.79 520.24 2388.21 8150.78 8.4727 0.03 395 2388 100.0 38.63 23.1184
125 157 35.0046 0.8416 100.0 449.44 556.31 1375.24 1147.43 5.48 8.01 194.18 2223.26 8376.24 1.02 42.35 182.55 2388.35 8084.78 9.385 0.02 335 2223 100.0 14.65 8.7746
125 158 34.9997 0.84 100.0 449.44 555.89 1370.59 1142.08 5.48 8.0 193.15 2223.31 8365.85 1.02 42.29 182.64 2388.43 8085.53 9.3665 0.02 336 2223 100.0 14.65 8.8215
125 159 0.0014 0.0018 100.0 518.67 643.38 1591.0 1425.44 14.62 21.61 552.32 2388.16 9075.95 1.3 47.93 520.35 2388.21 8157.41 8.493 0.03 395 2388 100.0 38.73 23.0563
125 160 35.0039 0.8413 100.0 449.44 556.42 1378.38 1138.0 5.48 8.0 193.8 2223.26 8374.91 1.02 42.42 182.41 2388.45 8083.96 9.3954 0.02 336 2223 100.0 14.72 8.7551
125 161 10.002 0.2516 100.0 489.05 605.97 1511.55 1329.44 10.52 15.5 392.99 2319.15 8806.85 1.26 45.94 370.78 2388.35 8148.74 8.7078 0.03 373 2319 100.0 28.19 16.9815
125 162 25.0035 0.6214 60.0 462.54 536.99 1270.32 1066.07 7.05 9.03 174.77 1915.64 8036.43 0.94 37.31 164.18 2028.58 7890.93 10.9841 0.02 309 1915 84.93 14.16 8.4622
125 163 10.0047 0.25 100.0 489.05 605.92 1507.21 1329.14 10.52 15.5 393.98 2319.17 8806.17 1.26 45.91 370.4 2388.35 8155.14 8.7525 0.03 372 2319 100.0 28.39 16.9509
125 164 19.9988 0.7008 100.0 491.19 608.08 1493.64 1264.02 9.35 13.66 333.71 2324.22 8754.76 1.07 44.95 314.18 2388.38 8076.68 9.3541 0.03 367 2324 100.0 24.23 14.4656
125 165 42.0035 0.8416 100.0 445.0 549.97 1367.29 1137.15 3.91 5.72 137.43 2212.17 8353.09 1.02 42.75 130.02 2388.27 8108.21 9.4159 0.02 334 2212 100.0 10.58 6.333
125 166 19.9985 0.7 100.0 491.19 608.28 1488.89 1264.38 9.35 13.66 333.55 2324.27 8750.6 1.08 45.0 313.41 2388.39 8081.06 9.3053 0.03 369 2324 100.0 24.28 14.4306
125 167 20.0041 0.7 100.0 491.19 608.43 1496.16 1275.09 9.35 13.66 334.03 2324.33 8758.15 1.07 45.16 314.11 2388.47 8085.3 9.2908 0.03 366 2324 100.0 24.27 14.5171
125 168 42.0067 0.8411 100.0 445.0 551.02 1370.14 1145.52 3.91 5.72 138.65 2212.29 8358.08 1.02 42.56 129.9 2388.37 8104.79 9.4272 0.02 334 2212 100.0 10.33 6.3756
