51 1 -0.0002 0.0004 100.0 518.67 642.23 1586.24 1405.46 14.62 21.61 553.66 2388.0 9051.62 1.3 47.28 522.02 2388.1 8134.3 8.3832 0.03 392 2388 100.0 38.84 23.3936
51 2 -0.0005 0.0001 100.0 518.67 642.3 1585.02 1398.12 14.62 21.61 554.24 2388.09 9050.51 1.3 47.35 522.21 2388.07 8134.4 8.3984 0.03 393 2388 100.0 38.87 23.4163
51 3 -0.0003 -0.0005 100.0 518.67 642.39 1589.29 1405.5 14.62 21.61 553.93 2388.03 9050.5 1.3 47.25 522.28 2388.09 8141.84 8.3965 0.03 393 2388 100.0 39.21 23.2705
51 4 0.0005 0.0001 100.0 518.67 641.99 1582.96 1406.97 14.62 21.61 554.53 2388.05 9060.36 1.3 47.28 522.02 2388.08 8134.78 8.4045 0.03 392 2388 100.0 38.86 23.3072
51 5 -0.001 -0.0 100.0 518.67 642.41 1582.9 1406.2 14.62 21.61 554.37 2388.09 9059.1 1.3 47.23 521.9 2388.07 8130.59 8.4064 0.03 392 2388 100.0 38.82 23.3586
51 6 0.0022 -0.0001 100.0 518.67 642.24 1583.58 1405.32 14.62 21.61 554.31 2388.04 9049.11 1.3 47.37 521.84 2388.05 8133.48 8.4319 0.03 392 2388 100.0 38.78 23.4416
51 7 0.0018 -0.0004 100.0 518.67 642.47 1584.7 1404.37 14.62 21.61 554.23 2388.03 9042.25 1.3 47.34 521.59 2388.07 8134.7 8.4172 0.03 392 2388 100.0 39.04 23.464
51 8 0.0002 -0.0003 100.0 518.67 642.36 1584.25 1402.1 14.62 21.61 553.99 2388.05 9053.92 1.3 47.14 521.19 2388.07 8131.35 8.4564 0.03 391 2388 100.0 38.64 23.3493
51 9 0.0003 -0.0003 100.0 518.67 642.47 1582.71 1396.99 14.62 21.61 554.2 2388.05 9057.75 1.3 47.37 521.85 2388.06 8134.57 8.3958 0.03 392 2388 100.0 38.97 23.2214
51 10 -0.0001 -0.0003 100.0 518.67 642.25 1586.5 1401.57 14.62 21.61 553.89 2388.03 9051.6 1.3 47.29 522.18 2388.05 8135.5 8.4033 0.03 391 2388 100.0 38.97 23.3585
51 11 -0.0013 -0.0003 100.0 518.67 641.95 1585.17 1405.59 14.62 21.61 554.08 2388.03 9059.83 1.3 47.36 521.96 2388.01 8141.84 8.3887 0.03 393 2388 100.0 38.99 23.3637
51 12 0.0021 0.0004 100.0 518.67 642.4 1583.45 1401.33 14.62 21.61 553.75 2388.06 9059.11 1.3 47.22 522.38 2387.97 8130.43 8.4093 0.03 393 2388 100.0 38.89 23.2452
51 13 0.0023 0.0005 100.0 518.67 642.2 1586.51 1403.51 14.62 21.61 553.68 2388.03 9052.12 1.3 47.31 522.27 2387.99 8135.48 8.4013 0.03 390 2388 100.0 38.92 23.3689
51 14 -0.0006 -0.0 100.0 518.67 641.99 1586.68 1402.67 14.62 21.61 553.9 2388.01 9054.78 1.3 47.41 522.55 2388.09 8136.29 8.4599 0.03 392 2388 100.0 38.86 23.3754
51 15 0.0 0.0004 100.0 518.67 642.37 1590.8 1401.4 14.62 21.61 554.17 2388.06 9054.42 1.3 47.14 522.11 2388.09 8137.98 8.4366 0.03 392 2388 100.0 38.95 23.3697
51 16 0.0002 -0.0001 100.0 518.67 642.42 1583.98 1398.25 14.62 21.61 555.13 2388.03 9055.81 1.3 47.19 522.14 2388.05 8136.9 8.4416 0.03 391 2388 100.0 39.13 23.3788
51 17 -0.0026 -0.0001 100.0 518.67 642.46 1578.25 1408.22 14.62 21.61 554.13 2388.04 9051.51 1.3 47.48 522.04 2388.02 8134.13 8.4113 0.03 391 2388 100.0 39.0 23.32
51 18 0.001 0.0001 100.0 518.67 642.36 1580.42 1397.39 14.62 21.61 553.71 2388.06 9055.92 1.3 47.29 522.2 2388.07 8138.95 8.4177 0.03 391 2388 100.0 38.93 23.4367
51 19 0.0003 0.0004 100.0 518.67 641.95 1582.56 1400.71 14.62 21.61 554.14 2388.05 9058.04 1.3 47.16 522.11 2388.01 8131.48 8.3977 0.03 394 2388 100.0 39.1 23.4157
51 20 -0.0054 0.0001 100.0 518.67 641.97 1586.22 1399.73 14.62 21.61 554.36 2388.04 9052.87 1.3 47.47 522.14 2388.02 8129.51 8.4439 0.03 391 2388 100.0 39.1 23.3952
51 21 0.0005 -0.0002 100.0 518.67 641.96 1584.75 1398.1 14.62 21.61 553.79 2388.06 9055.35 1.3 47.3 522.03 2388.07 8131.99 8.4471 0.03 392 2388 100.0 38.93 23.3401
51 22 -0.0032 0.0 100.0 518.67 642.32 1584.98 1396.75 14.62 21.61 553.58 2388.03 9054.27 1.3 47.42 522.09 2388.05 8134.59 8.41 0.03 392 2388 100.0 39.01 23.3474
51 23 -0.006 -0.0003 100.0 518.67 642.05 1585.35 1402.02 14.62 21.61 553.79 2388.08 9058.43 1.3 47.46 522.63 2388.03 8133.67 8.4114 0.03 392 2388 100.0 39.01 23.4125
51 24 -0.0004 0.0003 100.0 518.67 642.55 1588.62 1397.42 14.62 21.61 553.87 2388.04 9052.87 1.3 47.29 522.41 2388.05 8131.69 8.4234 0.03 391 2388 100.0 38.88 23.3342
51 25 0.0014 -0.0001 100.0 518.67 641.95 1584.24 1399.78 14.62 21.61 553.97 2388.01 9054.52 1.3 47.41 521.97 2388.04 8133.57 8.3874 0.03 393 2388 100.0 38.84 23.2969
51 26 -0.0023 -0.0001 100.0 518.67 642.66 1588.96 1407.88 14.62 21.61 554.52 2388.07 9053.87 1.3 47.41 521.72 2388.06 8135.63 8.4224 0.03 390 2388 100.0 38.96 23.4373
51 27 0.0041 0.0 100.0 518.67 642.4 1587.42 1392.64 14.62 21.61 553.91 2388.04 9059.02 1.3 47.24 522.7 2388.08 8144.45 8.4054 0.03 392 2388 100.0 38.88 23.4336
51 28 -0.0004 0.0002 100.0 518.67 642.62 1587.16 1395.96 14.62 21.61 554.44 2388.09 9050.08 1.3 47.34 522.32 2388.09 8135.02 8.3983 0.03 393 2388 100.0 39.05 23.491
51 29 -0.0015 0.0004 100.0 518.67 642.12 1587.53 1398.77 14.62 21.61 553.92 2388.04 9057.78 1.3 47.42 521.72 2388.05 8143.71 8.4468 0.03 392 2388 100.0 38.98 23.3718
51 30 -0.0016 -0.0 100.0 518.67 642.35 1583.71 1404.33 14.62 21.61 554.2 2387.98 9054.29 1.3 47.35 522.36 2388.02 8136.67 8.4193 0.03 393 2388 100.0 39.04 23.4477
51 31 -0.0 -0.0002 100.0 518.67 642.8 1590.92 1403.9 14.62 21.61 553.88 2388.07 9056.45 1.3 47.23 521.96 2388.08 8134.87 8.3888 0.03 392 2388 100.0 39.14 23.3278
51 32 -0.0026 0.0001 100.0 518.67 642.54 1586.98 1404.18 14.62 21.61 553.87 2388.07 9059.74 1.3 47.28 522.04 2388.08 8135.57 8.4164 0.03 391 2388 100.0 39.02 23.3897
51 33 -0.004 0.0003 100.0 518.67 642.26 1584.97 1401.37 14.62 21.61 553.66 2388.05 9056.18 1.3 47.34 521.86 2388.07 8134.36 8.4466 0.03 392 2388 100.0 38.92 23.3756
51 34 0.0011 0.0002 100.0 518.67 642.65 1589.03 1397.99 14.62 21.61 553.67 2388.06 9050.82 1.3 47.24 522.21 2388.06 8135.85 8.4279 0.03 392 2388 100.0 38.91 23.4454
51 35 -0.0032 -0.0002 100.0 518.67 642.24 1581.35 1398.76 14.62 21.6 554.56 2388.08 9058.71 1.3 47.34 522.04 2388.0 8137.28 8.4228 0.03 393 2388 100.0 38.98 23.4945
51 36 -0.0028 -0.0004 100.0 518.67 641.96 1586.21 1395.57 14.62 21.61 553.58 2387.99 9050.33 1.3 47.23 521.86 2388.0 8141.63 8.4219 0.03 392 2388 100.0 39.04 23.4506
51 37 -0.0015 -0.0004 100.0 518.67 642.6 1585.05 1396.53 14.62 21.61 554.46 2388.05 9060.01 1.3 47.44 521.62 2388.03 8135.83 8.3964 0.03 392 2388 100.0 38.94 23.4117
51 38 0.0021 0.0004 100.0 518.67 642.05 1584.75 1406.89 14.62 21.61 554.06 2388.12 9049.7 1.3 47.33 522.22 2388.06 8134.01 8.4307 0.03 391 2388 100.0 38.92 23.4527
51 39 -0.0008 -0.0003 100.0 518.67 642.74 1593.06 1403.12 14.62 21.61 553.83 2388.05 9060.69 1.3 47.2 521.74 2388.02 8139.0 8.4144 0.03 392 2388 100.0 39.03 23.4678
51 40 0.0058 0.0002 100.0 518.67 642.14 1588.27 1401.02 14.62 21.61 553.63 2388.08 9055.58 1.3 47.29 522.12 2388.08 8136.64 8.4434 0.03 390 2388 100.0 38.88 23.3397
51 41 -0.0005 0.0004 100.0 518.67 642.22 1582.18 1405.5 14.62 21.61 554.31 2388.08 9056.56 1.3 47.19 522.47 2388.02 8141.57 8.38 0.03 393 2388 100.0 38.93 23.4944
51 42 -0.0008 -0.0004 100.0 518.67 641.81 1589.02 1396.83 14.62 21.61 554.29 2388.01 9053.19 1.3 47.39 521.96 2388.03 8135.43 8.4013 0.03 393 2388 100.0 39.02 23.3687
51 43 0.0026 0.0004 100.0 518.67 642.9 1585.44 1407.36 14.62 21.61 553.91 2388.1 9064.98 1.3 47.33 521.84 2388.06 8134.96 8.4195 0.03 392 2388 100.0 39.19 23.3463
51 44 -0.0021 -0.0004 100.0 518.67 642.02 1586.01 1398.99 14.62 21.61 554.2 2388.07 9054.38 1.3 47.13 522.04 2388.09 8141.82 8.4359 0.03 392 2388 100.0 38.84 23.3564
51 45 0.0017 0.0004 100.0 518.67 642.06 1584.98 1403.37 14.62 21.61 554.77 2388.05 9058.69 1.3 47.34 522.08 2388.05 8133.63 8.4145 0.03 392 2388 100.0 39.05 23.2534
51 46 0.0017 0.0003 100.0 518.67 642.11 1585.0 1398.07 14.62 21.61 554.73 2388.02 9057.61 1.3 47.32 521.82 2388.04 8136.75 8.4124 0.03 391 2388 100.0 38.95 23.3817
51 47 0.002 -0.0004 100.0 518.67 642.4 1585.17 1394.9 14.62 21.61 554.03 2388.03 9051.9 1.3 47.38 522.05 2388.09 8139.44 8.4163 0.03 391 2388 100.0 38.96 23.3016
51 48 0.0018 -0.0001 100.0 518.67 642.53 1588.86 1408.38 14.62 21.61 553.51 2388.07 9061.52 1.3 47.43 522.14 2388.06 8136.02 8.3851 0.03 391 2388 100.0 38.98 23.3959
51 49 -0.0008 -0.0004 100.0 518.67 642.53 1588.71 1393.23 14.62 21.61 554.96 2388.01 9059.22 1.3 47.27 521.9 2388.11 8144.06 8.4302 0.03 392 2388 100.0 39.05 23.3528
51 50 -0.0008 -0.0002 100.0 518.67 641.87 1579.57 1403.17 14.62 21.61 554.24 2388.06 9060.75 1.3 47.26 521.77 2388.05 8134.22 8.4301 0.03 391 2388 100.0 39.02 23.2833
51 51 0.0014 -0.0004 100.0 518.67 642.36 1580.72 1405.39 14.62 21.61 553.79 2388.05 9054.64 1.3 47.42 522.18 2388.06 8132.93 8.4256 0.03 392 2388 100.0 39.0 23.2795
51 52 0.0041 -0.0002 100.0 518.67 642.56 1591.34 1400.78 14.62 21.61 554.9 2388.06 9055.82 1.3 47.26 522.02 2388.03 8133.0 8.3868 0.03 391 2388 100.0 38.92 23.4091
51 53 -0.0052 0.0 100.0 518.67 641.95 1582.29 1404.64 14.62 21.61 554.07 2388.08 9059.55 1.3 47.23 522.1 2388.07 8136.02 8.418 0.03 392 2388 100.0 38.92 23.2991
51 54 0.0003 -0.0004 100.0 518.67 642.0 1584.36 1400.6 14.62 21.61 554.45 2388.08 9060.0 1.3 47.35 521.75 2388.07 8133.0 8.4005 0.03 393 2388 100.0 38.88 23.3496
51 55 -0.0017 -0.0003 100.0 518.67 642.31 1589.68 1407.17 14.62 21.61 554.04 2388.06 9062.04 1.3 47.41 522.43 2388.05 8138.28 8.3771 0.03 395 2388 100.0 38.86 23.3808
51 56 0.0023 -0.0003 100.0 518.67 642.66 1583.97 1402.2 14.62 21.61 553.32 2388.04 9050.42 1.3 47.31 521.65 2388.05 8136.22 8.4043 0.03 393 2388 100.0 39.0 23.4391
51 57 0.0041 0.0002 100.0 518.67 642.19 1581.14 1400.12 14.62 21.61 553.24 2388.06 9054.8 1.3 47.46 521.89 2388.07 8135.96 8.4102 0.03 392 2388 100.0 39.01 23.3638
51 58 -0.0002 -0.0004 100.0 518.67 642.59 1585.69 1401.15 14.62 21.61 554.09 2388.03 9053.37 1.3 47.53 521.86 2388.06 8137.83 8.4484 0.03 392 2388 100.0 38.95 23.3194
51 59 -0.0003 0.0003 100.0 518.67 642.38 1595.39 1402.11 14.62 21.61 554.07 2388.11 9054.47 1.3 47.45 522.22 2388.02 8135.53 8.4236 0.03 392 2388 100.0 38.99 23.4322
51 60 -0.0026 0.0 100.0 518.67 642.03 1586.02 1405.55 14.62 21.61 554.65 2388.06 9052.62 1.3 47.33 522.11 2388.04 8137.29 8.4612 0.03 393 2388 100.0 38.7 23.318
51 61 0.0005 0.0002 100.0 518.67 641.79 1582.68 1402.61 14.62 21.61 554.73 2388.05 9051.06 1.3 47.15 521.65 2388.06 8137.81 8.4313 0.03 393 2388 100.0 38.96 23.3225
51 62 0.0055 -0.0001 100.0 518.67 642.23 1582.81 1401.8 14.62 21.61 553.44 2388.09 9054.47 1.3 47.37 522.35 2388.08 8139.99 8.4027 0.03 394 2388 100.0 39.06 23.3159
51 63 -0.0017 0.0003 100.0 518.67 642.43 1589.44 1407.09 14.62 21.61 554.33 2388.06 9053.51 1.3 47.44 521.71 2388.01 8136.19 8.45 0.03 393 2388 100.0 39.17 23.3171
51 64 0.0022 -0.0004 100.0 518.67 642.8 1587.05 1404.34 14.62 21.61 554.22 2388.09 9061.57 1.3 47.22 522.39 2388.07 8133.96 8.4451 0.03 392 2388 100.0 39.05 23.3669
51 65 -0.0027 0.0004 100.0 518.67 642.65 1588.66 1407.61 14.62 21.61 554.34 2388.04 9057.38 1.3 47.21 521.82 2388.04 8136.65 8.4443 0.03 392 2388 100.0 39.04 23.2796
51 66 -0.0009 -0.0005 100.0 518.67 642.12 1582.91 1405.66 14.62 21.61 554.14 2388.06 9059.73 1.3 47.28 521.73 2388.03 8133.98 8.4009 0.03 392 2388 100.0 39.19 23.2976
51 67 -0.0003 0.0003 100.0 518.67 642.68 1591.3 1400.82 14.62 21.61 553.63 2388.02 9052.95 1.3 47.51 521.46 2388.05 8138.72 8.4413 0.03 392 2388 100.0 38.88 23.3095
51 68 0.001 -0.0004 100.0 518.67 642.62 1590.3 1404.57 14.62 21.61 554.12 2388.04 9054.03 1.3 47.34 522.35 2388.08 8132.55 8.3942 0.03 392 2388 100.0 38.81 23.3543
51 69 -0.0014 -0.0001 100.0 518.67 642.43 1585.69 1406.41 14.62 21.61 553.8 2388.05 9056.99 1.3 47.38 521.83 2388.07 8136.78 8.3856 0.03 392 2388 100.0 38.96 23.3992
51 70 0.0004 -0.0004 100.0 518.67 641.9 1586.56 1398.31 14.62 21.61 553.47 2388.04 9064.02 1.3 47.38 522.19 2388.07 8140.6 8.4273 0.03 393 2388 100.0 38.93 23.4478
51 71 -0.0005 0.0002 100.0 518.67 642.41 1580.32 1404.97 14.62 21.61 553.34 2388.01 9052.89 1.3 47.41 522.18 2388.07 8143.32 8.4075 0.03 394 2388 100.0 39.11 23.3836
51 72 -0.0018 0.0003 100.0 518.67 642.45 1588.88 1395.32 14.62 21.61 553.85 2388.08 9059.32 1.3 47.43 521.61 2388.03 8137.95 8.425 0.03 392 2388 100.0 38.8 23.3922
51 73 -0.0014 -0.0001 100.0 518.67 642.39 1584.88 1402.19 14.62 21.61 553.64 2388.05 9059.62 1.3 47.26 521.75 2388.03 8137.62 8.3939 0.03 392 2388 100.0 38.9 23.2941
51 74 -0.0008 0.0004 100.0 518.67 642.17 1581.35 1407.24 14.62 21.61 554.01 2388.09 9060.22 1.3 47.33 521.92 2388.0 8145.27 8.4217 0.03 392 2388 100.0 38.9 23.4463
51 75 0.0008 -0.0002 100.0 518.67 642.39 1584.0 1397.41 14.62 21.61 554.17 2388.08 9058.71 1.3 47.34 521.67 2388.08 8138.18 8.4287 0.03 392 2388 100.0 38.9 23.3335
51 76 -0.0017 0.0004 100.0 518.67 642.62 1590.38 1406.13 14.62 21.61 554.18 2388.05 9056.85 1.3 47.24 522.02 2388.03 8143.27 8.4257 0.03 393 2388 100.0 39.07 23.3771
51 77 -0.0001 -0.0003 100.0 518.67 642.19 1581.18 1404.26 14.62 21.61 553.45 2388.09 9057.26 1.3 47.13 521.8 2388.05 8141.05 8.4008 0.03 393 2388 100.0 38.82 23.3822
51 78 0.0042 -0.0003 100.0 518.67 642.2 1585.87 1395.91 14.62 21.61 554.01 2388.08 9055.26 1.3 47.45 522.28 2388.03 8137.41 8.424 0.03 393 2388 100.0 38.63 23.3163
51 79 -0.0004 0.0001 100.0 518.67 642.09 1591.71 1406.24 14.62 21.61 554.14 2388.05 9061.24 1.3 47.44 522.01 2388.02 8141.07 8.425 0.03 392 2388 100.0 38.89 23.3421
51 80 0.0015 0.0003 100.0 518.67 642.07 1586.14 1401.35 14.62 21.61 553.77 2388.03 9057.75 1.3 47.36 522.59 2388.05 8137.97 8.4578 0.03 393 2388 100.0 39.02 23.449
51 81 -0.0021 0.0002 100.0 518.67 642.89 1589.96 1406.29 14.62 21.61 554.33 2388.01 9056.04 1.3 47.39 521.64 2388.0 8141.2 8.3957 0.03 392 2388 100.0 39.05 23.3791
51 82 -0.0015 -0.0002 100.0 518.67 642.4 1587.02 1404.46 14.62 21.61 554.19 2388.08 9061.06 1.3 47.37 522.31 2388.03 8140.31 8.4071 0.03 393 2388 100.0 38.95 23.4106
51 83 -0.0007 -0.0003 100.0 518.67 642.63 1582.02 1403.57 14.62 21.61 553.8 2388.05 9065.75 1.3 47.21 521.92 2388.04 8141.7 8.4225 0.03 393 2388 100.0 38.81 23.3163
51 84 0.0017 -0.0001 100.0 518.67 642.39 1591.87 1405.69 14.62 21.61 553.71 2388.09 9057.16 1.3 47.35 521.6 2388.07 8136.5 8.4396 0.03 394 2388 100.0 38.99 23.3655
51 85 0.001 0.0004 100.0 518.67 642.81 1585.56 1400.84 14.62 21.61 554.14 2388.08 9053.17 1.3 47.41 522.08 2388.07 8143.59 8.398 0.03 393 2388 100.0 38.95 23.3711
51 86 -0.0016 -0.0001 100.0 518.67 642.28 1585.63 1402.86 14.62 21.61 553.94 2387.99 9059.56 1.3 47.51 522.03 2388.04 8144.35 8.4195 0.03 393 2388 100.0 39.04 23.3466
51 87 0.0018 0.0002 100.0 518.67 642.37 1582.73 1408.84 14.62 21.61 553.56 2388.04 9061.12 1.3 47.17 521.37 2388.03 8141.2 8.4241 0.03 394 2388 100.0 38.83 23.4217
51 88 0.0004 -0.0003 100.0 518.67 641.78 1591.32 1407.31 14.62 21.61 553.95 2388.07 9064.44 1.3 47.62 521.67 2388.05 8142.09 8.434 0.03 394 2388 100.0 38.91 23.3695
51 89 -0.005 -0.0004 100.0 518.67 642.15 1589.21 1403.62 14.62 21.61 554.37 2388.07 9061.73 1.3 47.33 521.97 2388.04 8142.44 8.3932 0.03 392 2388 100.0 38.9 23.4425
51 90 -0.0058 -0.0004 100.0 518.67 642.32 1587.07 1401.7 14.62 21.61 554.41 2388.05 9059.69 1.3 47.52 521.42 2388.09 8141.57 8.4202 0.03 392 2388 100.0 38.88 23.3246
51 91 -0.003 -0.0002 100.0 518.67 642.33 1590.6 1403.45 14.62 21.61 553.79 2388.06 9059.63 1.3 47.47 522.53 2388.02 8139.24 8.4079 0.03 392 2388 100.0 39.02 23.3367
51 92 -0.0002 0.0004 100.0 518.67 642.83 1587.09 1404.92 14.62 21.61 553.83 2388.09 9064.24 1.3 47.54 521.45 2388.07 8137.49 8.4102 0.03 391 2388 100.0 39.01 23.2853
51 93 0.0051 -0.0004 100.0 518.67 642.17 1589.98 1408.02 14.62 21.61 553.97 2388.11 9050.38 1.3 47.52 521.88 2388.04 8140.66 8.4174 0.03 393 2388 100.0 39.16 23.3193
51 94 0.0055 -0.0005 100.0 518.67 642.67 1590.84 1400.97 14.62 21.61 554.01 2388.07 9060.78 1.3 47.4 522.06 2388.08 8142.26 8.4177 0.03 393 2388 100.0 38.86 23.2811
51 95 -0.0051 0.0004 100.0 518.67 642.46 1588.73 1405.01 14.62 21.61 554.07 2388.05 9055.32 1.3 47.29 521.84 2388.03 8143.77 8.4 0.03 393 2388 100.0 38.86 23.4114
51 96 -0.0028 -0.0002 100.0 518.67 642.19 1588.34 1406.33 14.62 21.61 553.62 2388.04 9054.59 1.3 47.24 521.89 2388.04 8146.15 8.4383 0.03 392 2388 100.0 38.86 23.3884
51 97 -0.0028 -0.0 100.0 518.67 642.64 1581.6 1407.84 14.62 21.61 554.12 2388.07 9058.1 1.3 47.33 522.09 2388.14 8143.04 8.4151 0.03 391 2388 100.0 39.04 23.4433
51 98 0.0006 -0.0004 100.0 518.67 642.03 1593.41 1411.0 14.62 21.61 554.12 2388.08 9070.43 1.3 47.38 521.91 2388.1 8144.94 8.4357 0.03 395 2388 100.0 38.97 23.3573
51 99 -0.0028 0.0003 100.0 518.67 642.51 1587.8 1401.73 14.62 21.61 553.53 2388.07 9063.67 1.3 47.42 521.45 2388.07 8143.97 8.4234 0.03 392 2388 100.0 38.95 23.3767
51 100 -0.0007 -0.0002 100.0 518.67 642.77 1589.79 1408.4 14.62 21.61 554.44 2388.02 9062.19 1.3 47.27 522.18 2388.07 8151.64 8.4075 0.03 392 2388 100.0 38.93 23.2963
51 101 0.0009 -0.0002 100.0 518.67 642.41 1584.09 1400.56 14.62 21.61 554.22 2388.06 9066.84 1.3 47.48 522.05 2388.06 8141.87 8.4698 0.03 393 2388 100.0 38.99 23.4126
51 102 -0.0004 0.0004 100.0 518.67 642.0 1587.17 1409.45 14.62 21.61 554.35 2388.06 9053.85 1.3 47.29 521.55 2388.01 8144.45 8.4355 0.03 393 2388 100.0 39.05 23.3271
51 103 0.0006 -0.0001 100.0 518.67 642.52 1600.58 1405.74 14.62 21.61 553.9 2388.03 9064.27 1.3 47.5 521.46 2388.08 8142.94 8.4399 0.03 392 2388 100.0 38.95 23.3396
51 104 -0.0011 -0.0002 100.0 518.67 642.61 1586.04 1406.25 14.62 21.61 553.3 2388.06 9063.22 1.3 47.35 521.81 2388.09 8147.82 8.3866 0.03 391 2388 100.0 39.01 23.4339
51 105 -0.002 -0.0001 100.0 518.67 642.45 1590.15 1406.94 14.62 21.61 553.71 2388.07 9058.63 1.3 47.61 522.61 2388.12 8143.8 8.4209 0.03 392 2388 100.0 39.02 23.3445
51 106 0.0003 0.0004 100.0 518.67 642.59 1588.69 1409.89 14.62 21.61 553.67 2388.08 9060.27 1.3 47.14 522.0 2388.06 8140.79 8.3922 0.03 394 2388 100.0 38.94 23.3464
51 107 0.0011 -0.0003 100.0 518.67 642.41 1580.25 1409.05 14.62 21.61 553.6 2388.05 9066.67 1.3 47.34 522.36 2388.17 8146.34 8.4009 0.03 392 2388 100.0 38.91 23.2448
51 108 0.0001 0.0002 100.0 518.67 642.52 1590.65 1402.82 14.62 21.61 553.61 2388.08 9064.4 1.3 47.38 521.34 2388.07 8143.58 8.4645 0.03 391 2388 100.0 38.94 23.3573
51 109 0.001 -0.0001 100.0 518.67 642.36 1590.04 1396.04 14.62 21.61 553.68 2388.04 9068.84 1.3 47.52 521.98 2388.05 8144.23 8.4098 0.03 394 2388 100.0 38.76 23.3835
51 110 0.0011 -0.0004 100.0 518.67 642.47 1591.74 1398.12 14.62 21.61 553.8 2388.14 9064.66 1.3 47.42 522.03 2388.04 8147.81 8.4076 0.03 392 2388 100.0 38.84 23.3575
51 111 0.0012 0.0001 100.0 518.67 642.61 1586.4 1397.84 14.62 21.61 554.0 2388.02 9061.79 1.3 47.53 522.05 2388.0 8147.53 8.4031 0.03 392 2388 100.0 38.85 23.2983
51 112 0.0005 -0.0001 100.0 518.67 642.57 1585.78 1405.92 14.62 21.61 554.07 2388.05 9070.75 1.3 47.49 521.54 2388.07 8146.46 8.4518 0.03 393 2388 100.0 38.73 23.3688
51 113 0.0031 -0.0004 100.0 518.67 642.35 1581.42 1410.2 14.62 21.61 552.82 2388.09 9071.9 1.3 47.38 521.21 2388.05 8149.91 8.4294 0.03 392 2388 100.0 38.79 23.3369
51 114 0.0027 -0.0001 100.0 518.67 642.57 1592.35 1404.87 14.62 21.61 553.49 2388.08 9070.51 1.3 47.28 521.66 2388.02 8146.34 8.4335 0.03 393 2388 100.0 38.81 23.3281
51 115 0.0019 -0.0004 100.0 518.67 642.91 1590.22 1408.14 14.62 21.61 553.74 2388.02 9068.04 1.3 47.38 521.58 2388.09 8144.01 8.419 0.03 393 2388 100.0 38.92 23.268
51 116 0.0009 -0.0001 100.0 518.67 642.55 1591.12 1400.05 14.62 21.61 553.77 2388.08 9067.76 1.3 47.39 521.39 2388.07 8146.81 8.4196 0.03 393 2388 100.0 38.89 23.3039
51 117 -0.0016 0.0003 100.0 518.67 642.73 1589.01 1403.23 14.62 21.61 553.83 2388.07 9071.26 1.3 47.22 522.14 2388.02 8145.57 8.4453 0.03 392 2388 100.0 38.81 23.3333
51 118 -0.0019 0.0002 100.0 518.67 642.61 1592.23 1407.01 14.62 21.61 553.47 2388.12 9065.35 1.3 47.46 521.47 2388.08 8149.2 8.441 0.03 394 2388 100.0 38.85 23.323
51 119 0.0002 -0.0 100.0 518.67 642.68 1583.74 1409.19 14.62 21.61 553.5 2388.12 9071.42 1.3 47.27 521.46 2388.06 8145.45 8.4234 0.03 393 2388 100.0 38.79 23.2944
51 120 0.0042 -0.0005 100.0 518.67 642.59 1591.09 1411.53 14.62 21.61 553.36 2388.03 9061.72 1.3 47.61 521.06 2388.04 8152.0 8.4069 0.03 394 2388 100.0 39.01 23.2903
51 121 0.0017 0.0005 100.0 518.67 642.39 1587.34 1403.04 14.62 21.61 553.91 2388.05 9066.82 1.3 47.44 521.79 2388.08 8152.51 8.4306 0.03 393 2388 100.0 38.91 23.2922
51 122 -0.0009 -0.0001 100.0 518.67 642.86 1588.35 1405.03 14.62 21.61 554.06 2388.09 9066.36 1.3 47.53 521.34 2388.09 8151.08 8.4117 0.03 392 2388 100.0 38.97 23.401
51 123 -0.0018 -0.0003 100.0 518.67 642.31 1589.11 1407.66 14.62 21.61 554.09 2388.14 9069.76 1.3 47.39 521.73 2388.04 8147.13 8.4334 0.03 392 2388 100.0 38.75 23.3154
51 124 0.0008 0.0005 100.0 518.67 643.24 1582.03 1405.97 14.62 21.61 553.92 2388.07 9076.35 1.3 47.56 522.1 2388.11 8152.22 8.4617 0.03 393 2388 100.0 38.69 23.335
51 125 -0.0034 0.0003 100.0 518.67 642.61 1586.81 1407.61 14.62 21.61 553.5 2388.03 9070.82 1.3 47.34 521.25 2388.08 8147.34 8.43 0.03 392 2388 100.0 38.93 23.2625
51 126 0.0004 -0.0003 100.0 518.67 642.49 1592.91 1409.2 14.62 21.61 553.46 2388.04 9069.18 1.3 47.41 521.48 2388.05 8146.68 8.4369 0.03 391 2388 100.0 38.81 23.2522
51 127 0.0004 -0.0003 100.0 518.67 642.63 1589.22 1406.88 14.62 21.61 553.77 2388.02 9072.75 1.3 47.52 521.43 2388.1 8148.68 8.4448 0.03 392 2388 100.0 38.99 23.2435
51 128 0.0007 0.0004 100.0 518.67 642.32 1590.1 1406.11 14.62 21.61 553.55 2388.05 9079.3 1.3 47.51 521.68 2388.06 8150.35 8.4441 0.03 394 2388 100.0 38.83 23.4334
51 129 -0.0007 -0.0002 100.0 518.67 642.78 1591.28 1412.5 14.62 21.61 553.89 2388.09 9072.26 1.3 47.52 521.46 2388.05 8160.17 8.4649 0.03 393 2388 100.0 38.98 23.2656
51 130 -0.0022 -0.0002 100.0 518.67 642.22 1591.96 1402.9 14.62 21.61 553.64 2388.09 9078.22 1.3 47.43 521.42 2388.07 8150.95 8.4549 0.03 393 2388 100.0 38.88 23.3869
51 131 -0.0033 0.0002 100.0 518.67 642.86 1590.21 1408.11 14.62 21.61 554.33 2388.12 9069.84 1.3 47.45 521.08 2388.02 8156.6 8.4288 0.03 393 2388 100.0 38.72 23.2301
51 132 -0.002 -0.0003 100.0 518.67 642.53 1596.41 1403.91 14.62 21.61 553.69 2388.1 9069.47 1.3 47.3 522.06 2388.09 8156.6 8.4619 0.03 394 2388 100.0 38.69 23.1813
51 133 -0.0021 -0.0001 100.0 518.67 642.96 1592.11 1403.05 14.62 21.61 553.4 2388.04 9071.19 1.3 47.51 521.65 2388.1 8148.82 8.4321 0.03 393 2388 100.0 38.85 23.3371
51 134 -0.002 0.0005 100.0 518.67 642.69 1590.61 1407.1 14.62 21.61 553.8 2388.03 9069.64 1.3 47.59 521.63 2388.07 8155.64 8.4639 0.03 394 2388 100.0 38.84 23.342
51 135 0.0022 0.0003 100.0 518.67 642.92 1593.29 1409.19 14.62 21.61 553.99 2388.09 9074.87 1.3 47.57 521.19 2388.1 8151.77 8.4299 0.03 391 2388 100.0 38.87 23.4072
51 136 0.0022 0.0001 100.0 518.67 642.76 1588.98 1405.71 14.62 21.61 553.33 2388.08 9074.26 1.3 47.42 521.52 2388.06 8157.5 8.4276 0.03 395 2388 100.0 38.64 23.3748
51 137 -0.004 0.0003 100.0 518.67 642.88 1596.98 1405.89 14.62 21.61 553.62 2388.05 9079.11 1.3 47.56 521.26 2388.06 8155.94 8.4556 0.03 394 2388 100.0 38.75 23.3596
51 138 0.0024 0.0003 100.0 518.67 642.45 1591.3 1405.16 14.62 21.61 553.47 2388.11 9075.71 1.3 47.32 521.05 2388.09 8153.81 8.4465 0.03 393 2388 100.0 38.74 23.3044
51 139 0.0005 0.0001 100.0 518.67 642.78 1592.98 1414.76 14.62 21.61 553.29 2388.06 9086.23 1.3 47.39 520.89 2388.03 8163.02 8.4459 0.03 391 2388 100.0 38.97 23.3116
51 140 0.0021 0.0001 100.0 518.67 642.36 1590.82 1411.66 14.62 21.61 552.98 2388.09 9081.66 1.3 47.58 521.81 2388.03 8159.8 8.4406 0.03 393 2388 100.0 38.89 23.3409
51 141 -0.002 0.0003 100.0 518.67 642.75 1583.61 1405.25 14.62 21.61 553.13 2388.08 9083.21 1.3 47.5 520.89 2388.08 8160.44 8.4268 0.03 393 2388 100.0 38.77 23.2566
51 142 0.0037 -0.0001 100.0 518.67 642.47 1592.08 1413.92 14.62 21.61 553.41 2388.12 9081.19 1.3 47.17 521.61 2388.11 8156.31 8.4429 0.03 392 2388 100.0 38.75 23.3015
51 143 -0.0009 -0.0003 100.0 518.67 642.37 1588.78 1405.8 14.62 21.61 553.72 2388.07 9092.02 1.3 47.51 521.25 2388.12 8162.93 8.4743 0.03 393 2388 100.0 38.86 23.1963
51 144 -0.0024 -0.0004 100.0 518.67 642.51 1586.33 1407.77 14.62 21.61 554.08 2388.05 9079.43 1.3 47.48 521.67 2388.08 8157.02 8.4533 0.03 393 2388 100.0 38.79 23.4442
51 145 0.0024 0.0002 100.0 518.67 643.36 1594.83 1405.79 14.62 21.61 553.42 2388.09 9083.29 1.3 47.44 520.91 2388.05 8163.64 8.4274 0.03 394 2388 100.0 38.79 23.3345
51 146 0.0011 0.0003 100.0 518.67 642.36 1588.26 1406.59 14.62 21.61 554.29 2388.01 9081.1 1.3 47.55 521.29 2388.08 8161.46 8.4478 0.03 393 2388 100.0 38.8 23.3764
51 147 -0.0028 0.0 100.0 518.67 642.99 1591.16 1416.25 14.62 21.61 553.5 2388.07 9092.81 1.3 47.51 521.03 2388.09 8160.87 8.4526 0.03 394 2388 100.0 38.75 23.2958
51 148 0.0011 0.0004 100.0 518.67 642.83 1589.0 1412.3 14.62 21.61 553.64 2388.04 9084.98 1.3 47.57 521.21 2388.08 8164.54 8.4599 0.03 392 2388 100.0 38.91 23.1852
51 149 -0.0016 0.0002 100.0 518.67 643.35 1595.08 1408.4 14.62 21.61 553.44 2388.06 9089.73 1.3 47.53 521.59 2388.05 8168.99 8.4811 0.03 393 2388 100.0 38.93 23.1732
51 150 0.0002 -0.0003 100.0 518.67 642.64 1599.06 1415.72 14.62 21.61 552.76 2388.01 9091.43 1.3 47.61 521.41 2388.08 8161.0 8.4167 0.03 393 2388 100.0 38.93 23.2671
51 151 0.0012 0.0003 100.0 518.67 642.62 1593.1 1413.93 14.62 21.61 553.21 2388.08 9089.73 1.3 47.71 521.34 2388.11 8167.25 8.4625 0.03 397 2388 100.0 38.72 23.2735
51 152 0.0047 0.0004 100.0 518.67 642.39 1597.04 1406.38 14.62 21.61 553.6 2388.09 9095.18 1.3 47.64 521.91 2388.06 8164.97 8.4677 0.03 393 2388 100.0 38.82 23.2022
51 153 0.0025 0.0001 100.0 518.67 643.14 1588.62 1409.39 14.62 21.61 553.83 2388.1 9094.21 1.3 47.65 521.12 2388.07 8167.44 8.4622 0.03 393 2388 100.0 38.74 23.2502
51 154 0.0001 0.0005 100.0 518.67 642.7 1588.41 1411.89 14.62 21.61 552.89 2388.1 9094.66 1.3 47.83 520.83 2388.1 8169.75 8.4456 0.03 393 2388 100.0 38.67 23.2334
51 155 0.0004 0.0001 100.0 518.67 643.01 1591.37 1412.32 14.62 21.61 552.97 2388.11 9090.93 1.3 47.63 520.4 2388.12 8178.59 8.4564 0.03 394 2388 100.0 38.8 23.2369
51 156 0.002 -0.0001 100.0 518.67 643.07 1595.33 1412.82 14.62 21.61 552.72 2388.1 9090.51 1.3 47.66 521.52 2388.09 8174.28 8.4622 0.03 395 2388 100.0 38.61 23.3211
51 157 0.0006 -0.0005 100.0 518.67 642.67 1590.22 1414.22 14.62 21.61 552.77 2388.09 9091.4 1.3 47.57 521.32 2388.11 8170.05 8.4743 0.03 394 2388 100.0 38.64 23.249
51 158 0.0018 -0.0 100.0 518.67 643.02 1589.48 1424.83 14.62 21.61 552.66 2388.04 9097.75 1.3 47.48 520.99 2388.09 8175.37 8.4486 0.03 394 2388 100.0 38.71 23.2657
51 159 -0.0014 0.0001 100.0 518.67 643.07 1599.66 1417.18 14.62 21.61 553.2 2388.21 9100.51 1.3 47.4 520.99 2388.09 8174.32 8.4394 0.03 393 2388 100.0 38.71 23.2355
51 160 -0.0011 0.0002 100.0 518.67 642.67 1592.37 1411.46 14.62 21.61 553.18 2388.05 9106.58 1.3 47.81 521.36 2388.05 8176.84 8.4525 0.03 396 2388 100.0 38.82 23.219
51 161 -0.0017 0.0001 100.0 518.67 642.83 1593.69 1414.03 14.62 21.61 552.72 2388.09 9104.02 1.3 47.88 521.25 2388.1 8171.33 8.4756 0.03 395 2388 100.0 38.61 23.2073
51 162 0.0001 -0.0 100.0 518.67 642.65 1598.14 1410.36 14.62 21.61 552.13 2388.08 9106.19 1.3 47.67 521.56 2388.07 8186.62 8.4666 0.03 395 2388 100.0 38.71 23.3646
51 163 -0.0017 -0.0004 100.0 518.67 642.85 1592.06 1411.57 14.62 21.61 553.07 2388.13 9106.53 1.3 47.57 521.04 2388.1 8181.44 8.4928 0.03 395 2388 100.0 38.53 23.2992
51 164 -0.0021 -0.0004 100.0 518.67 642.96 1598.8 1417.09 14.62 21.61 553.2 2388.05 9106.98 1.3 47.7 520.68 2388.08 8183.78 8.4601 0.03 396 2388 100.0 38.68 23.2006
51 165 -0.0014 0.0003 100.0 518.67 643.66 1595.02 1413.65 14.62 21.61 552.75 2388.04 9103.71 1.3 48.03 521.63 2388.06 8184.75 8.4501 0.03 395 2388 100.0 38.71 23.3298
51 166 0.004 -0.0004 100.0 518.67 643.07 1597.99 1413.22 14.62 21.61 552.79 2388.07 9114.72 1.3 47.65 520.95 2388.11 8181.6 8.4541 0.03 395 2388 100.0 38.66 23.1904
51 167 0.0006 0.0004 100.0 518.67 643.09 1589.71 1419.0 14.62 21.61 552.42 2388.13 9117.11 1.3 47.69 520.71 2388.16 8186.01 8.4782 0.03 394 2388 100.0 38.64 23.2874
51 168 -0.0025 -0.0003 100.0 518.67 642.83 1596.32 1420.11 14.62 21.61 553.8 2388.11 9116.28 1.3 47.81 521.42 2388.11 8180.14 8.4769 0.03 396 2388 100.0 38.59 23.1769
51 169 0.0031 -0.0002 100.0 518.67 643.07 1591.37 1422.55 14.62 21.61 553.03 2388.09 9117.8 1.3 47.72 521.23 2388.1 8186.58 8.4556 0.03 394 2388 100.0 38.61 23.2177
51 170 0.0012 0.0002 100.0 518.67 642.98 1586.63 1425.21 14.62 21.61 552.87 2388.07 9123.47 1.3 47.67 520.86 2388.14 8189.29 8.4533 0.03 395 2388 100.0 38.65 23.3302
51 171 0.0044 -0.0002 100.0 518.67 643.05 1596.47 1424.24 14.62 21.61 552.1 2388.13 9122.04 1.3 47.78 521.44 2388.11 8187.81 8.5082 0.03 396 2388 100.0 38.58 23.2511
51 172 0.0005 0.0005 100.0 518.67 643.1 1592.22 1420.35 14.62 21.61 552.54 2388.15 9115.85 1.3 47.82 520.8 2388.14 8198.0 8.472 0.03 394 2388 100.0 38.65 23.1759
51 173 -0.0015 0.0005 100.0 518.67 643.19 1594.38 1421.84 14.62 21.61 552.65 2388.08 9124.55 1.3 47.84 520.66 2388.08 8190.65 8.4692 0.03 396 2388 100.0 38.74 23.2579
51 174 0.0017 0.0004 100.0 518.67 643.11 1600.37 1412.51 14.62 21.61 552.44 2388.13 9126.37 1.3 47.94 521.47 2388.12 8193.32 8.4927 0.03 396 2388 100.0 38.63 23.2768
51 175 0.0009 -0.0002 100.0 518.67 643.45 1594.39 1416.07 14.62 21.61 553.31 2388.06 9134.93 1.3 47.69 520.45 2388.15 8195.65 8.5295 0.03 395 2388 100.0 38.73 23.1017
51 176 -0.0029 -0.0001 100.0 518.67 643.62 1598.28 1413.34 14.62 21.61 552.97 2388.13 9141.48 1.3 47.76 520.75 2388.12 8199.03 8.471 0.03 395 2388 100.0 38.63 23.1364
51 177 -0.0025 -0.0001 100.0 518.67 643.38 1601.01 1416.62 14.62 21.61 552.04 2388.11 9140.16 1.3 47.86 520.49 2388.11 8200.18 8.4925 0.03 394 2388 100.0 38.7 23.1414
51 178 -0.0029 -0.0004 100.0 518.67 643.43 1596.73 1415.5 14.62 21.61 552.76 2388.09 9136.52 1.3 47.7 520.45 2388.12 8204.95 8.4702 0.03 395 2388 100.0 38.66 23.1381
51 179 -0.0007 -0.0002 100.0 518.67 643.2 1591.72 1421.76 14.62 21.61 552.69 2388.15 9138.82 1.3 47.96 520.29 2388.11 8204.09 8.4746 0.03 396 2388 100.0 38.61 23.1868
51 180 -0.0055 0.0004 100.0 518.67 643.67 1594.08 1423.89 14.62 21.61 552.63 2388.16 9147.07 1.3 47.88 520.54 2388.13 8210.36 8.4643 0.03 396 2388 100.0 38.53 23.174
51 181 -0.0004 0.0002 100.0 518.67 643.8 1598.78 1423.21 14.62 21.61 552.62 2388.13 9146.12 1.3 47.89 520.79 2388.19 8209.64 8.5065 0.03 394 2388 100.0 38.56 23.1119
51 182 -0.003 0.0005 100.0 518.67 643.35 1599.14 1422.66 14.62 21.61 552.0 2388.12 9141.28 1.3 47.91 520.46 2388.13 8210.66 8.4801 0.03 396 2388 100.0 38.48 23.0793
51 183 0.0011 -0.0003 100.0 518.67 642.74 1603.74 1425.5 14.62 21.61 552.29 2388.11 9147.89 1.3 48.05 520.92 2388.14 8214.25 8.5169 0.03 396 2388 100.0 38.52 22.9821
51 184 -0.0006 0.0002 100.0 518.67 643.27 1601.37 1424.47 14.62 21.61 553.01 2388.14 9142.29 1.3 48.04 520.67 2388.11 8211.78 8.5174 0.03 395 2388 100.0 38.34 23.1064
51 185 -0.0011 0.0004 100.0 518.67 642.79 1597.31 1432.18 14.62 21.61 552.37 2388.12 9160.11 1.3 47.89 521.03 2388.11 8216.26 8.517 0.03 396 2388 100.0 38.47 23.1023
51 186 0.0006 -0.0005 100.0 518.67 643.29 1605.62 1427.13 14.62 21.61 552.95 2388.11 9155.43 1.3 47.98 519.9 2388.09 8222.91 8.5237 0.03 396 2388 100.0 38.68 23.143
51 187 0.0017 0.0001 100.0 518.67 643.23 1602.99 1429.47 14.62 21.61 552.49 2388.12 9163.98 1.3 47.95 520.62 2388.12 8223.8 8.5188 0.03 396 2388 100.0 38.44 22.9985
51 188 -0.0051 0.0 100.0 518.67 643.49 1613.83 1422.33 14.62 21.61 551.41 2388.15 9164.12 1.3 47.94 519.68 2388.16 8229.47 8.4823 0.03 396 2388 100.0 38.47 22.9705
51 189 -0.0013 -0.0 100.0 518.67 643.78 1606.14 1425.12 14.62 21.61 551.43 2388.13 9166.44 1.3 48.04 519.63 2388.18 8226.38 8.5421 0.03 399 2388 100.0 38.61 23.0515
51 190 0.002 -0.0 100.0 518.67 642.91 1600.56 1435.1 14.62 21.61 551.7 2388.14 9170.81 1.3 48.12 520.34 2388.18 8227.91 8.5315 0.03 398 2388 100.0 38.41 23.0794
104 1 0.0016 0.002 100.0 518.67 641.96 1582.83 1397.95 14.62 21.58 553.06 2387.91 9051.94 1.3 46.77 521.06 2387.92 8130.46 8.4 0.03 391 2388 100.0 38.95 23.3719
104 2 42.0013 0.84 100.0 445.0 549.47 1343.22 1113.02 3.91 5.7 138.67 2211.99 8311.2 1.02 41.68 130.16 2387.99 8080.6 9.3481 0.02 329 2212 100.0 10.62 6.4076
104 3 35.0001 0.8414 100.0 449.44 555.28 1354.85 1114.48 5.48 7.98 193.43 2222.8 8340.96 1.02 41.62 182.14 2387.9 8060.52 9.3159 0.02 332 2223 100.0 14.95 8.9725
104 4 35.0042 0.84 100.0 449.44 555.39 1360.85 1121.68 5.48 7.98 194.48 2222.83 8343.57 1.02 41.49 182.59 2387.95 8062.49 9.2812 0.02 331 2223 100.0 14.9 8.8009
104 5 42.0079 0.8414 100.0 445.0 549.0 1335.69 1120.67 3.91 5.7 138.27 2211.89 8309.31 1.01 41.55 130.0 2387.97 8075.54 9.3588 0.02 328 2212 100.0 10.61 6.2916
104 6 10.0007 0.25 100.0 489.05 603.81 1491.96 1290.39 10.52 15.46 392.77 2318.64 8775.52 1.26 44.83 370.34 2387.88 8118.54 8.6374 0.03 369 2319 100.0 28.68 17.2997
104 7 0.0004 0.0001 100.0 518.67 642.05 1584.9 1391.42 14.62 21.58 551.57 2387.92 9045.24 1.3 47.06 519.7 2387.87 8126.44 8.4001 0.03 392 2388 100.0 38.89 23.4017
104 8 34.9996 0.84 100.0 449.44 555.51 1355.93 1117.66 5.48 7.97 193.44 2222.76 8336.22 1.02 41.51 182.32 2387.95 8059.65 9.2631 0.02 332 2223 100.0 14.77 8.8579
104 9 25.0031 0.6219 60.0 462.54 536.42 1250.7 1034.72 7.05 9.0 174.08 1915.28 7993.45 0.93 36.22 164.62 2028.16 7869.38 10.8348 0.02 305 1915 84.93 14.25 8.5486
104 10 20.0047 0.7003 100.0 491.19 606.45 1475.91 1242.0 9.35 13.61 332.59 2323.72 8713.41 1.07 44.08 313.13 2387.84 8056.81 9.1723 0.02 363 2324 100.0 24.59 14.7129
104 11 42.0059 0.8402 100.0 445.0 548.85 1343.63 1119.37 3.91 5.7 138.31 2211.97 8307.88 1.02 41.76 130.13 2387.97 8073.4 9.3508 0.02 329 2212 100.0 10.47 6.3511
104 12 20.0079 0.7 100.0 491.19 606.41 1477.22 1233.73 9.35 13.61 333.0 2323.72 8711.06 1.07 43.92 313.38 2387.9 8054.09 9.2274 0.02 364 2324 100.0 24.52 14.7673
104 13 19.9997 0.7001 100.0 491.19 606.88 1470.73 1241.23 9.35 13.61 333.98 2323.73 8714.16 1.07 43.89 314.0 2387.84 8054.16 9.1652 0.02 363 2324 100.0 24.57 14.5821
104 14 10.0061 0.2518 100.0 489.05 603.84 1494.81 1300.31 10.52 15.46 393.85 2318.7 8771.96 1.26 45.11 371.23 2387.91 8126.82 8.5934 0.03 368 2319 100.0 28.6 17.0083
104 15 24.9998 0.62 60.0 462.54 536.28 1252.84 1040.66 7.05 9.0 174.55 1915.26 8005.59 0.94 36.33 164.08 2028.11 7859.69 10.8665 0.02 306 1915 84.93 14.18 8.643
104 16 20.0055 0.7011 100.0 491.19 606.71 1463.93 1242.03 9.35 13.6 333.1 2323.7 8716.48 1.07 44.05 313.11 2387.84 8050.88 9.1829 0.02 364 2324 100.0 24.59 14.5924
104 17 0.0001 0.0 100.0 518.67 641.36 1584.49 1391.08 14.62 21.58 553.02 2387.95 9046.15 1.3 47.1 521.03 2387.95 8133.15 8.3918 0.03 392 2388 100.0 39.01 23.2964
104 18 0.0006 0.0 100.0 518.67 642.33 1584.43 1399.8 14.62 21.58 552.58 2387.89 9053.39 1.3 47.36 521.11 2387.96 8131.08 8.4338 0.03 390 2388 100.0 39.02 23.4122
104 19 42.0022 0.8414 100.0 445.0 549.35 1342.72 1111.44 3.91 5.7 138.22 2212.01 8308.25 1.02 41.8 129.39 2388.03 8080.17 9.3672 0.02 328 2212 100.0 10.65 6.3337
104 20 42.0003 0.84 100.0 445.0 548.97 1347.18 1119.67 3.91 5.7 137.78 2211.92 8314.53 1.02 41.58 130.14 2388.04 8075.59 9.3622 0.02 331 2212 100.0 10.72 6.2967
104 21 41.9986 0.8416 100.0 445.0 549.09 1349.28 1107.39 3.91 5.69 138.06 2211.88 8304.57 1.01 41.62 129.6 2388.03 8075.21 9.3703 0.02 328 2212 100.0 10.34 6.374
104 22 41.9983 0.84 100.0 445.0 548.95 1342.75 1115.13 3.91 5.69 137.94 2211.95 8311.91 1.02 41.75 130.26 2388.0 8071.8 9.3901 0.02 329 2212 100.0 10.52 6.3601
104 23 10.0014 0.2503 100.0 489.05 604.75 1487.64 1294.5 10.52 15.46 394.0 2318.69 8764.04 1.26 45.01 370.61 2387.94 8126.74 8.6278 0.03 366 2319 100.0 28.68 17.1402
104 24 41.9981 0.841 100.0 445.0 549.19 1347.16 1112.1 3.91 5.69 138.52 2211.91 8311.3 1.02 41.68 130.21 2388.0 8079.57 9.3626 0.02 329 2212 100.0 10.41 6.3835
104 25 0.0012 0.0 100.0 518.67 642.09 1579.19 1392.76 14.62 21.58 552.98 2387.95 9043.78 1.3 47.04 520.76 2387.89 8132.76 8.4051 0.03 389 2388 100.0 39.04 23.4433
104 26 10.0045 0.2513 100.0 489.05 603.82 1497.6 1292.34 10.52 15.46 394.14 2318.68 8768.16 1.26 45.05 370.99 2387.88 8128.06 8.6357 0.03 367 2319 100.0 28.66 17.1708
104 27 19.999 0.7004 100.0 491.19 607.18 1477.87 1242.4 9.35 13.61 332.54 2323.72 8710.67 1.07 43.82 313.63 2387.87 8054.7 9.2278 0.02 363 2324 100.0 24.45 14.6948
104 28 10.004 0.2512 100.0 489.05 604.28 1494.42 1301.7 10.52 15.46 393.89 2318.68 8766.43 1.26 44.91 370.61 2387.9 8122.99 8.6132 0.03 367 2319 100.0 28.63 17.2177
104 29 41.9991 0.84 100.0 445.0 549.04 1339.47 1114.01 3.91 5.7 137.72 2211.92 8308.48 1.01 41.65 129.55 2388.05 8073.0 9.3484 0.02 329 2212 100.0 10.72 6.3632
104 30 42.0072 0.841 100.0 445.0 549.25 1341.51 1114.05 3.91 5.69 138.19 2211.92 8304.7 1.02 41.55 129.36 2388.0 8077.84 9.3593 0.02 328 2212 100.0 10.69 6.239
104 31 24.9992 0.6203 60.0 462.54 536.36 1252.68 1039.18 7.05 9.0 175.17 1915.31 7996.21 0.93 36.24 164.54 2028.15 7872.75 10.8331 0.02 305 1915 84.93 14.41 8.5554
104 32 0.0015 0.0018 100.0 518.67 642.1 1586.24 1397.76 14.62 21.58 553.85 2387.94 9051.63 1.3 46.98 521.42 2387.88 8135.51 8.3949 0.03 391 2388 100.0 39.03 23.4039
104 33 34.9991 0.84 100.0 449.44 554.79 1359.8 1122.78 5.48 7.98 193.4 2222.85 8337.81 1.02 41.51 182.25 2387.88 8062.44 9.2627 0.02 334 2223 100.0 14.85 8.9303
104 34 42.0051 0.8405 100.0 445.0 549.42 1351.98 1103.63 3.91 5.69 138.07 2211.9 8311.7 1.02 41.67 129.8 2388.01 8080.11 9.3409 0.02 329 2212 100.0 10.48 6.3687
104 35 41.9992 0.8419 100.0 445.0 548.6 1340.42 1108.22 3.91 5.69 137.86 2211.94 8307.92 1.01 41.58 129.98 2387.96 8073.61 9.3982 0.02 330 2212 100.0 10.63 6.3253
104 36 42.0023 0.8409 100.0 445.0 548.81 1345.45 1113.21 3.91 5.69 137.81 2211.92 8310.41 1.02 41.66 129.81 2387.98 8084.25 9.3411 0.02 328 2212 100.0 10.65 6.4105
104 37 25.0025 0.6216 60.0 462.54 536.29 1253.79 1038.18 7.05 9.0 175.58 1915.26 8000.78 0.94 36.42 163.64 2028.15 7862.58 10.8566 0.02 305 1915 84.93 14.31 8.555
104 38 35.0043 0.84 100.0 449.44 555.35 1353.31 1116.69 5.48 7.97 193.29 2222.81 8345.77 1.02 41.48 182.72 2387.86 8059.2 9.3047 0.02 331 2223 100.0 14.86 8.8885
104 39 24.9996 0.6218 60.0 462.54 536.02 1251.44 1043.05 7.05 9.0 174.02 1915.27 7996.04 0.94 36.28 163.39 2028.18 7868.7 10.8668 0.02 305 1915 84.93 14.2 8.6171
104 40 0.0004 0.0 100.0 518.67 641.79 1579.18 1396.01 14.62 21.58 552.73 2387.94 9047.39 1.3 46.89 521.01 2387.92 8128.08 8.3563 0.03 390 2388 100.0 38.96 23.32
104 41 20.0059 0.7007 100.0 491.19 607.17 1471.29 1239.18 9.35 13.61 332.55 2323.78 8711.09 1.07 43.91 314.16 2387.94 8057.97 9.1863 0.02 362 2324 100.0 24.4 14.7091
104 42 0.0014 0.001 100.0 518.67 642.11 1589.23 1394.26 14.62 21.58 552.9 2387.92 9048.81 1.3 47.11 521.56 2387.98 8133.6 8.3897 0.03 392 2388 100.0 39.1 23.401
104 43 42.0065 0.84 100.0 445.0 549.25 1338.75 1109.63 3.91 5.69 138.3 2211.95 8309.69 1.02 41.61 130.16 2388.02 8077.35 9.3308 0.02 327 2212 100.0 10.61 6.3412
104 44 41.9991 0.841 100.0 445.0 548.84 1345.33 1110.71 3.91 5.7 137.89 2211.9 8304.88 1.02 41.64 130.05 2388.02 8074.09 9.3212 0.02 330 2212 100.0 10.57 6.2657
104 45 25.0043 0.62 60.0 462.54 536.01 1250.75 1049.71 7.05 9.0 175.15 1915.3 8002.08 0.94 36.31 164.31 2028.15 7873.1 10.8472 0.02 305 1915 84.93 14.14 8.5364
104 46 41.9992 0.84 100.0 445.0 548.81 1348.37 1108.76 3.91 5.7 138.34 2211.98 8310.55 1.02 41.84 130.25 2388.02 8071.91 9.3601 0.02 328 2212 100.0 10.59 6.3192
104 47 41.9986 0.8418 100.0 445.0 549.1 1349.33 1107.52 3.91 5.7 138.26 2211.85 8312.66 1.02 41.64 129.92 2387.97 8072.46 9.3545 0.02 328 2212 100.0 10.47 6.4832
104 48 42.0062 0.8408 100.0 445.0 548.97 1346.85 1111.65 3.91 5.69 137.55 2211.93 8310.94 1.02 41.52 129.52 2388.04 8074.12 9.376 0.02 326 2212 100.0 10.77 6.3586
104 49 35.0024 0.84 100.0 449.44 555.6 1353.35 1109.67 5.48 7.97 192.67 2222.79 8347.37 1.02 41.44 182.16 2387.92 8057.14 9.3042 0.02 333 2223 100.0 14.9 8.9262
104 50 0.0007 0.0009 100.0 518.67 642.05 1585.39 1393.29 14.62 21.57 552.23 2387.88 9047.24 1.3 47.05 520.37 2387.95 8135.61 8.3992 0.03 389 2388 100.0 38.91 23.5187
104 51 0.0017 0.0 100.0 518.67 641.93 1581.04 1398.69 14.62 21.58 553.17 2387.99 9046.1 1.3 46.94 521.16 2387.91 8138.78 8.3913 0.03 389 2388 100.0 39.05 23.4106
104 52 9.9993 0.25 100.0 489.05 604.33 1492.69 1299.64 10.52 15.47 393.63 2318.66 8774.31 1.26 45.14 370.65 2387.98 8125.47 8.6198 0.03 369 2319 100.0 28.56 17.1098
104 53 25.001 0.6211 60.0 462.54 536.31 1256.14 1035.08 7.05 9.0 174.11 1915.27 8005.09 0.94 36.46 164.72 2028.23 7871.38 10.8768 0.02 306 1915 84.93 14.37 8.473
104 54 0.0016 0.0005 100.0 518.67 641.92 1578.07 1390.23 14.62 21.58 554.25 2387.89 9050.03 1.3 47.05 521.3 2387.98 8133.76 8.4043 0.03 389 2388 100.0 38.97 23.3692
104 55 35.0046 0.842 100.0 449.44 555.03 1357.26 1122.69 5.48 7.97 193.08 2222.77 8335.06 1.02 41.46 181.73 2387.88 8059.1 9.2853 0.02 333 2223 100.0 14.78 8.9513
104 56 41.9991 0.84 100.0 445.0 549.42 1351.32 1114.31 3.91 5.7 137.62 2211.91 8308.63 1.02 41.53 129.85 2388.01 8076.34 9.3417 0.02 328 2212 100.0 10.63 6.3146
104 57 42.003 0.84 100.0 445.0 548.96 1346.31 1113.86 3.91 5.69 138.62 2211.95 8312.46 1.02 41.6 130.29 2388.0 8076.12 9.3529 0.02 328 2212 100.0 10.65 6.3799
104 58 0.0002 0.0 100.0 518.67 641.57 1575.79 1393.81 14.62 21.58 553.6 2387.99 9056.56 1.3 47.19 521.82 2387.98 8137.58 8.3696 0.03 392 2388 100.0 39.05 23.4502
104 59 25.0024 0.62 60.0 462.54 537.0 1251.76 1046.18 7.05 9.0 174.55 1915.27 8002.18 0.94 36.42 164.03 2028.22 7868.14 10.8995 0.02 304 1915 84.93 14.46 8.5067
104 60 0.0012 0.0 100.0 518.67 641.48 1576.87 1397.31 14.62 21.58 552.96 2387.92 9051.09 1.3 47.1 521.75 2387.99 8130.41 8.405 0.03 390 2388 100.0 38.96 23.4806
104 61 0.0011 0.0007 100.0 518.67 642.2 1583.32 1402.43 14.62 21.58 553.83 2387.91 9046.11 1.3 47.12 520.96 2387.91 8131.55 8.3929 0.03 392 2388 100.0 39.19 23.3909
104 62 25.003 0.62 60.0 462.54 536.4 1255.36 1035.97 7.05 9.0 174.86 1915.32 7999.52 0.94 36.41 164.24 2028.13 7869.76 10.8571 0.02 305 1915 84.93 14.35 8.6312
104 63 35.0076 0.84 100.0 449.44 555.38 1359.36 1117.05 5.48 7.97 193.82 2222.82 8336.67 1.02 41.48 182.25 2387.93 8060.84 9.324 0.02 333 2223 100.0 15.01 8.9062
104 64 25.0051 0.6204 60.0 462.54 536.05 1257.29 1036.03 7.05 9.0 175.26 1915.25 7999.7 0.94 36.4 163.94 2028.11 7873.73 10.8792 0.02 305 1915 84.93 14.33 8.6418
104 65 34.9994 0.8406 100.0 449.44 554.92 1352.65 1121.26 5.48 7.97 193.5 2222.83 8343.87 1.02 41.72 182.55 2387.91 8058.71 9.301 0.02 332 2223 100.0 14.89 8.9256
104 66 10.0002 0.25 100.0 489.05 604.29 1496.47 1295.64 10.52 15.46 393.37 2318.75 8772.79 1.26 45.03 370.78 2387.92 8127.6 8.5827 0.03 369 2319 100.0 28.55 17.1528
104 67 42.0055 0.84 100.0 445.0 548.64 1347.6 1108.05 3.91 5.7 137.98 2211.95 8306.71 1.02 41.69 129.96 2388.01 8071.52 9.3468 0.02 328 2212 100.0 10.68 6.3444
104 68 0.0023 0.0 100.0 518.67 641.75 1574.86 1396.49 14.62 21.58 553.05 2387.96 9052.86 1.3 46.99 521.33 2387.94 8139.77 8.4116 0.03 390 2388 100.0 38.96 23.3787
104 69 20.004 0.7 100.0 491.19 607.25 1474.35 1236.19 9.35 13.61 332.83 2323.72 8710.05 1.07 44.15 313.42 2387.93 8053.92 9.2378 0.02 363 2324 100.0 24.59 14.6898
104 70 42.0032 0.84 100.0 445.0 549.61 1344.56 1116.98 3.91 5.69 138.12 2211.93 8309.1 1.02 41.73 130.02 2388.01 8078.02 9.3163 0.02 329 2212 100.0 10.63 6.3822
104 71 0.0001 0.0002 100.0 518.67 642.05 1585.69 1398.34 14.62 21.58 553.82 2387.95 9048.77 1.3 47.04 521.09 2387.96 8136.78 8.3793 0.03 393 2388 100.0 38.99 23.3612
104 72 42.0048 0.8418 100.0 445.0 549.42 1340.1 1113.21 3.91 5.69 138.61 2211.93 8314.57 1.02 41.68 130.22 2387.98 8079.01 9.3414 0.02 328 2212 100.0 10.65 6.418
104 73 35.0073 0.841 100.0 449.44 555.03 1354.71 1125.68 5.48 7.97 193.11 2222.84 8338.52 1.02 41.4 182.25 2387.92 8062.09 9.3143 0.02 332 2223 100.0 14.94 8.8485
104 74 0.0018 0.002 100.0 518.67 641.99 1583.04 1396.23 14.62 21.58 553.1 2388.0 9053.33 1.3 47.21 521.26 2387.97 8132.85 8.382 0.03 389 2388 100.0 38.92 23.3859
104 75 10.0036 0.25 100.0 489.05 604.79 1495.82 1295.24 10.52 15.46 393.67 2318.68 8769.94 1.26 45.14 370.59 2387.91 8129.1 8.6012 0.03 368 2319 100.0 28.7 17.1702
104 76 42.0047 0.8402 100.0 445.0 549.36 1350.42 1112.12 3.91 5.69 137.91 2211.92 8317.79 1.02 41.63 129.59 2387.99 8077.48 9.3325 0.02 328 2212 100.0 10.59 6.3063
104 77 35.0002 0.84 100.0 449.44 555.44 1366.59 1121.4 5.48 7.97 193.54 2222.85 8335.0 1.02 41.69 182.52 2387.97 8057.49 9.2759 0.02 333 2223 100.0 14.62 8.8651
104 78 41.9992 0.84 100.0 445.0 548.68 1339.29 1110.71 3.91 5.7 138.44 2211.96 8313.97 1.02 41.68 129.9 2388.0 8077.45 9.353 0.02 329 2212 100.0 10.6 6.3539
104 79 35.0041 0.84 100.0 449.44 555.03 1345.41 1114.39 5.48 7.97 193.16 2222.83 8335.85 1.02 41.54 181.69 2387.89 8060.36 9.3196 0.02 332 2223 100.0 14.92 8.8519
104 80 25.0073 0.62 60.0 462.54 536.53 1252.63 1042.58 7.05 9.0 175.13 1915.31 8002.09 0.94 36.52 164.22 2028.17 7868.5 10.8407 0.02 307 1915 84.93 14.2 8.6194
104 81 35.0008 0.84 100.0 449.44 555.04 1358.86 1120.78 5.48 7.97 194.05 2222.88 8337.56 1.02 41.51 182.1 2387.92 8062.19 9.2691 0.02 331 2223 100.0 14.93 8.97
104 82 0.0014 0.0001 100.0 518.67 641.55 1579.63 1398.17 14.62 21.57 553.1 2387.95 9042.21 1.3 47.03 521.36 2387.96 8133.22 8.4001 0.03 390 2388 100.0 39.13 23.4414
104 83 0.0002 0.0017 100.0 518.67 641.94 1579.61 1397.51 14.62 21.58 553.86 2387.96 9043.85 1.3 47.09 521.17 2387.98 8137.1 8.4068 0.03 391 2388 100.0 38.93 23.4163
104 84 9.9986 0.2508 100.0 489.05 604.06 1495.52 1303.66 10.52 15.46 394.14 2318.72 8775.93 1.26 45.2 370.84 2387.8 8127.73 8.5928 0.03 368 2319 100.0 28.54 17.0613
104 85 42.0012 0.8419 100.0 445.0 548.97 1348.03 1113.56 3.91 5.69 138.16 2211.94 8311.83 1.02 41.79 129.92 2388.07 8082.51 9.3458 0.02 328 2212 100.0 10.64 6.3782
104 86 0.0007 0.0 100.0 518.67 642.28 1584.16 1394.56 14.62 21.58 552.79 2387.96 9047.79 1.3 47.18 521.77 2387.99 8138.14 8.3817 0.03 390 2388 100.0 38.93 23.4278
104 87 20.0048 0.7 100.0 491.19 606.77 1471.86 1242.46 9.35 13.6 333.66 2323.74 8716.18 1.07 43.94 314.15 2387.89 8055.84 9.1882 0.02 363 2324 100.0 24.35 14.7183
104 88 24.9994 0.62 60.0 462.54 536.34 1254.69 1040.42 7.05 9.0 174.91 1915.29 8006.38 0.94 36.38 163.96 2028.16 7865.78 10.8772 0.02 305 1915 84.93 14.46 8.5937
104 89 35.0071 0.84 100.0 449.44 555.45 1359.13 1118.22 5.48 7.97 193.7 2222.83 8341.32 1.02 41.63 182.94 2387.9 8064.06 9.3115 0.02 331 2223 100.0 14.75 8.9362
104 90 25.007 0.6201 60.0 462.54 536.47 1252.27 1039.07 7.05 9.0 175.27 1915.28 8003.49 0.94 36.45 163.84 2028.19 7868.19 10.8327 0.02 307 1915 84.93 14.31 8.6465
104 91 25.0074 0.6214 60.0 462.54 536.36 1253.23 1045.14 7.05 9.0 175.78 1915.26 8001.97 0.94 36.32 164.34 2028.2 7867.94 10.8626 0.02 305 1915 84.93 14.23 8.5844
104 92 41.9993 0.8411 100.0 445.0 548.91 1342.7 1115.33 3.91 5.7 138.06 2211.93 8309.79 1.02 41.67 129.78 2388.03 8080.2 9.3678 0.02 328 2212 100.0 10.67 6.4358
104 93 0.0014 0.0009 100.0 518.67 641.84 1585.02 1401.7 14.62 21.58 553.33 2387.93 9045.96 1.3 46.91 521.67 2387.99 8133.26 8.3733 0.03 390 2388 100.0 38.83 23.446
104 94 42.0021 0.84 100.0 445.0 549.58 1343.2 1123.06 3.91 5.69 137.82 2211.97 8310.97 1.02 41.79 130.14 2388.03 8079.26 9.3038 0.02 329 2212 100.0 10.59 6.3898
104 95 42.0006 0.8415 100.0 445.0 549.85 1344.95 1123.28 3.91 5.69 138.21 2211.97 8314.23 1.02 41.61 129.75 2388.01 8080.99 9.3218 0.02 330 2212 100.0 10.74 6.3671
104 96 25.0007 0.62 60.0 462.54 537.21 1251.51 1047.47 7.05 9.0 174.44 1915.27 7999.58 0.94 36.5 164.83 2028.2 7870.47 10.8657 0.02 307 1915 84.93 14.22 8.5773
104 97 10.0 0.25 100.0 489.05 604.28 1495.97 1299.09 10.52 15.46 394.25 2318.73 8775.07 1.26 45.05 371.11 2387.96 8132.33 8.5951 0.03 368 2319 100.0 28.63 17.168
104 98 35.0043 0.84 100.0 449.44 555.43 1353.48 1121.5 5.48 7.97 193.04 2222.86 8345.46 1.02 41.63 182.9 2387.99 8060.12 9.2875 0.02 332 2223 100.0 14.92 8.9684
104 99 42.0024 0.8411 100.0 445.0 549.63 1346.07 1108.7 3.91 5.69 138.63 2211.97 8314.44 1.02 41.7 130.14 2388.05 8081.7 9.3376 0.02 328 2212 100.0 10.38 6.3876
104 100 35.0069 0.84 100.0 449.44 555.18 1360.19 1119.28 5.48 7.97 194.04 2222.91 8346.27 1.02 41.66 182.43 2387.93 8063.8 9.2671 0.02 333 2223 100.0 15.09 9.0098
104 101 10.0043 0.2501 100.0 489.05 604.28 1495.07 1305.18 10.52 15.46 394.36 2318.74 8772.87 1.26 45.18 370.77 2387.91 8128.37 8.6319 0.03 366 2319 100.0 28.73 17.1223
104 102 10.0008 0.25 100.0 489.05 604.12 1498.77 1291.31 10.52 15.46 394.33 2318.75 8769.5 1.26 45.1 371.34 2387.9 8129.44 8.6291 0.03 368 2319 100.0 28.66 17.2206
104 103 41.9986 0.84 100.0 445.0 548.89 1352.13 1118.78 3.91 5.7 137.98 2211.98 8314.91 1.02 41.7 130.4 2388.06 8083.32 9.3239 0.02 329 2212 100.0 10.71 6.4193
104 104 25.001 0.6216 60.0 462.54 536.48 1254.41 1040.9 7.05 9.0 175.23 1915.33 8006.15 0.94 36.47 164.38 2028.21 7864.64 10.8346 0.02 305 1915 84.93 14.29 8.6243
104 105 25.0031 0.62 60.0 462.54 536.34 1252.67 1042.03 7.05 9.0 175.45 1915.29 8011.61 0.94 36.52 164.7 2028.22 7870.24 10.8328 0.02 305 1915 84.93 14.36 8.544
104 106 35.0017 0.84 100.0 449.44 555.19 1355.56 1124.31 5.48 7.98 194.04 2222.92 8348.0 1.02 41.66 182.76 2388.0 8064.59 9.2889 0.02 333 2223 100.0 14.76 8.9948
104 107 41.9999 0.84 100.0 445.0 549.33 1343.82 1121.49 3.91 5.69 137.45 2211.97 8314.43 1.02 41.7 130.53 2388.04 8080.79 9.3377 0.02 330 2212 100.0 10.58 6.3994
104 108 10.0076 0.25 100.0 489.05 604.14 1493.57 1303.26 10.52 15.46 395.17 2318.75 8773.96 1.26 45.15 371.28 2387.95 8133.72 8.5932 0.03 367 2319 100.0 28.81 17.2327
104 109 25.004 0.6212 60.0 462.54 536.47 1253.33 1033.36 7.05 9.0 175.36 1915.36 8009.79 0.94 36.31 164.36 2028.21 7871.15 10.8392 0.02 304 1915 84.93 14.3 8.4517
104 110 25.0022 0.6215 60.0 462.54 536.73 1252.97 1041.59 7.05 9.0 175.19 1915.3 8008.29 0.94 36.45 164.56 2028.25 7869.78 10.8241 0.02 306 1915 84.93 14.25 8.5954
104 111 25.0039 0.6215 60.0 462.54 536.42 1257.92 1041.26 7.05 9.0 175.57 1915.29 8005.02 0.93 36.41 164.12 2028.25 7867.89 10.8067 0.02 306 1915 84.93 14.24 8.5846
104 112 35.0063 0.8404 100.0 449.44 555.29 1355.04 1125.38 5.48 7.97 194.12 2222.93 8342.85 1.02 41.64 182.37 2387.95 8061.98 9.2745 0.02 331 2223 100.0 14.82 9.0239
104 113 10.005 0.25 100.0 489.05 604.21 1506.08 1297.82 10.52 15.46 394.45 2318.76 8779.1 1.26 45.01 371.98 2388.01 8127.38 8.5793 0.03 366 2319 100.0 28.69 17.1861
104 114 0.0021 0.0 100.0 518.67 642.1 1583.06 1402.6 14.62 21.58 553.76 2387.98 9050.55 1.3 47.21 521.86 2388.0 8139.0 8.3919 0.03 391 2388 100.0 39.08 23.4083
104 115 10.0028 0.2514 100.0 489.05 603.78 1500.31 1303.03 10.52 15.46 395.18 2318.72 8783.24 1.26 45.03 371.99 2388.02 8128.28 8.5598 0.03 369 2319 100.0 28.69 17.1727
104 116 25.0031 0.6218 60.0 462.54 536.66 1262.87 1038.7 7.05 9.0 175.03 1915.29 8012.7 0.94 36.43 164.12 2028.25 7866.78 10.8373 0.02 306 1915 84.93 14.2 8.5922
104 117 10.0053 0.251 100.0 489.05 604.14 1490.57 1300.39 10.52 15.46 394.75 2318.8 8773.82 1.26 45.17 371.7 2387.98 8133.47 8.5998 0.03 368 2319 100.0 28.69 17.2575
104 118 10.0034 0.25 100.0 489.05 604.38 1496.25 1300.22 10.52 15.46 394.71 2318.76 8771.35 1.26 45.17 372.14 2388.02 8127.46 8.5933 0.03 368 2319 100.0 28.69 17.1127
104 119 0.0003 0.0 100.0 518.67 642.08 1586.89 1399.37 14.62 21.58 554.98 2387.98 9061.31 1.3 47.23 522.6 2388.04 8138.93 8.3671 0.03 393 2388 100.0 39.06 23.3611
104 120 19.9994 0.7013 100.0 491.19 606.82 1478.24 1244.77 9.35 13.61 333.92 2323.81 8720.19 1.07 44.15 314.26 2387.94 8061.17 9.1835 0.02 364 2324 100.0 24.51 14.8127
104 121 25.005 0.62 60.0 462.54 536.56 1253.56 1038.96 7.05 9.0 175.51 1915.39 8005.86 0.94 36.38 164.34 2028.27 7865.86 10.8599 0.02 307 1915 84.93 14.3 8.6312
104 122 34.9988 0.84 100.0 449.44 555.66 1359.5 1121.6 5.48 7.97 194.45 2222.95 8354.69 1.02 41.72 182.12 2388.0 8060.63 9.2713 0.02 334 2223 100.0 14.86 8.8844
104 123 25.0026 0.62 60.0 462.54 536.4 1262.89 1035.67 7.05 9.0 175.65 1915.37 8010.3 0.94 36.58 164.53 2028.25 7877.29 10.8376 0.02 306 1915 84.93 14.32 8.6484
104 124 0.0019 0.0 100.0 518.67 642.63 1577.51 1398.52 14.62 21.58 554.58 2387.98 9053.36 1.3 47.07 522.62 2388.05 8134.12 8.3552 0.03 392 2388 100.0 38.96 23.4933
104 125 35.0047 0.8406 100.0 449.44 555.53 1360.92 1119.28 5.48 7.98 194.67 2222.98 8352.94 1.02 41.65 182.93 2388.04 8066.22 9.2608 0.02 334 2223 100.0 14.91 8.9883
104 126 35.001 0.84 100.0 449.44 554.98 1361.8 1114.39 5.48 7.97 194.85 2222.86 8344.11 1.02 41.69 183.14 2388.07 8069.27 9.2698 0.02 331 2223 100.0 14.85 8.9842
104 127 35.0079 0.841 100.0 449.44 555.39 1352.36 1122.73 5.48 7.97 195.02 2223.02 8347.51 1.02 41.62 183.09 2388.04 8070.47 9.2779 0.02 332 2223 100.0 14.89 8.8745
104 128 10.0065 0.25 100.0 489.05 604.3 1494.58 1302.35 10.52 15.46 394.92 2318.77 8778.33 1.26 45.16 372.25 2388.0 8126.48 8.5923 0.03 369 2319 100.0 28.57 17.1688
104 129 42.0032 0.84 100.0 445.0 549.31 1349.61 1118.51 3.91 5.69 138.35 2212.08 8310.53 1.02 41.65 130.8 2388.08 8085.98 9.2995 0.02 330 2212 100.0 10.7 6.3362
104 130 20.0055 0.7 100.0 491.19 607.08 1482.82 1246.4 9.35 13.6 334.6 2323.85 8731.32 1.07 44.08 314.76 2387.98 8063.13 9.1694 0.02 363 2324 100.0 24.5 14.7181
104 131 25.0047 0.6206 60.0 462.54 536.7 1255.07 1047.32 7.05 9.01 175.8 1915.41 8003.25 0.94 36.5 164.89 2028.23 7880.36 10.8417 0.02 306 1915 84.93 14.26 8.5856
104 132 20.0003 0.7 100.0 491.19 607.51 1478.84 1253.61 9.35 13.61 335.44 2323.92 8717.59 1.08 44.07 315.18 2388.03 8059.9 9.1661 0.02 364 2324 100.0 24.55 14.8483
104 133 25.0055 0.62 60.0 462.54 536.65 1260.21 1036.4 7.05 9.0 175.52 1915.42 8014.95 0.94 36.51 164.62 2028.29 7875.63 10.8362 0.02 305 1915 84.93 14.37 8.5312
104 134 41.9985 0.8409 100.0 445.0 549.2 1352.88 1117.25 3.91 5.7 138.83 2212.02 8318.54 1.02 41.77 130.7 2388.09 8090.82 9.3102 0.02 329 2212 100.0 10.46 6.4016
104 135 42.0008 0.84 100.0 445.0 549.13 1351.64 1113.97 3.91 5.69 138.7 2212.05 8321.44 1.02 41.91 130.61 2388.09 8083.62 9.299 0.02 331 2212 100.0 10.41 6.4414
104 136 25.0015 0.6201 60.0 462.54 536.4 1258.94 1049.64 7.05 9.0 175.55 1915.41 8007.41 0.94 36.4 164.98 2028.29 7874.38 10.8154 0.02 306 1915 84.93 14.37 8.5232
104 137 19.9998 0.7011 100.0 491.19 607.49 1481.62 1245.51 9.35 13.61 335.63 2323.86 8731.86 1.08 44.12 315.25 2388.03 8066.4 9.1588 0.02 362 2324 100.0 24.65 14.6785
104 138 42.0021 0.84 100.0 445.0 548.73 1351.2 1123.84 3.91 5.7 137.81 2212.03 8322.09 1.02 41.88 130.52 2388.12 8085.64 9.2855 0.02 331 2212 100.0 10.74 6.3186
104 139 0.001 0.0 100.0 518.67 642.44 1579.42 1397.48 14.62 21.57 555.51 2388.02 9054.45 1.3 47.26 523.4 2388.0 8141.42 8.3394 0.03 393 2388 100.0 38.98 23.532
104 140 0.0028 0.0 100.0 518.67 642.48 1584.42 1402.99 14.62 21.58 555.91 2388.04 9055.37 1.3 47.07 523.48 2388.02 8145.18 8.3793 0.03 391 2388 100.0 39.17 23.4381
104 141 20.0069 0.7 100.0 491.19 607.17 1477.62 1245.52 9.35 13.6 334.53 2323.89 8724.78 1.08 44.07 314.79 2388.04 8066.62 9.174 0.02 364 2324 100.0 24.44 14.6806
104 142 42.0022 0.84 100.0 445.0 549.26 1345.07 1123.87 3.91 5.69 139.0 2212.07 8321.51 1.02 41.87 130.57 2388.12 8094.04 9.2921 0.02 329 2212 100.0 10.82 6.3052
104 143 10.0012 0.25 100.0 489.05 604.3 1500.81 1297.38 10.52 15.46 395.49 2318.84 8775.67 1.26 45.17 372.93 2388.07 8133.4 8.569 0.03 370 2319 100.0 28.65 17.281
104 144 20.0011 0.7002 100.0 491.19 607.75 1485.88 1245.94 9.35 13.61 335.69 2323.97 8721.04 1.08 44.23 315.69 2388.07 8070.76 9.1049 0.02 363 2324 100.0 24.62 14.6386
104 145 35.0065 0.8419 100.0 449.44 555.36 1364.59 1126.58 5.48 7.97 194.25 2223.02 8354.91 1.03 41.59 183.35 2388.07 8069.24 9.2281 0.02 333 2223 100.0 14.86 8.8836
104 146 9.9996 0.25 100.0 489.05 604.2 1493.07 1304.68 10.52 15.46 395.7 2318.86 8786.72 1.26 45.12 372.65 2388.11 8132.68 8.5434 0.03 368 2319 100.0 28.79 17.3726
104 147 41.9983 0.8409 100.0 445.0 548.74 1350.22 1117.35 3.91 5.69 139.1 2212.01 8322.42 1.02 41.85 130.55 2388.13 8091.29 9.325 0.02 329 2212 100.0 10.48 6.4441
104 148 35.005 0.8408 100.0 449.44 555.21 1363.76 1131.77 5.48 7.97 195.3 2223.04 8350.0 1.03 41.71 183.71 2388.13 8079.19 9.2491 0.02 333 2223 100.0 14.76 8.9942
104 149 25.0075 0.6202 60.0 462.54 536.54 1263.99 1047.23 7.05 9.0 175.52 1915.45 8009.42 0.94 36.69 164.99 2028.31 7877.91 10.8285 0.02 308 1915 84.93 14.42 8.5085
104 150 19.9995 0.7 100.0 491.19 606.56 1485.31 1247.08 9.35 13.61 336.62 2323.99 8728.13 1.08 44.34 316.67 2388.11 8068.05 9.082 0.02 365 2324 100.0 24.56 14.731
104 151 10.0033 0.2502 100.0 489.05 604.42 1496.83 1299.66 10.52 15.46 396.77 2318.95 8785.57 1.26 45.17 373.83 2388.11 8141.03 8.5421 0.03 367 2319 100.0 28.95 17.2631
104 152 0.0027 0.0 100.0 518.67 642.37 1586.4 1403.77 14.62 21.58 557.33 2388.1 9064.5 1.3 47.32 524.72 2388.09 8150.11 8.3608 0.03 392 2388 100.0 39.21 23.5302
104 153 42.004 0.8401 100.0 445.0 549.16 1351.93 1123.11 3.91 5.7 139.08 2212.08 8320.88 1.02 41.88 131.33 2388.16 8098.82 9.2938 0.02 330 2212 100.0 10.64 6.4208
104 154 42.0066 0.84 100.0 445.0 549.47 1351.52 1131.33 3.91 5.69 139.7 2212.07 8325.97 1.03 41.9 131.09 2388.2 8099.64 9.2471 0.02 329 2212 100.0 10.73 6.4519
104 155 42.0021 0.84 100.0 445.0 549.31 1351.21 1125.22 3.91 5.7 140.07 2212.06 8327.21 1.02 42.03 131.21 2388.16 8095.34 9.285 0.02 329 2212 100.0 10.81 6.3717
104 156 0.0022 0.0 100.0 518.67 641.91 1584.55 1396.82 14.62 21.58 557.8 2388.1 9070.29 1.3 47.36 525.88 2388.08 8155.78 8.3248 0.03 392 2388 100.0 39.15 23.4592
104 157 42.0031 0.8417 100.0 445.0 549.36 1341.89 1124.24 3.91 5.69 138.44 2212.08 8328.23 1.03 41.98 131.53 2388.17 8099.97 9.2775 0.02 329 2212 100.0 10.69 6.3674
104 158 42.0044 0.8405 100.0 445.0 549.05 1350.91 1119.12 3.91 5.69 138.97 2212.1 8329.01 1.03 41.92 130.74 2388.17 8098.19 9.2723 0.02 329 2212 100.0 10.52 6.3395
104 159 34.9994 0.84 100.0 449.44 555.66 1356.42 1121.68 5.48 7.98 195.95 2223.12 8358.58 1.03 41.87 184.38 2388.24 8080.5 9.2171 0.02 334 2223 100.0 14.92 9.0013
104 160 20.0034 0.7014 100.0 491.19 607.2 1485.97 1244.83 9.35 13.61 337.0 2324.07 8736.47 1.08 44.35 317.16 2388.23 8082.57 9.1541 0.02 365 2324 100.0 24.8 14.8413
104 161 34.9992 0.84 100.0 449.44 555.46 1364.02 1129.1 5.48 7.97 196.27 2223.15 8364.37 1.03 41.82 184.25 2388.29 8079.93 9.2551 0.02 332 2223 100.0 14.96 8.9879
104 162 24.9989 0.6205 60.0 462.54 537.2 1259.68 1039.92 7.05 9.0 177.17 1915.51 8021.2 0.94 36.78 165.57 2028.37 7884.44 10.809 0.02 305 1915 84.93 14.31 8.5845
104 163 35.0078 0.8414 100.0 449.44 555.2 1363.92 1130.58 5.48 7.97 196.02 2223.14 8362.65 1.03 41.91 183.52 2388.26 8080.13 9.2169 0.02 333 2223 100.0 14.89 8.9582
104 164 20.0071 0.7 100.0 491.19 606.87 1486.99 1242.1 9.35 13.61 336.95 2324.09 8731.02 1.08 44.36 316.83 2388.19 8070.49 9.0992 0.02 364 2324 100.0 24.68 14.8931
104 165 20.0054 0.7 100.0 491.19 607.38 1487.18 1240.38 9.35 13.6 336.73 2324.05 8728.67 1.08 44.29 317.22 2388.21 8075.26 9.1367 0.02 363 2324 100.0 24.45 14.8142
104 166 10.0012 0.2518 100.0 489.05 604.6 1501.41 1301.88 10.52 15.46 398.04 2319.03 8793.37 1.26 45.35 375.31 2388.23 8149.23 8.5596 0.03 369 2319 100.0 28.8 17.2372
104 167 42.0035 0.84 100.0 445.0 549.55 1352.21 1121.51 3.91 5.69 140.2 2212.19 8339.73 1.03 42.16 131.45 2388.3 8104.84 9.245 0.02 331 2212 100.0 10.68 6.3535
104 168 35.0008 0.84 100.0 449.44 555.87 1368.43 1119.57 5.48 7.97 197.26 2223.16 8365.9 1.03 41.73 184.73 2388.31 8085.95 9.207 0.02 333 2223 100.0 15.12 8.9375
104 169 20.0064 0.7 100.0 491.19 607.44 1486.77 1255.88 9.35 13.61 337.97 2324.11 8747.22 1.08 44.33 317.35 2388.28 8074.45 9.14 0.02 366 2324 100.0 24.8 14.7452
104 170 0.0011 0.0 100.0 518.67 642.87 1591.75 1403.74 14.62 21.58 559.56 2388.16 9081.79 1.3 47.65 527.0 2388.15 8153.9 8.3515 0.03 392 2388 100.0 39.42 23.5854
104 171 0.0016 0.0003 100.0 518.67 642.3 1589.74 1407.53 14.62 21.58 560.42 2388.2 9085.39 1.31 47.57 528.1 2388.2 8161.63 8.352 0.03 392 2388 100.0 39.26 23.5143
104 172 25.0059 0.62 60.0 462.54 536.4 1264.72 1047.55 7.05 9.0 177.13 1915.52 8022.9 0.94 36.7 166.37 2028.44 7888.26 10.7522 0.02 308 1915 84.93 14.34 8.7251
104 173 34.9981 0.8417 100.0 449.44 555.03 1362.23 1129.88 5.48 7.97 196.69 2223.22 8377.65 1.03 41.99 185.2 2388.35 8091.27 9.1609 0.02 334 2223 100.0 14.95 8.9458
104 174 42.0035 0.84 100.0 445.0 549.42 1358.3 1123.64 3.91 5.7 139.56 2212.22 8345.25 1.03 42.19 132.15 2388.27 8110.61 9.2118 0.02 331 2212 100.0 10.71 6.3639
104 175 35.0015 0.8414 100.0 449.44 556.0 1373.2 1127.8 5.48 7.97 197.16 2223.27 8375.02 1.03 42.06 185.74 2388.4 8092.84 9.1745 0.02 334 2223 100.0 14.9 8.8967
104 176 0.0003 0.0 100.0 518.67 642.88 1592.2 1411.15 14.62 21.58 560.37 2388.22 9080.73 1.31 47.53 529.29 2388.22 8158.22 8.3183 0.03 393 2388 100.0 39.21 23.5986
104 177 10.0035 0.2514 100.0 489.05 605.1 1506.36 1311.62 10.52 15.46 399.69 2319.11 8804.43 1.27 45.49 375.85 2388.31 8150.07 8.4826 0.03 371 2319 100.0 28.68 17.3418
104 178 35.0003 0.84 100.0 449.44 555.53 1368.9 1127.97 5.48 7.97 196.69 2223.27 8377.94 1.03 42.14 185.65 2388.44 8093.72 9.1825 0.02 333 2223 100.0 15.02 8.9849
104 179 34.9985 0.84 100.0 449.44 555.54 1365.7 1136.6 5.48 7.97 196.93 2223.37 8372.15 1.03 42.07 185.34 2388.41 8098.05 9.1693 0.02 335 2223 100.0 15.13 8.9633
104 180 20.0027 0.7 100.0 491.19 607.45 1487.96 1255.47 9.35 13.61 339.61 2324.28 8744.9 1.08 44.65 319.11 2388.41 8091.07 9.1066 0.02 366 2324 100.0 24.73 14.8671
104 181 35.0079 0.84 100.0 449.44 555.1 1367.78 1131.79 5.48 7.97 196.28 2223.34 8383.55 1.04 41.93 185.3 2388.45 8093.92 9.1685 0.02 336 2223 100.0 15.04 8.9496
104 182 0.0004 0.0 100.0 518.67 643.03 1592.6 1413.58 14.62 21.58 562.67 2388.3 9092.63 1.31 47.78 530.11 2388.28 8173.26 8.2958 0.03 394 2388 100.0 39.36 23.7942
104 183 42.003 0.84 100.0 445.0 549.42 1351.72 1134.54 3.91 5.7 140.62 2212.29 8355.85 1.03 42.38 132.35 2388.42 8118.38 9.2118 0.02 332 2212 100.0 10.87 6.375
104 184 9.9983 0.25 100.0 489.05 605.0 1504.35 1320.61 10.52 15.47 401.38 2319.28 8821.84 1.27 45.69 377.98 2388.47 8164.67 8.4982 0.03 371 2319 100.0 28.76 17.5617
104 185 25.003 0.621 60.0 462.54 536.74 1263.88 1047.86 7.05 9.0 177.79 1915.63 8040.92 0.94 36.78 167.09 2028.59 7890.15 10.7251 0.02 307 1915 84.93 14.4 8.7178
104 186 0.0019 0.0003 100.0 518.67 643.21 1595.93 1413.33 14.62 21.58 563.32 2388.29 9097.62 1.31 47.7 530.49 2388.29 8172.82 8.3033 0.03 393 2388 100.0 39.53 23.6149
104 187 9.9994 0.25 100.0 489.05 604.17 1500.48 1312.71 10.52 15.47 401.31 2319.33 8819.71 1.27 45.77 378.12 2388.55 8164.31 8.4731 0.03 370 2319 100.0 29.05 17.4198
104 188 10.0069 0.2516 100.0 489.05 605.05 1506.64 1316.66 10.52 15.46 401.17 2319.34 8811.89 1.27 45.63 377.8 2388.55 8165.16 8.4697 0.03 371 2319 100.0 28.99 17.3452
104 189 41.9994 0.84 100.0 445.0 549.35 1354.93 1134.54 3.91 5.7 142.16 2212.37 8361.5 1.04 42.58 132.75 2388.45 8124.71 9.1473 0.02 332 2212 100.0 10.81 6.4114
104 190 35.0067 0.84 100.0 449.44 555.63 1376.5 1141.17 5.48 7.98 198.17 2223.48 8392.96 1.04 42.19 187.13 2388.65 8106.81 9.1308 0.02 336 2223 100.0 15.17 9.0487
104 191 19.9982 0.7008 100.0 491.19 607.86 1497.44 1256.4 9.35 13.62 341.77 2324.49 8770.87 1.09 44.65 321.3 2388.64 8099.81 9.027 0.03 366 2324 100.0 24.94 14.9351
104 192 10.0034 0.2515 100.0 489.05 605.56 1517.2 1315.38 10.52 15.47 402.26 2319.38 8826.25 1.27 45.9 378.42 2388.61 8169.79 8.459 0.03 370 2319 100.0 29.0 17.36
104 193 34.9988 0.8401 100.0 449.44 555.87 1374.73 1145.47 5.48 7.98 199.48 2223.57 8395.63 1.04 42.2 187.26 2388.69 8112.5 9.0938 0.02 337 2223 100.0 15.25 9.0766
104 194 42.0026 0.8407 100.0 445.0 549.92 1362.2 1138.17 3.91 5.7 141.85 2212.42 8374.13 1.04 42.72 133.97 2388.52 8127.67 9.1171 0.02 332 2212 100.0 10.78 6.4808
104 195 42.0005 0.84 100.0 445.0 549.83 1360.57 1142.67 3.91 5.69 142.24 2212.47 8371.65 1.05 42.72 133.63 2388.6 8136.01 9.1453 0.02 331 2212 100.0 10.92 6.3448
104 196 25.0062 0.6207 60.0 462.54 537.18 1270.87 1056.34 7.05 9.0 178.96 1915.84 8041.15 0.94 36.99 168.02 2028.74 7900.91 10.6959 0.02 310 1915 84.93 14.42 8.6178
104 197 34.9995 0.84 100.0 449.44 556.02 1377.41 1145.64 5.48 7.98 199.45 2223.63 8398.6 1.04 42.44 188.17 2388.8 8123.64 9.1021 0.02 338 2223 100.0 15.22 9.0198
104 198 0.0011 0.0 100.0 518.67 642.66 1596.62 1423.34 14.62 21.58 566.81 2388.5 9116.16 1.31 47.92 534.37 2388.51 8184.91 8.2602 0.03 396 2388 100.0 39.56 23.7773
104 199 42.0065 0.84 100.0 445.0 549.77 1356.08 1147.02 3.91 5.7 143.15 2212.48 8374.41 1.05 42.65 134.51 2388.58 8135.88 9.0908 0.02 334 2212 100.0 10.86 6.5193
104 200 10.004 0.2513 100.0 489.05 605.13 1514.98 1321.97 10.52 15.47 404.17 2319.58 8844.72 1.27 46.02 381.54 2388.8 8185.05 8.4736 0.03 372 2319 100.0 28.91 17.5226
104 201 0.0014 0.0 100.0 518.67 642.8 1593.99 1421.54 14.62 21.58 568.39 2388.5 9121.17 1.31 47.93 535.95 2388.45 8192.19 8.2011 0.03 397 2388 100.0 39.56 23.7447
104 202 25.0 0.62 60.0 462.54 537.44 1268.5 1060.4 7.05 9.0 179.53 1915.85 8047.1 0.95 36.95 167.95 2028.79 7904.09 10.6298 0.02 308 1915 84.93 14.59 8.7422
104 203 9.9989 0.25 100.0 489.05 605.6 1515.26 1327.73 10.52 15.47 406.59 2319.67 8847.51 1.28 46.1 381.93 2388.93 8181.8 8.4462 0.03 374 2319 100.0 29.08 17.4749
110 1 42.0011 0.8418 100.0 445.0 548.75 1352.28 1111.54 3.91 5.71 139.53 2212.07 8327.29 1.02 41.75 130.41 2388.22 8094.06 9.3384 0.02 330 2212 100.0 10.6 6.4507
110 2 0.0001 0.0 100.0 518.67 642.07 1583.04 1397.85 14.62 21.61 553.69 2387.99 9063.47 1.3 47.18 522.34 2388.01 8143.18 8.4057 0.03 391 2388 100.0 39.05 23.4598
110 3 41.9983 0.84 100.0 445.0 549.21 1352.61 1118.24 3.91 5.72 138.84 2212.07 8320.79 1.02 41.94 130.97 2388.2 8091.98 9.3235 0.02 332 2212 100.0 10.77 6.3911
110 4 25.0001 0.62 60.0 462.54 536.36 1256.86 1043.81 7.05 9.02 176.16 1915.44 8014.66 0.94 36.59 164.71 2028.42 7879.46 10.8711 0.02 306 1915 84.93 14.28 8.6329
110 5 24.9985 0.6202 60.0 462.54 536.95 1261.56 1043.61 7.05 9.02 174.86 1915.45 8012.71 0.94 36.45 164.6 2028.29 7877.07 10.9061 0.02 307 1915 84.93 14.3 8.5568
110 6 35.007 0.8413 100.0 449.44 555.63 1360.94 1115.86 5.48 8.0 194.34 2223.03 8357.06 1.02 41.64 183.79 2388.14 8072.64 9.2842 0.02 332 2223 100.0 14.99 8.9722
110 7 41.9992 0.8406 100.0 445.0 549.65 1345.59 1120.3 3.91 5.71 138.87 2212.09 8331.46 1.02 41.73 131.16 2388.17 8092.07 9.3074 0.02 329 2212 100.0 10.5 6.4502
110 8 9.9987 0.2503 100.0 489.05 604.18 1503.98 1301.61 10.52 15.49 394.81 2318.86 8786.53 1.26 45.38 372.2 2387.99 8135.42 8.6216 0.03 369 2319 100.0 28.53 17.1767
110 9 0.0018 0.0006 100.0 518.67 641.96 1580.51 1400.13 14.62 21.61 553.6 2388.0 9058.0 1.3 47.26 522.8 2387.98 8145.36 8.3916 0.03 390 2388 100.0 38.94 23.437
110 10 42.002 0.84 100.0 445.0 549.41 1346.48 1125.7 3.91 5.71 139.37 2212.11 8327.8 1.02 41.92 130.45 2388.22 8094.41 9.3189 0.02 329 2212 100.0 10.62 6.2959
110 11 19.9984 0.7003 100.0 491.19 606.36 1478.1 1238.02 9.35 13.65 334.39 2324.0 8729.62 1.08 44.25 315.19 2388.08 8072.68 9.1618 0.02 364 2324 100.0 24.48 14.673
110 12 41.9982 0.84 100.0 445.0 549.21 1353.83 1116.11 3.91 5.71 138.26 2212.14 8329.68 1.02 41.83 130.85 2388.23 8099.61 9.3027 0.02 331 2212 100.0 10.75 6.3137
110 13 20.0036 0.7 100.0 491.19 606.59 1480.68 1243.86 9.35 13.65 334.67 2323.91 8725.01 1.08 44.23 315.63 2388.03 8071.06 9.171 0.02 364 2324 100.0 24.5 14.8419
110 14 25.0024 0.62 60.0 462.54 536.04 1257.06 1045.9 7.05 9.02 175.53 1915.49 8019.03 0.94 36.47 164.6 2028.39 7881.35 10.8557 0.02 305 1915 84.93 14.37 8.6738
110 15 10.0019 0.2512 100.0 489.05 603.99 1492.81 1303.63 10.52 15.49 394.68 2318.85 8776.53 1.26 45.16 372.22 2388.05 8137.84 8.6536 0.03 370 2319 100.0 28.72 17.2351
110 16 25.0048 0.62 60.0 462.54 536.45 1262.17 1050.21 7.05 9.03 175.66 1915.51 8011.09 0.94 36.67 165.45 2028.36 7878.84 10.8612 0.02 306 1915 84.93 14.39 8.6555
110 17 42.0028 0.8409 100.0 445.0 549.61 1350.34 1127.83 3.91 5.72 138.52 2212.13 8325.72 1.02 41.92 131.16 2388.12 8098.26 9.3345 0.02 330 2212 100.0 10.64 6.4583
110 18 0.0019 0.0004 100.0 518.67 641.79 1585.74 1392.62 14.62 21.6 554.65 2387.99 9064.02 1.3 47.37 521.99 2388.04 8147.42 8.3908 0.03 392 2388 100.0 39.05 23.363
110 19 0.0001 0.0017 100.0 518.67 641.74 1588.5 1405.02 14.62 21.61 553.7 2388.06 9059.98 1.3 47.18 522.0 2388.05 8143.61 8.409 0.03 390 2388 100.0 39.08 23.3611
110 20 25.0055 0.6202 60.0 462.54 536.9 1253.71 1044.2 7.05 9.03 175.56 1915.46 8008.27 0.94 36.74 165.01 2028.39 7874.28 10.8203 0.02 306 1915 84.93 14.47 8.5134
110 21 42.0024 0.84 100.0 445.0 549.54 1348.5 1116.07 3.91 5.72 138.85 2212.04 8321.95 1.02 41.75 131.0 2388.19 8088.99 9.3388 0.02 329 2212 100.0 10.68 6.439
110 22 41.9988 0.84 100.0 445.0 549.03 1351.18 1111.05 3.91 5.71 138.6 2212.03 8330.56 1.02 41.82 130.63 2388.17 8088.75 9.297 0.02 331 2212 100.0 10.62 6.3803
110 23 35.0052 0.8402 100.0 449.44 555.53 1361.31 1124.19 5.48 8.0 193.98 2223.08 8354.2 1.02 41.74 183.29 2388.19 8068.81 9.2505 0.02 332 2223 100.0 14.91 8.9421
110 24 0.0017 0.001 100.0 518.67 642.22 1584.62 1396.87 14.62 21.61 554.11 2388.04 9062.8 1.3 47.08 521.88 2387.99 8148.17 8.4314 0.03 391 2388 100.0 39.02 23.4421
110 25 35.0007 0.8415 100.0 449.44 555.73 1356.22 1130.4 5.48 8.0 194.43 2223.07 8359.23 1.02 41.73 183.98 2388.19 8075.41 9.3002 0.02 332 2223 100.0 14.72 8.8782
110 26 25.0063 0.6204 60.0 462.54 536.53 1253.62 1047.23 7.05 9.03 175.91 1915.45 8013.01 0.94 36.52 164.7 2028.36 7876.52 10.8639 0.02 305 1915 84.93 14.21 8.6441
110 27 19.9987 0.7 100.0 491.19 607.47 1478.76 1237.54 9.35 13.65 334.4 2323.93 8726.8 1.08 44.4 315.64 2388.09 8065.84 9.2326 0.02 363 2324 100.0 24.84 14.8496
110 28 25.0063 0.62 60.0 462.54 537.23 1258.59 1048.57 7.05 9.02 175.96 1915.43 8013.26 0.94 36.62 164.82 2028.36 7880.46 10.88 0.02 308 1915 84.93 14.46 8.4873
110 29 35.0079 0.84 100.0 449.44 555.92 1364.3 1121.94 5.48 8.0 194.61 2223.04 8360.55 1.02 41.73 183.39 2388.15 8075.63 9.2741 0.02 333 2223 100.0 14.87 9.0284
110 30 25.0029 0.62 60.0 462.54 536.74 1256.56 1039.66 7.05 9.02 176.03 1915.45 8008.87 0.94 36.47 164.8 2028.38 7881.37 10.864 0.02 306 1915 84.93 14.48 8.6093
110 31 42.0046 0.8404 100.0 445.0 549.5 1346.66 1126.82 3.91 5.71 139.25 2212.12 8327.93 1.02 41.86 130.16 2388.18 8088.39 9.3196 0.02 330 2212 100.0 10.59 6.3707
110 32 0.0019 0.0013 100.0 518.67 642.16 1591.78 1406.61 14.62 21.61 554.72 2388.01 9065.87 1.3 47.11 522.61 2387.98 8146.51 8.3644 0.03 391 2388 100.0 39.08 23.4464
110 33 34.9981 0.84 100.0 449.44 555.05 1355.05 1125.4 5.48 8.0 193.7 2223.05 8358.2 1.02 41.76 183.07 2388.14 8071.58 9.3112 0.02 333 2223 100.0 14.86 8.9734
110 34 25.0055 0.62 60.0 462.54 536.51 1256.12 1049.4 7.05 9.02 175.72 1915.5 8023.05 0.94 36.52 164.18 2028.4 7882.31 10.8508 0.02 306 1915 84.93 14.47 8.5357
110 35 10.0007 0.25 100.0 489.05 604.81 1501.49 1303.19 10.52 15.49 394.61 2318.8 8782.32 1.26 45.18 372.64 2388.0 8137.7 8.6015 0.03 366 2319 100.0 28.54 17.1572
110 36 35.0059 0.84 100.0 449.44 555.55 1357.76 1129.63 5.48 8.0 194.45 2223.1 8361.51 1.02 41.87 183.2 2388.19 8077.21 9.3464 0.02 332 2223 100.0 14.83 8.8392
110 37 25.0046 0.6204 60.0 462.54 536.7 1257.69 1040.81 7.05 9.02 175.82 1915.42 8011.14 0.94 36.49 164.85 2028.37 7880.95 10.8701 0.02 308 1915 84.93 14.33 8.535
110 38 42.0029 0.84 100.0 445.0 549.55 1352.43 1120.39 3.91 5.71 138.26 2212.06 8324.77 1.02 41.73 131.24 2388.16 8093.29 9.3284 0.02 328 2212 100.0 10.57 6.4586
110 39 9.9982 0.25 100.0 489.05 604.1 1490.11 1298.99 10.52 15.49 394.62 2318.81 8783.71 1.26 45.2 372.0 2388.05 8138.84 8.6092 0.03 368 2319 100.0 28.71 17.2419
110 40 10.0047 0.2516 100.0 489.05 603.95 1499.91 1298.91 10.52 15.49 395.19 2318.84 8785.38 1.26 44.98 372.18 2388.04 8139.94 8.628 0.03 370 2319 100.0 28.72 17.2895
110 41 42.007 0.84 100.0 445.0 549.63 1352.73 1117.53 3.91 5.71 139.36 2212.06 8325.95 1.02 42.02 131.18 2388.16 8093.51 9.3334 0.02 331 2212 100.0 10.42 6.3142
110 42 35.002 0.84 100.0 449.44 555.68 1362.46 1120.54 5.48 8.0 194.09 2223.1 8351.46 1.02 41.59 183.54 2388.16 8076.21 9.3048 0.02 334 2223 100.0 14.9 8.9164
110 43 41.9998 0.8414 100.0 445.0 549.18 1347.38 1124.67 3.91 5.71 139.09 2212.08 8327.8 1.02 42.01 130.99 2388.13 8094.85 9.3261 0.02 330 2212 100.0 10.57 6.4047
110 44 0.0008 0.0 100.0 518.67 641.96 1593.65 1398.65 14.62 21.61 553.91 2388.06 9062.77 1.3 47.04 522.29 2388.03 8148.78 8.4009 0.03 392 2388 100.0 39.02 23.3831
110 45 0.0023 0.0012 100.0 518.67 642.03 1591.69 1399.26 14.62 21.61 554.14 2388.0 9060.02 1.3 47.33 522.67 2388.02 8146.45 8.398 0.03 391 2388 100.0 38.76 23.3923
110 46 0.0016 0.0 100.0 518.67 642.25 1586.21 1403.44 14.62 21.61 554.49 2387.98 9067.65 1.3 47.28 522.75 2388.03 8145.08 8.4553 0.03 391 2388 100.0 38.96 23.3849
110 47 10.0073 0.25 100.0 489.05 604.54 1494.21 1298.77 10.52 15.49 394.66 2318.86 8782.38 1.26 45.12 371.86 2388.02 8133.58 8.6477 0.03 367 2319 100.0 28.8 17.2243
110 48 10.002 0.25 100.0 489.05 604.41 1500.78 1301.86 10.52 15.49 395.45 2318.83 8795.85 1.26 45.29 371.7 2388.04 8135.33 8.6396 0.03 369 2319 100.0 28.38 17.1784
110 49 41.9999 0.84 100.0 445.0 549.36 1353.78 1121.74 3.91 5.71 139.35 2212.11 8326.75 1.02 41.89 130.94 2388.25 8093.96 9.3395 0.02 330 2212 100.0 10.62 6.3315
110 50 41.9992 0.8413 100.0 445.0 549.23 1344.58 1122.41 3.91 5.72 138.47 2212.08 8324.74 1.02 41.93 130.83 2388.16 8090.45 9.3356 0.02 332 2212 100.0 10.67 6.3236
110 51 42.0059 0.8404 100.0 445.0 548.87 1358.12 1116.87 3.91 5.71 138.69 2212.09 8328.14 1.02 41.93 131.23 2388.18 8091.76 9.3274 0.02 329 2212 100.0 10.63 6.4022
110 52 24.9998 0.6219 60.0 462.54 537.04 1256.44 1040.12 7.05 9.02 176.33 1915.54 8012.3 0.94 36.75 164.77 2028.35 7882.46 10.907 0.02 306 1915 84.93 14.45 8.5773
110 53 25.0032 0.62 60.0 462.54 536.43 1256.67 1041.5 7.05 9.03 175.83 1915.5 8016.47 0.94 36.58 164.87 2028.38 7880.49 10.8403 0.02 307 1915 84.93 14.27 8.6555
110 54 9.9988 0.2503 100.0 489.05 604.07 1503.94 1299.58 10.52 15.49 394.94 2318.82 8783.15 1.26 45.07 372.07 2388.01 8142.3 8.5986 0.03 368 2319 100.0 28.72 17.0771
110 55 0.0021 0.0011 100.0 518.67 642.46 1593.94 1399.9 14.62 21.61 554.11 2388.04 9063.06 1.3 47.17 522.03 2387.98 8142.22 8.4034 0.03 391 2388 100.0 38.85 23.3181
110 56 10.0028 0.25 100.0 489.05 604.27 1497.0 1296.56 10.52 15.49 394.52 2318.88 8784.22 1.26 45.05 371.86 2388.08 8139.72 8.6045 0.03 369 2319 100.0 28.58 17.1877
110 57 42.0024 0.8417 100.0 445.0 549.39 1348.27 1117.15 3.91 5.71 138.92 2212.08 8332.57 1.02 41.85 130.9 2388.21 8097.33 9.3505 0.02 329 2212 100.0 10.52 6.3913
110 58 10.0059 0.2502 100.0 489.05 604.47 1498.76 1298.88 10.52 15.49 394.4 2318.81 8782.93 1.26 45.22 371.34 2388.11 8138.9 8.6731 0.03 368 2319 100.0 28.66 17.1352
110 59 0.0022 0.0002 100.0 518.67 642.46 1580.6 1395.99 14.62 21.61 553.71 2388.05 9062.32 1.3 47.13 522.74 2388.03 8146.2 8.4022 0.03 392 2388 100.0 38.89 23.4213
110 60 25.0069 0.62 60.0 462.54 536.7 1252.01 1036.96 7.05 9.03 175.53 1915.44 8010.3 0.94 36.8 164.88 2028.35 7880.95 10.8844 0.02 306 1915 84.93 14.31 8.5132
110 61 41.9997 0.84 100.0 445.0 549.6 1357.73 1116.18 3.91 5.72 138.85 2212.04 8321.4 1.02 42.04 130.85 2388.16 8095.0 9.3453 0.02 331 2212 100.0 10.4 6.3694
110 62 41.9984 0.84 100.0 445.0 549.43 1349.22 1123.18 3.91 5.72 139.05 2212.05 8326.49 1.02 41.91 130.5 2388.24 8090.54 9.317 0.02 330 2212 100.0 10.78 6.3239
110 63 42.0068 0.8414 100.0 445.0 548.82 1354.24 1122.12 3.91 5.72 139.34 2212.05 8333.26 1.02 41.85 130.38 2388.25 8092.42 9.3184 0.02 330 2212 100.0 10.6 6.3739
110 64 42.0068 0.8402 100.0 445.0 549.49 1346.93 1116.68 3.91 5.72 138.66 2212.07 8337.35 1.02 41.85 130.62 2388.16 8087.93 9.3225 0.02 330 2212 100.0 10.61 6.3522
110 65 35.0059 0.84 100.0 449.44 555.57 1352.22 1126.76 5.48 8.0 194.35 2223.12 8349.92 1.02 41.84 183.42 2388.18 8078.63 9.2572 0.02 334 2223 100.0 14.97 8.8459
110 66 42.0075 0.84 100.0 445.0 549.16 1356.63 1120.09 3.91 5.71 138.36 2212.05 8327.14 1.02 41.91 130.72 2388.17 8087.75 9.3273 0.02 329 2212 100.0 10.66 6.3982
110 67 35.0058 0.84 100.0 449.44 555.43 1365.54 1119.56 5.48 8.0 194.75 2223.08 8357.13 1.02 41.74 183.7 2388.2 8078.42 9.3219 0.02 334 2223 100.0 14.91 9.0008
110 68 9.9982 0.25 100.0 489.05 604.69 1495.87 1301.79 10.52 15.49 394.84 2318.93 8788.8 1.26 45.21 372.1 2388.03 8140.4 8.6507 0.03 368 2319 100.0 28.64 17.2601
110 69 0.0004 0.0018 100.0 518.67 642.62 1582.35 1404.25 14.62 21.61 554.63 2387.99 9062.02 1.3 47.36 522.44 2388.02 8147.96 8.4245 0.03 393 2388 100.0 38.89 23.4956
110 70 10.0016 0.25 100.0 489.05 605.05 1493.49 1300.86 10.52 15.49 395.2 2318.86 8794.79 1.26 45.2 372.0 2388.07 8140.07 8.6149 0.03 369 2319 100.0 28.72 17.1833
110 71 42.0034 0.8406 100.0 445.0 549.25 1346.94 1117.0 3.91 5.71 138.56 2212.08 8331.54 1.02 41.8 130.91 2388.22 8092.36 9.3585 0.02 331 2212 100.0 10.67 6.3209
110 72 35.0018 0.84 100.0 449.44 555.32 1370.55 1128.29 5.48 8.0 194.48 2223.14 8359.54 1.02 41.77 182.94 2388.19 8074.77 9.2934 0.02 333 2223 100.0 14.82 8.8216
110 73 42.0009 0.841 100.0 445.0 549.25 1353.03 1125.42 3.91 5.71 139.39 2212.04 8332.48 1.02 41.95 130.17 2388.19 8088.2 9.3383 0.02 330 2212 100.0 10.74 6.3753
110 74 10.0078 0.25 100.0 489.05 604.61 1495.57 1306.03 10.52 15.49 394.73 2318.9 8801.11 1.26 45.2 372.59 2388.04 8135.77 8.6646 0.03 369 2319 100.0 28.66 17.2388
110 75 10.0001 0.25 100.0 489.05 604.66 1495.5 1297.4 10.52 15.49 394.8 2318.87 8784.97 1.26 45.07 371.45 2388.06 8134.46 8.5937 0.03 370 2319 100.0 28.82 17.1489
110 76 25.0025 0.62 60.0 462.54 536.77 1258.02 1049.21 7.05 9.02 175.34 1915.47 8018.83 0.94 36.58 165.36 2028.35 7880.58 10.8726 0.02 309 1915 84.93 14.35 8.5571
110 77 10.0014 0.251 100.0 489.05 604.63 1506.24 1301.74 10.52 15.49 395.0 2318.86 8794.49 1.26 45.39 372.07 2388.06 8138.66 8.6431 0.03 369 2319 100.0 28.72 17.2332
110 78 42.0022 0.84 100.0 445.0 549.12 1347.23 1120.88 3.91 5.72 138.47 2212.1 8327.47 1.02 41.82 130.66 2388.09 8090.71 9.3615 0.02 331 2212 100.0 10.72 6.4395
110 79 25.0041 0.62 60.0 462.54 536.54 1263.74 1043.52 7.05 9.02 176.04 1915.47 8014.99 0.94 36.51 164.35 2028.32 7879.1 10.8844 0.02 305 1915 84.93 14.11 8.5698
110 80 20.0049 0.7017 100.0 491.19 607.2 1483.2 1243.63 9.35 13.66 334.0 2323.93 8717.02 1.08 44.23 315.09 2388.03 8070.86 9.1992 0.02 363 2324 100.0 24.65 14.7491
110 81 0.0001 0.0 100.0 518.67 642.1 1583.97 1396.99 14.62 21.61 553.87 2388.02 9062.5 1.3 47.38 521.96 2388.03 8143.31 8.3921 0.03 391 2388 100.0 38.97 23.3968
110 82 24.9982 0.6211 60.0 462.54 536.97 1266.2 1048.18 7.05 9.03 175.85 1915.39 8021.2 0.94 36.56 164.06 2028.32 7876.25 10.8753 0.02 307 1915 84.93 14.17 8.4914
110 83 34.9989 0.84 100.0 449.44 555.43 1364.59 1124.2 5.48 8.0 195.38 2223.08 8362.4 1.02 41.72 183.24 2388.16 8078.38 9.3038 0.02 333 2223 100.0 15.14 8.9749
110 84 35.0023 0.84 100.0 449.44 555.6 1366.12 1129.5 5.48 8.0 194.69 2223.1 8356.42 1.03 41.61 183.14 2388.17 8076.0 9.2667 0.02 333 2223 100.0 14.7 8.9279
110 85 25.0047 0.62 60.0 462.54 536.93 1261.16 1046.33 7.05 9.03 175.68 1915.46 8019.89 0.94 36.74 164.64 2028.38 7876.53 10.8904 0.02 305 1915 84.93 14.3 8.6134
110 86 35.0046 0.841 100.0 449.44 555.3 1356.76 1128.63 5.48 8.0 195.05 2223.05 8360.11 1.02 41.79 183.03 2388.2 8073.64 9.3088 0.02 333 2223 100.0 15.02 8.9539
110 87 20.0059 0.7004 100.0 491.19 607.21 1475.93 1247.21 9.35 13.66 335.11 2323.97 8729.23 1.08 44.31 314.69 2388.13 8072.25 9.2136 0.02 365 2324 100.0 24.41 14.807
110 88 0.0019 0.0 100.0 518.67 641.96 1592.74 1398.75 14.62 21.61 554.74 2388.02 9060.51 1.3 47.39 522.05 2388.02 8146.54 8.4386 0.03 392 2388 100.0 39.04 23.4342
110 89 25.0077 0.62 60.0 462.54 536.53 1259.1 1046.71 7.05 9.03 176.08 1915.46 8015.56 0.94 36.51 165.1 2028.38 7875.74 10.879 0.02 304 1915 84.93 14.19 8.6157
110 90 20.0051 0.7012 100.0 491.19 607.62 1478.26 1247.7 9.35 13.65 334.91 2323.99 8731.42 1.08 44.11 314.78 2388.11 8070.18 9.1786 0.02 364 2324 100.0 24.6 14.7241
110 91 10.006 0.2509 100.0 489.05 604.82 1492.63 1307.52 10.52 15.49 394.49 2318.94 8778.41 1.26 45.22 371.63 2388.08 8137.84 8.6317 0.03 369 2319 100.0 28.62 17.0635
110 92 20.0036 0.7 100.0 491.19 606.61 1490.6 1243.91 9.35 13.65 334.97 2323.95 8738.22 1.08 44.34 315.13 2388.11 8070.5 9.2122 0.02 365 2324 100.0 24.58 14.7842
110 93 25.0013 0.62 60.0 462.54 536.76 1256.32 1040.91 7.05 9.03 175.92 1915.47 8020.56 0.94 36.64 164.58 2028.41 7880.24 10.8616 0.02 307 1915 84.93 14.19 8.6186
110 94 9.999 0.2517 100.0 489.05 605.08 1500.18 1299.33 10.52 15.49 394.41 2318.89 8793.04 1.26 45.48 371.72 2388.08 8142.33 8.6479 0.03 367 2319 100.0 28.55 17.1661
110 95 41.9983 0.84 100.0 445.0 549.37 1353.52 1119.79 3.91 5.72 138.64 2212.11 8325.01 1.02 41.9 131.05 2388.18 8094.64 9.3362 0.02 330 2212 100.0 10.56 6.4315
110 96 0.002 0.0 100.0 518.67 642.37 1589.2 1402.86 14.62 21.61 553.52 2388.0 9063.29 1.3 47.36 522.06 2388.05 8146.99 8.4143 0.03 392 2388 100.0 38.81 23.3853
110 97 42.0076 0.84 100.0 445.0 549.8 1351.71 1122.81 3.91 5.71 138.8 2212.12 8328.9 1.02 42.07 130.83 2388.13 8092.75 9.3563 0.02 330 2212 100.0 10.43 6.4788
110 98 24.9999 0.62 60.0 462.54 536.46 1262.18 1052.79 7.05 9.02 175.63 1915.46 8021.61 0.94 36.67 164.97 2028.38 7884.82 10.8658 0.02 306 1915 84.93 14.23 8.5288
110 99 42.0012 0.84 100.0 445.0 549.34 1355.83 1129.56 3.91 5.71 138.98 2212.09 8329.67 1.02 41.99 131.38 2388.16 8093.5 9.3338 0.02 330 2212 100.0 10.57 6.3224
110 100 0.0006 0.0 100.0 518.67 642.86 1590.23 1405.73 14.62 21.61 553.64 2388.09 9073.25 1.3 47.38 521.92 2388.09 8151.06 8.4429 0.03 394 2388 100.0 39.06 23.295
110 101 19.9981 0.7009 100.0 491.19 607.36 1479.89 1252.86 9.35 13.66 335.02 2323.99 8729.64 1.07 44.23 315.19 2388.11 8078.2 9.2089 0.02 365 2324 100.0 24.54 14.6364
110 102 20.0049 0.7003 100.0 491.19 607.18 1482.41 1247.69 9.35 13.65 334.66 2323.99 8737.72 1.08 44.32 315.44 2388.17 8075.23 9.2186 0.02 364 2324 100.0 24.34 14.6411
110 103 10.0027 0.2514 100.0 489.05 605.11 1502.92 1306.83 10.52 15.49 394.45 2318.91 8788.12 1.26 45.22 372.37 2388.08 8138.88 8.6676 0.03 368 2319 100.0 28.5 17.0572
110 104 42.0004 0.84 100.0 445.0 549.29 1350.67 1115.43 3.91 5.72 138.19 2212.06 8327.81 1.02 41.98 130.37 2388.21 8090.33 9.3463 0.02 330 2212 100.0 10.79 6.3981
110 105 41.9991 0.8414 100.0 445.0 548.91 1352.34 1128.52 3.91 5.72 139.77 2212.14 8339.24 1.02 41.85 130.85 2388.18 8097.64 9.3624 0.02 330 2212 100.0 10.64 6.2864
110 106 24.9985 0.6219 60.0 462.54 536.74 1262.66 1043.77 7.05 9.02 174.72 1915.54 8017.59 0.94 36.6 165.11 2028.34 7881.94 10.8993 0.02 307 1915 84.93 14.56 8.5459
110 107 9.9986 0.25 100.0 489.05 604.75 1494.84 1313.18 10.52 15.49 394.61 2318.86 8784.65 1.26 45.33 371.96 2388.12 8131.65 8.6543 0.03 368 2319 100.0 28.66 17.1126
110 108 25.0037 0.62 60.0 462.54 536.4 1263.28 1052.17 7.05 9.03 175.25 1915.46 8015.78 0.94 36.82 164.76 2028.39 7880.11 10.8945 0.02 307 1915 84.93 14.4 8.6185
110 109 10.0056 0.25 100.0 489.05 605.04 1503.21 1307.26 10.52 15.49 394.68 2318.91 8788.21 1.26 45.28 372.31 2388.11 8139.32 8.6526 0.03 368 2319 100.0 28.72 17.2311
110 110 41.9986 0.8405 100.0 445.0 550.07 1350.48 1130.71 3.91 5.71 139.26 2212.02 8329.96 1.02 41.83 130.82 2388.14 8091.94 9.3445 0.02 330 2212 100.0 10.49 6.3435
110 111 35.0021 0.8401 100.0 449.44 556.19 1366.39 1133.77 5.48 8.0 194.71 2223.18 8355.88 1.02 41.86 182.43 2388.27 8080.15 9.3448 0.02 334 2223 100.0 14.8 8.9598
110 112 10.0064 0.25 100.0 489.05 604.35 1500.26 1303.48 10.52 15.5 394.68 2318.84 8784.61 1.26 45.45 372.12 2388.04 8138.43 8.6545 0.03 371 2319 100.0 28.64 17.2277
110 113 20.0052 0.702 100.0 491.19 608.0 1474.24 1245.03 9.35 13.66 334.53 2324.02 8737.83 1.08 44.35 315.57 2388.17 8072.81 9.225 0.02 363 2324 100.0 24.58 14.7671
110 114 0.002 0.0 100.0 518.67 642.67 1585.28 1405.37 14.62 21.61 554.51 2388.04 9066.02 1.3 47.54 521.88 2388.02 8151.94 8.432 0.03 393 2388 100.0 39.0 23.3286
110 115 10.0011 0.2506 100.0 489.05 604.85 1503.48 1309.11 10.52 15.5 394.29 2318.91 8782.89 1.26 45.51 372.06 2388.11 8137.26 8.6723 0.03 369 2319 100.0 28.42 17.1287
110 116 20.0026 0.7006 100.0 491.19 607.95 1485.24 1241.91 9.35 13.65 335.12 2324.07 8739.57 1.08 44.42 315.17 2388.21 8076.66 9.1881 0.02 364 2324 100.0 24.51 14.6704
110 117 42.0076 0.84 100.0 445.0 549.79 1352.11 1127.01 3.91 5.71 139.24 2212.09 8334.88 1.02 42.23 130.58 2388.18 8094.94 9.3791 0.02 331 2212 100.0 10.57 6.3988
110 118 19.9989 0.7 100.0 491.19 607.59 1484.52 1249.04 9.35 13.66 334.87 2324.05 8732.34 1.08 44.22 314.6 2388.14 8065.72 9.2033 0.02 365 2324 100.0 24.52 14.795
110 119 42.0018 0.841 100.0 445.0 549.98 1352.77 1132.67 3.91 5.71 138.96 2212.1 8324.51 1.02 41.96 130.48 2388.18 8089.32 9.382 0.02 331 2212 100.0 10.69 6.3326
110 120 41.9981 0.84 100.0 445.0 549.72 1351.12 1128.56 3.91 5.72 138.56 2212.13 8336.22 1.02 42.09 130.64 2388.17 8092.0 9.3769 0.02 330 2212 100.0 10.61 6.3647
110 121 0.0014 0.0 100.0 518.67 642.59 1587.08 1404.74 14.62 21.61 553.54 2388.06 9070.42 1.3 47.53 521.8 2388.06 8151.72 8.4101 0.03 393 2388 100.0 38.9 23.2803
110 122 42.0014 0.8405 100.0 445.0 549.28 1356.99 1125.8 3.91 5.72 138.58 2212.12 8331.15 1.02 42.04 130.9 2388.17 8090.84 9.3595 0.02 332 2212 100.0 10.62 6.4022
110 123 25.0021 0.62 60.0 462.54 536.99 1259.94 1057.19 7.05 9.03 174.73 1915.44 8030.18 0.94 36.78 164.85 2028.4 7883.36 10.9086 0.02 306 1915 84.93 14.29 8.5624
110 124 25.008 0.62 60.0 462.54 536.34 1262.32 1045.85 7.05 9.03 175.85 1915.55 8018.93 0.94 36.71 164.7 2028.44 7888.08 10.9172 0.02 308 1915 84.93 14.39 8.5014
110 125 10.0071 0.25 100.0 489.05 604.78 1498.56 1308.68 10.52 15.49 394.57 2318.94 8792.9 1.26 45.47 371.51 2388.16 8141.03 8.6493 0.03 371 2319 100.0 28.64 17.2099
110 126 25.0049 0.62 60.0 462.54 536.87 1259.87 1046.19 7.05 9.03 175.14 1915.58 8015.25 0.94 36.8 164.06 2028.43 7885.24 10.8998 0.02 308 1915 84.93 14.15 8.4893
110 127 24.9994 0.6202 60.0 462.54 536.93 1259.82 1057.21 7.05 9.03 175.79 1915.55 8021.13 0.94 36.94 165.16 2028.39 7879.66 10.895 0.02 307 1915 84.93 14.23 8.5738
110 128 42.0028 0.84 100.0 445.0 550.35 1351.0 1127.56 3.91 5.72 138.24 2212.04 8332.84 1.02 42.03 130.34 2388.14 8097.43 9.3886 0.02 333 2212 100.0 10.55 6.2885
110 129 10.0041 0.2519 100.0 489.05 604.87 1500.06 1307.24 10.52 15.49 393.75 2318.95 8790.58 1.26 45.53 371.42 2388.11 8141.23 8.6713 0.03 371 2319 100.0 28.49 17.0271
110 130 25.0011 0.62 60.0 462.54 537.38 1265.09 1053.82 7.05 9.03 175.16 1915.5 8015.66 0.94 36.76 164.81 2028.42 7877.44 10.9 0.02 307 1915 84.93 14.4 8.6537
110 131 10.0077 0.2514 100.0 489.05 604.65 1500.31 1306.79 10.52 15.49 395.1 2318.96 8785.49 1.26 45.53 371.76 2388.15 8134.93 8.6922 0.03 369 2319 100.0 28.54 17.1685
110 132 42.0053 0.8411 100.0 445.0 550.12 1356.64 1133.32 3.91 5.71 138.3 2212.1 8334.66 1.02 42.07 130.74 2388.24 8093.91 9.3439 0.02 331 2212 100.0 10.68 6.3341
110 133 19.9995 0.7011 100.0 491.19 607.32 1485.93 1245.64 9.35 13.66 333.8 2324.06 8733.99 1.08 44.45 315.0 2388.17 8066.78 9.2306 0.02 366 2324 100.0 24.41 14.5574
110 134 35.0071 0.84 100.0 449.44 555.47 1361.86 1131.44 5.48 8.0 194.6 2223.15 8359.22 1.02 41.88 183.1 2388.29 8073.85 9.3676 0.02 333 2223 100.0 14.92 8.7573
110 135 19.9991 0.7008 100.0 491.19 607.85 1486.44 1254.62 9.35 13.66 335.0 2324.09 8736.46 1.08 44.17 315.09 2388.18 8074.23 9.2328 0.02 366 2324 100.0 24.52 14.6914
110 136 42.0033 0.84 100.0 445.0 550.23 1350.55 1127.77 3.91 5.71 138.6 2212.03 8334.05 1.02 42.2 130.67 2388.19 8094.43 9.4007 0.02 331 2212 100.0 10.81 6.3545
110 137 42.0053 0.841 100.0 445.0 549.56 1357.18 1125.04 3.91 5.72 138.27 2212.01 8336.97 1.02 42.28 130.77 2388.16 8098.58 9.3329 0.02 331 2212 100.0 10.68 6.3699
110 138 42.0045 0.8401 100.0 445.0 549.67 1353.02 1123.33 3.91 5.71 139.04 2212.12 8339.52 1.02 42.14 130.37 2388.27 8098.6 9.3845 0.02 331 2212 100.0 10.86 6.357
110 139 42.0042 0.84 100.0 445.0 549.57 1352.74 1129.91 3.91 5.72 139.4 2212.07 8330.86 1.02 42.04 130.31 2388.18 8101.54 9.37 0.02 332 2212 100.0 10.52 6.5105
110 140 0.0016 0.0 100.0 518.67 642.62 1591.02 1408.9 14.62 21.61 552.55 2388.1 9073.3 1.3 47.54 521.12 2388.07 8145.25 8.4412 0.03 391 2388 100.0 38.9 23.2053
110 141 42.0073 0.8414 100.0 445.0 549.69 1357.39 1128.11 3.91 5.72 137.95 2212.13 8335.52 1.02 42.13 130.48 2388.24 8096.05 9.3497 0.02 331 2212 100.0 10.51 6.3777
110 142 20.0014 0.7013 100.0 491.19 607.25 1488.42 1253.38 9.35 13.66 334.55 2324.07 8731.63 1.08 44.55 315.06 2388.19 8068.87 9.251 0.02 365 2324 100.0 24.29 14.6639
110 143 42.0002 0.8407 100.0 445.0 550.06 1359.7 1129.14 3.91 5.71 138.17 2212.17 8334.83 1.02 42.31 130.58 2388.18 8097.57 9.386 0.02 332 2212 100.0 10.67 6.4151
110 144 20.0066 0.7019 100.0 491.19 607.23 1485.82 1250.03 9.35 13.66 334.26 2324.03 8736.27 1.07 44.71 314.8 2388.21 8074.23 9.2047 0.02 365 2324 100.0 24.5 14.6522
110 145 35.0 0.8401 100.0 449.44 555.89 1372.49 1132.74 5.48 8.0 195.35 2223.15 8363.37 1.02 41.8 183.44 2388.31 8085.63 9.3238 0.02 335 2223 100.0 14.74 8.8399
110 146 0.0017 0.0 100.0 518.67 642.81 1596.95 1403.97 14.62 21.61 552.84 2388.09 9074.76 1.3 47.75 521.1 2388.12 8144.93 8.4616 0.03 393 2388 100.0 38.93 23.2346
110 147 25.0032 0.62 60.0 462.54 536.83 1269.94 1050.52 7.05 9.03 175.4 1915.54 8024.55 0.94 36.99 164.38 2028.49 7884.03 10.9236 0.02 307 1915 84.93 14.24 8.5247
110 148 34.9989 0.84 100.0 449.44 555.24 1367.8 1141.08 5.48 8.0 193.67 2223.18 8365.13 1.02 42.08 183.0 2388.27 8077.1 9.3413 0.02 336 2223 100.0 14.91 8.8545
110 149 25.0002 0.6203 60.0 462.54 537.25 1261.24 1053.31 7.05 9.03 175.76 1915.54 8024.88 0.94 36.8 165.1 2028.45 7883.54 10.9492 0.02 307 1915 84.93 14.1 8.6085
110 150 20.0078 0.7 100.0 491.19 607.48 1488.01 1253.84 9.35 13.66 334.1 2324.11 8747.63 1.07 44.48 314.74 2388.23 8072.42 9.2435 0.02 365 2324 100.0 24.47 14.6046
110 151 34.999 0.84 100.0 449.44 556.3 1370.15 1133.56 5.48 8.0 193.83 2223.17 8369.45 1.02 42.18 182.43 2388.23 8079.36 9.3832 0.02 335 2223 100.0 14.78 8.8613
110 152 42.0042 0.8404 100.0 445.0 549.74 1357.6 1124.5 3.91 5.72 139.11 2212.14 8341.64 1.02 42.21 130.49 2388.26 8100.49 9.408 0.02 333 2212 100.0 10.5 6.1579
110 153 42.0006 0.8416 100.0 445.0 550.02 1355.54 1131.98 3.91 5.72 138.83 2212.09 8339.28 1.02 42.29 130.42 2388.19 8102.58 9.4106 0.02 330 2212 100.0 10.48 6.2989
110 154 42.003 0.8408 100.0 445.0 550.4 1360.17 1132.38 3.91 5.72 138.5 2212.13 8343.56 1.02 42.45 130.3 2388.24 8104.05 9.3879 0.02 332 2212 100.0 10.55 6.35
110 155 0.0019 0.0 100.0 518.67 643.44 1595.73 1414.92 14.62 21.61 552.91 2388.16 9073.83 1.3 47.55 520.4 2388.1 8144.45 8.4604 0.03 393 2388 100.0 38.88 23.1633
110 156 42.002 0.84 100.0 445.0 549.66 1352.9 1126.5 3.91 5.72 138.51 2212.07 8340.5 1.02 42.21 130.15 2388.18 8090.68 9.4037 0.02 334 2212 100.0 10.53 6.3974
110 157 20.0013 0.7 100.0 491.19 608.18 1493.05 1259.71 9.35 13.66 334.1 2324.09 8743.39 1.08 44.64 314.61 2388.24 8073.3 9.2424 0.03 365 2324 100.0 24.24 14.7328
110 158 10.003 0.25 100.0 489.05 604.69 1504.42 1320.22 10.52 15.49 393.99 2319.07 8796.48 1.26 45.55 371.24 2388.18 8147.04 8.6977 0.03 370 2319 100.0 28.51 17.0453
110 159 0.0025 0.0 100.0 518.67 643.31 1587.47 1411.86 14.62 21.61 552.92 2388.11 9080.87 1.3 47.63 520.59 2388.11 8148.15 8.4752 0.03 393 2388 100.0 38.76 23.3167
110 160 34.9994 0.8403 100.0 449.44 555.57 1374.48 1135.56 5.48 8.0 194.36 2223.21 8369.82 1.02 42.09 182.72 2388.31 8081.7 9.3773 0.02 336 2223 100.0 14.84 8.8258
110 161 42.0005 0.8412 100.0 445.0 549.84 1358.19 1130.8 3.91 5.72 138.36 2212.12 8341.4 1.02 42.4 130.7 2388.27 8097.03 9.3871 0.02 332 2212 100.0 10.64 6.3054
110 162 19.9987 0.7 100.0 491.19 608.13 1501.93 1259.44 9.35 13.66 334.07 2324.16 8740.28 1.08 44.84 314.44 2388.25 8077.09 9.2523 0.02 367 2324 100.0 24.47 14.6873
110 163 24.9995 0.6215 60.0 462.54 537.37 1272.64 1050.9 7.05 9.03 175.79 1915.61 8029.47 0.94 37.14 164.72 2028.48 7892.01 10.9812 0.02 308 1915 84.93 14.21 8.5452
110 164 35.0036 0.84 100.0 449.44 555.63 1364.57 1142.56 5.48 8.0 193.43 2223.25 8371.52 1.02 42.1 182.91 2388.36 8084.73 9.3439 0.02 334 2223 100.0 14.81 8.9416
110 165 10.0001 0.25 100.0 489.05 605.16 1506.36 1330.4 10.52 15.5 392.91 2319.06 8796.64 1.26 45.92 371.09 2388.26 8146.54 8.6735 0.03 371 2319 100.0 28.34 17.0383
110 166 42.0074 0.8408 100.0 445.0 549.6 1359.1 1137.47 3.91 5.72 138.42 2212.21 8342.51 1.02 42.49 130.27 2388.28 8102.31 9.4145 0.02 332 2212 100.0 10.74 6.36
110 167 35.0069 0.84 100.0 449.44 556.11 1381.78 1134.93 5.48 8.0 193.95 2223.23 8367.09 1.02 42.42 182.79 2388.32 8081.91 9.3707 0.02 335 2223 100.0 14.88 8.8398
110 168 35.0079 0.84 100.0 449.44 556.16 1376.77 1148.05 5.48 8.0 194.11 2223.25 8373.31 1.02 42.18 182.68 2388.44 8079.2 9.401 0.02 336 2223 100.0 14.75 8.8295
110 169 0.0028 0.0 100.0 518.67 643.19 1592.71 1419.84 14.62 21.61 552.19 2388.21 9081.41 1.3 47.7 520.6 2388.15 8161.54 8.4541 0.03 395 2388 100.0 38.52 23.2026
110 170 35.0025 0.84 100.0 449.44 556.25 1372.12 1140.75 5.48 8.0 193.85 2223.28 8378.18 1.02 42.23 183.28 2388.35 8082.8 9.3678 0.02 334 2223 100.0 14.86 8.8661
110 171 35.0037 0.84 100.0 449.44 556.32 1373.83 1140.77 5.48 8.0 193.94 2223.31 8374.13 1.02 42.42 183.05 2388.41 8086.94 9.3567 0.02 336 2223 100.0 14.69 8.7817
110 172 10.0035 0.2507 100.0 489.05 605.54 1510.62 1320.24 10.52 15.5 393.85 2319.02 8805.94 1.26 45.72 371.25 2388.27 8144.83 8.7038 0.03 372 2319 100.0 28.3 16.9789
110 173 42.0007 0.8404 100.0 445.0 550.17 1361.68 1133.36 3.91 5.72 138.8 2212.19 8349.52 1.02 42.51 129.96 2388.24 8103.39 9.4326 0.02 332 2212 100.0 10.54 6.2995
110 174 9.9996 0.2516 100.0 489.05 605.86 1502.33 1325.27 10.52 15.5 393.27 2319.12 8806.83 1.26 45.77 370.82 2388.33 8143.63 8.7543 0.03 371 2319 100.0 28.34 17.0341
110 175 35.0034 0.8415 100.0 449.44 556.08 1369.58 1146.69 5.48 8.0 194.17 2223.23 8371.33 1.02 42.35 182.26 2388.35 8080.17 9.4169 0.02 336 2223 100.0 14.7 8.8503
110 176 0.0018 0.0 100.0 518.67 643.34 1601.5 1425.24 14.62 21.61 551.53 2388.17 9071.25 1.3 48.08 520.57 2388.17 8154.8 8.5015 0.03 396 2388 100.0 38.47 23.2475
110 177 42.002 0.8412 100.0 445.0 549.82 1366.16 1139.8 3.91 5.72 137.95 2212.14 8341.26 1.02 42.71 130.05 2388.23 8099.91 9.4249 0.02 333 2212 100.0 10.45 6.3071
110 178 42.0014 0.84 100.0 445.0 550.73 1371.98 1145.82 3.91 5.72 138.08 2212.14 8348.69 1.02 42.66 130.09 2388.24 8102.8 9.4164 0.02 335 2212 100.0 10.52 6.2082
110 179 42.0015 0.8407 100.0 445.0 550.65 1359.34 1138.6 3.91 5.71 137.46 2212.17 8338.72 1.02 42.52 130.21 2388.27 8099.89 9.4232 0.02 333 2212 100.0 10.48 6.352
110 180 10.0022 0.25 100.0 489.05 605.57 1516.65 1332.17 10.52 15.5 392.6 2319.15 8798.99 1.26 45.98 369.44 2388.33 8150.16 8.7393 0.03 371 2319 100.0 28.19 17.1556
110 181 20.0053 0.7017 100.0 491.19 608.13 1491.34 1270.62 9.35 13.66 335.0 2324.25 8753.3 1.07 45.0 313.77 2388.4 8077.58 9.2969 0.03 367 2324 100.0 24.26 14.584
110 182 10.0047 0.25 100.0 489.05 606.0 1505.0 1328.17 10.52 15.5 393.11 2319.18 8809.52 1.26 45.91 370.8 2388.33 8151.22 8.7418 0.03 372 2319 100.0 28.16 16.8933
110 183 35.0001 0.8419 100.0 449.44 556.97 1380.41 1141.2 5.48 8.0 193.62 2223.37 8375.43 1.02 42.44 182.33 2388.48 8090.04 9.4122 0.02 337 2223 100.0 14.73 8.7568
110 184 20.0028 0.7004 100.0 491.19 608.04 1494.02 1275.32 9.35 13.66 332.98 2324.3 8747.77 1.07 44.79 313.7 2388.42 8080.31 9.2983 0.03 368 2324 100.0 24.18 14.5625
110 185 20.0058 0.7004 100.0 491.19 608.75 1502.27 1273.33 9.35 13.66 333.94 2324.28 8756.78 1.07 44.99 314.06 2388.41 8082.33 9.3198 0.03 367 2324 100.0 24.04 14.582
110 186 42.0022 0.84 100.0 445.0 550.27 1363.34 1141.85 3.91 5.72 137.98 2212.14 8351.08 1.02 42.54 130.41 2388.22 8103.97 9.4653 0.02 333 2212 100.0 10.7 6.2656
