5 1 10.0014 0.25 100.0 489.05 605.16 1495.18 1313.85 10.52 15.49 394.1 2318.95 8765.17 1.26 45.5 371.35 2388.17 8117.05 8.6631 0.03 369 2319 100.0 28.52 17.1688
5 2 35.0021 0.8403 100.0 449.44 556.01 1362.3 1130.14 5.48 8.0 194.53 2222.73 8341.33 1.02 42.09 183.09 2387.87 8050.68 9.3478 0.02 333 2223 100.0 14.75 8.9903
5 3 42.0061 0.84 100.0 445.0 549.76 1354.68 1121.03 3.91 5.71 138.34 2211.66 8308.01 1.02 42.13 130.68 2387.65 8074.99 9.3953 0.02 330 2212 100.0 10.63 6.3188
5 4 24.9991 0.62 60.0 462.54 537.19 1265.86 1041.95 7.05 9.02 175.76 1915.12 8009.58 0.94 36.76 164.68 2027.98 7863.62 10.9364 0.02 307 1915 84.93 14.16 8.4967
5 5 24.9991 0.62 60.0 462.54 536.95 1269.3 1043.15 7.05 9.03 174.89 1915.21 8000.11 0.94 36.88 165.06 2028.08 7863.91 10.9334 0.02 308 1915 84.93 14.36 8.5399
5 6 41.9982 0.8412 100.0 445.0 550.54 1343.1 1121.47 3.91 5.71 138.91 2211.59 8310.66 1.02 42.1 130.12 2387.71 8073.05 9.3814 0.02 332 2212 100.0 10.32 6.3351
5 7 41.9996 0.8402 100.0 445.0 549.44 1348.37 1132.68 3.91 5.71 138.3 2211.66 8311.15 1.02 42.19 130.6 2387.76 8072.07 9.3679 0.02 332 2212 100.0 10.65 6.3836
5 8 20.0058 0.7017 100.0 491.19 607.35 1493.73 1260.2 9.35 13.66 334.36 2323.92 8713.4 1.08 44.59 314.17 2388.09 8045.94 9.2205 0.02 365 2324 100.0 24.36 14.7009
5 9 35.0032 0.84 100.0 449.44 556.02 1367.62 1125.21 5.48 8.0 194.06 2222.68 8346.54 1.02 41.95 182.9 2387.76 8059.06 9.3566 0.02 334 2223 100.0 14.73 8.9159
5 10 35.0036 0.8406 100.0 449.44 556.03 1364.93 1143.23 5.48 8.0 194.42 2222.72 8339.0 1.02 41.84 183.57 2387.77 8053.06 9.344 0.02 335 2223 100.0 14.86 8.9988
5 11 42.0057 0.8416 100.0 445.0 549.34 1349.85 1128.57 3.91 5.71 138.61 2211.63 8316.42 1.02 42.12 130.46 2387.63 8070.88 9.4025 0.02 331 2212 100.0 10.62 6.2957
5 12 10.0051 0.25 100.0 489.05 605.19 1495.4 1319.17 10.52 15.49 394.0 2318.93 8761.28 1.26 45.55 370.86 2388.14 8120.0 8.6602 0.03 371 2319 100.0 28.67 17.0669
5 13 0.0012 0.0 100.0 518.67 642.82 1589.99 1410.7 14.62 21.61 552.97 2388.13 9048.76 1.3 47.47 521.38 2388.18 8117.99 8.4607 0.03 394 2388 100.0 38.73 23.2568
5 14 42.006 0.84 100.0 445.0 550.6 1351.27 1127.95 3.91 5.72 138.06 2211.59 8298.46 1.02 42.03 130.86 2387.7 8068.25 9.3945 0.02 332 2212 100.0 10.63 6.4875
5 15 25.0055 0.6203 60.0 462.54 536.89 1266.16 1052.99 7.05 9.02 175.08 1915.1 8002.44 0.94 36.87 164.51 2028.04 7865.07 10.9006 0.02 307 1915 84.93 14.24 8.6494
5 16 0.002 0.0 100.0 518.67 642.36 1584.55 1417.06 14.62 21.61 553.89 2388.13 9043.03 1.3 47.5 521.43 2388.1 8121.16 8.4736 0.03 395 2388 100.0 38.86 23.1269
5 17 42.0062 0.84 100.0 445.0 549.61 1348.66 1124.97 3.91 5.71 138.62 2211.63 8313.85 1.02 42.09 130.5 2387.76 8076.45 9.3911 0.02 331 2212 100.0 10.51 6.3786
5 18 19.9987 0.7 100.0 491.19 607.37 1489.41 1256.83 9.35 13.66 334.82 2323.92 8710.24 1.08 44.38 314.8 2388.05 8046.37 9.2395 0.02 364 2324 100.0 24.45 14.7079
5 19 9.9984 0.25 100.0 489.05 604.9 1502.31 1312.52 10.52 15.49 394.19 2318.94 8765.63 1.26 45.6 371.71 2388.17 8114.9 8.6918 0.03 370 2319 100.0 28.49 17.0417
5 20 25.0063 0.6203 60.0 462.54 536.49 1259.72 1052.45 7.05 9.03 175.03 1915.12 7994.33 0.94 36.86 164.93 2028.03 7864.19 10.9055 0.02 308 1915 84.93 14.22 8.6368
5 21 0.0016 0.0002 100.0 518.67 642.8 1584.1 1414.73 14.62 21.61 553.2 2388.13 9048.57 1.3 47.63 521.42 2388.13 8126.22 8.4382 0.03 393 2388 100.0 38.96 23.3108
5 22 35.0061 0.8412 100.0 449.44 555.9 1361.58 1129.52 5.48 8.0 194.21 2222.74 8333.05 1.02 42.07 183.26 2387.86 8057.4 9.3356 0.02 333 2223 100.0 14.85 8.9112
5 23 35.0007 0.84 100.0 449.44 555.96 1369.61 1133.77 5.48 8.0 194.55 2222.75 8337.17 1.02 42.1 182.56 2387.83 8056.75 9.3308 0.02 333 2223 100.0 14.59 8.9226
5 24 34.9987 0.8417 100.0 449.44 555.33 1364.44 1138.13 5.48 8.0 194.52 2222.75 8341.63 1.02 41.79 182.98 2387.8 8055.05 9.3049 0.02 336 2223 100.0 14.85 8.9119
5 25 9.9993 0.25 100.0 489.05 604.14 1503.02 1312.27 10.52 15.49 393.72 2319.0 8763.59 1.26 45.52 371.46 2388.22 8117.9 8.6996 0.03 369 2319 100.0 28.55 17.14
5 26 10.0065 0.2516 100.0 489.05 604.58 1503.07 1311.85 10.52 15.49 393.81 2318.99 8770.83 1.26 45.59 371.71 2388.14 8118.43 8.6461 0.03 369 2319 100.0 28.55 17.102
5 27 10.0007 0.25 100.0 489.05 604.59 1498.66 1310.4 10.52 15.49 393.83 2318.98 8762.39 1.26 45.52 371.16 2388.19 8119.1 8.6806 0.03 371 2319 100.0 28.55 17.0855
5 28 19.9983 0.7 100.0 491.19 608.01 1484.12 1257.64 9.35 13.66 334.08 2323.93 8713.61 1.07 44.5 314.14 2388.11 8049.79 9.2414 0.02 364 2324 100.0 24.62 14.6438
5 29 42.0015 0.84 100.0 445.0 549.8 1358.36 1118.78 3.91 5.71 138.6 2211.64 8320.42 1.02 42.16 130.54 2387.73 8073.35 9.3645 0.02 331 2212 100.0 10.56 6.2463
5 30 10.0038 0.2509 100.0 489.05 604.7 1510.28 1309.64 10.52 15.49 394.17 2318.96 8760.96 1.26 45.54 370.82 2388.19 8123.47 8.622 0.03 370 2319 100.0 28.65 17.0259
5 31 0.0019 0.0 100.0 518.67 643.12 1593.22 1405.74 14.62 21.61 552.79 2388.12 9042.39 1.3 47.57 521.26 2388.1 8120.39 8.4337 0.03 394 2388 100.0 38.96 23.2445
5 32 0.0025 0.0 100.0 518.67 643.51 1592.0 1408.65 14.62 21.61 552.79 2388.13 9048.79 1.3 47.59 521.13 2388.15 8122.44 8.4682 0.03 393 2388 100.0 38.87 23.3111
5 33 24.9993 0.6216 60.0 462.54 537.19 1269.82 1054.04 7.05 9.02 175.72 1915.14 7998.21 0.94 36.9 164.52 2028.04 7861.77 10.8977 0.02 307 1915 84.93 14.26 8.6614
5 34 10.0058 0.2506 100.0 489.05 604.93 1507.58 1313.54 10.52 15.49 393.86 2318.99 8764.81 1.26 45.58 371.48 2388.19 8115.99 8.6594 0.03 369 2319 100.0 28.63 17.0966
5 35 0.0016 0.001 100.0 518.67 642.94 1592.05 1408.53 14.62 21.61 553.46 2388.19 9048.27 1.3 47.59 521.17 2388.15 8121.32 8.4567 0.03 394 2388 100.0 38.73 23.406
5 36 42.0014 0.8416 100.0 445.0 549.84 1360.0 1128.29 3.91 5.72 138.21 2211.65 8305.19 1.02 42.18 130.48 2387.67 8077.97 9.3913 0.02 330 2212 100.0 10.72 6.431
5 37 20.0002 0.7 100.0 491.19 607.12 1487.53 1252.78 9.35 13.66 333.62 2323.91 8714.16 1.08 44.61 314.82 2388.02 8049.67 9.253 0.02 364 2324 100.0 24.42 14.6069
5 38 0.0014 0.0 100.0 518.67 642.28 1591.76 1417.79 14.62 21.61 553.17 2388.16 9044.6 1.3 47.46 521.42 2388.16 8126.17 8.4712 0.03 392 2388 100.0 38.72 23.157
5 39 0.0023 0.0006 100.0 518.67 642.93 1598.72 1408.74 14.62 21.61 552.94 2388.21 9043.96 1.3 47.51 521.11 2388.15 8119.1 8.447 0.03 393 2388 100.0 38.75 23.2959
5 40 35.0033 0.8401 100.0 449.44 555.82 1364.65 1127.78 5.48 8.0 194.48 2222.67 8342.8 1.02 41.92 182.95 2387.83 8050.05 9.3388 0.02 335 2223 100.0 14.76 8.8799
5 41 42.0038 0.84 100.0 445.0 549.84 1348.47 1125.73 3.91 5.71 139.25 2211.62 8307.28 1.02 42.17 130.84 2387.77 8073.0 9.384 0.02 331 2212 100.0 10.64 6.2695
5 42 9.9985 0.2507 100.0 489.05 605.0 1505.72 1307.26 10.52 15.5 393.89 2318.97 8767.89 1.26 45.37 371.37 2388.18 8116.33 8.6788 0.03 370 2319 100.0 28.43 17.0387
5 43 25.0026 0.62 60.0 462.54 537.11 1264.83 1052.56 7.05 9.02 175.21 1915.13 8002.35 0.94 36.78 164.46 2028.08 7865.37 10.9091 0.02 308 1915 84.93 14.31 8.5012
5 44 35.0061 0.8408 100.0 449.44 555.85 1363.58 1132.71 5.48 8.0 194.52 2222.74 8340.64 1.02 42.07 183.07 2387.81 8054.54 9.3441 0.02 335 2223 100.0 14.98 8.9737
5 45 0.0013 0.0 100.0 518.67 642.94 1587.58 1411.55 14.62 21.61 554.14 2388.12 9041.71 1.3 47.72 521.27 2388.12 8123.04 8.4382 0.03 391 2388 100.0 38.84 23.2451
5 46 10.0033 0.25 100.0 489.05 604.81 1507.31 1314.62 10.52 15.5 394.39 2318.95 8768.05 1.26 45.57 371.47 2388.16 8114.39 8.6701 0.03 370 2319 100.0 28.65 17.1613
5 47 19.9992 0.701 100.0 491.19 608.13 1479.89 1254.38 9.35 13.66 334.54 2323.97 8719.55 1.08 44.52 314.57 2388.09 8051.66 9.2735 0.02 365 2324 100.0 24.47 14.6899
5 48 25.0078 0.62 60.0 462.54 537.05 1266.95 1049.79 7.05 9.02 175.77 1915.15 7997.27 0.94 36.83 164.44 2027.97 7865.47 10.9128 0.02 306 1915 84.93 14.09 8.545
5 49 25.0067 0.6213 60.0 462.54 536.99 1261.56 1047.05 7.05 9.03 175.22 1915.12 8002.49 0.94 36.69 164.36 2028.0 7865.06 10.8998 0.02 308 1915 84.93 14.32 8.6193
5 50 10.0002 0.25 100.0 489.05 604.54 1507.49 1315.75 10.52 15.49 394.33 2319.0 8762.37 1.26 45.57 370.92 2388.2 8121.44 8.6883 0.03 371 2319 100.0 28.5 17.1283
5 51 34.9985 0.84 100.0 449.44 555.57 1369.12 1133.04 5.48 8.0 194.29 2222.81 8341.07 1.02 42.15 182.86 2387.87 8060.42 9.3445 0.02 335 2223 100.0 14.91 8.8247
5 52 20.0047 0.701 100.0 491.19 607.72 1492.06 1251.78 9.35 13.66 334.4 2323.9 8713.34 1.08 44.48 314.62 2388.06 8047.19 9.2382 0.02 365 2324 100.0 24.41 14.6709
5 53 20.0031 0.7003 100.0 491.19 607.48 1483.08 1254.95 9.35 13.66 333.98 2323.95 8707.1 1.08 44.46 315.24 2388.07 8053.06 9.1951 0.02 366 2324 100.0 24.27 14.7256
5 54 0.0018 0.0011 100.0 518.67 643.0 1589.06 1409.39 14.62 21.61 552.69 2388.21 9049.25 1.3 47.67 520.9 2388.15 8124.14 8.4673 0.03 393 2388 100.0 38.81 23.2544
5 55 9.9994 0.2516 100.0 489.05 605.07 1500.31 1310.26 10.52 15.49 394.39 2318.98 8770.14 1.26 45.56 370.61 2388.17 8119.17 8.6516 0.03 371 2319 100.0 28.59 17.1083
5 56 25.0016 0.6206 60.0 462.54 536.9 1262.79 1056.25 7.05 9.02 175.07 1915.16 8000.91 0.94 36.72 164.1 2028.08 7866.02 10.9171 0.02 307 1915 84.93 14.43 8.5394
5 57 25.0038 0.6206 60.0 462.54 536.97 1263.02 1045.52 7.05 9.03 175.0 1915.13 8000.38 0.94 36.83 164.83 2028.05 7863.44 10.9293 0.02 308 1915 84.93 14.28 8.5455
5 58 20.0012 0.7 100.0 491.19 607.71 1482.05 1256.8 9.35 13.66 334.08 2323.95 8715.56 1.08 44.62 314.63 2388.07 8053.78 9.2841 0.02 367 2324 100.0 24.4 14.5521
5 59 20.0047 0.7001 100.0 491.19 607.46 1495.01 1263.22 9.35 13.65 334.68 2324.04 8711.91 1.07 44.7 315.18 2388.13 8049.17 9.2142 0.03 367 2324 100.0 24.27 14.7485
5 60 0.0014 0.0001 100.0 518.67 643.06 1596.21 1413.58 14.62 21.61 552.79 2388.14 9056.14 1.3 47.49 521.3 2388.14 8123.26 8.4223 0.03 393 2388 100.0 38.81 23.3729
5 61 9.9986 0.25 100.0 489.05 604.61 1500.13 1315.19 10.52 15.49 394.79 2318.96 8764.75 1.26 45.37 371.19 2388.2 8119.73 8.6741 0.03 370 2319 100.0 28.55 17.1691
5 62 25.0063 0.62 60.0 462.54 537.12 1259.25 1047.09 7.05 9.03 175.34 1915.15 8003.59 0.94 36.95 164.64 2028.02 7867.85 10.8932 0.02 307 1915 84.93 14.15 8.453
5 63 42.005 0.8403 100.0 445.0 549.4 1352.53 1122.75 3.91 5.72 138.44 2211.66 8315.21 1.02 42.2 130.33 2387.75 8070.16 9.3613 0.02 331 2212 100.0 10.59 6.473
5 64 9.9994 0.2506 100.0 489.05 605.08 1497.94 1317.75 10.52 15.49 394.38 2319.0 8773.32 1.26 45.55 372.01 2388.2 8118.79 8.6337 0.03 369 2319 100.0 28.66 17.1254
5 65 0.0018 0.0 100.0 518.67 642.6 1583.12 1408.83 14.62 21.61 552.82 2388.12 9041.78 1.3 47.48 521.24 2388.15 8125.59 8.4819 0.03 393 2388 100.0 38.67 23.2832
5 66 10.0024 0.25 100.0 489.05 605.28 1497.03 1317.65 10.52 15.49 394.26 2318.93 8767.54 1.26 45.56 371.57 2388.18 8121.56 8.6348 0.03 370 2319 100.0 28.44 17.1906
5 67 35.0062 0.8416 100.0 449.44 555.59 1361.49 1131.12 5.48 8.0 194.29 2222.7 8339.8 1.02 42.1 183.07 2387.81 8059.03 9.3455 0.02 335 2223 100.0 14.93 8.8705
5 68 41.9994 0.84 100.0 445.0 549.69 1358.43 1130.64 3.91 5.71 138.63 2211.68 8309.76 1.02 42.42 130.52 2387.69 8073.85 9.4027 0.02 331 2212 100.0 10.52 6.4592
5 69 41.9999 0.8403 100.0 445.0 549.47 1350.25 1128.59 3.91 5.71 138.21 2211.64 8306.15 1.02 42.11 129.89 2387.75 8075.72 9.385 0.02 330 2212 100.0 10.36 6.4726
5 70 41.9994 0.84 100.0 445.0 549.98 1352.45 1132.19 3.91 5.71 138.74 2211.71 8317.18 1.02 42.15 130.58 2387.79 8075.76 9.3742 0.02 330 2212 100.0 10.64 6.3498
5 71 20.0041 0.7 100.0 491.19 607.81 1491.56 1253.98 9.35 13.65 334.08 2323.96 8719.27 1.08 44.58 315.11 2388.09 8051.22 9.2964 0.02 365 2324 100.0 24.49 14.6733
5 72 34.9999 0.8408 100.0 449.44 555.67 1367.22 1123.52 5.48 8.0 193.49 2222.72 8345.89 1.02 42.15 182.93 2387.85 8054.63 9.3643 0.02 334 2223 100.0 14.8 8.9733
5 73 25.0075 0.6212 60.0 462.54 536.64 1260.66 1045.55 7.05 9.03 174.79 1915.23 8006.26 0.94 36.92 164.45 2028.11 7872.11 10.9045 0.02 307 1915 84.93 14.54 8.589
5 74 10.0069 0.25 100.0 489.05 604.66 1499.2 1310.49 10.52 15.5 394.83 2318.99 8770.67 1.26 45.68 370.91 2388.23 8118.68 8.6323 0.03 372 2319 100.0 28.42 17.0962
5 75 25.0008 0.6216 60.0 462.54 536.9 1264.84 1050.6 7.05 9.03 174.91 1915.17 8000.11 0.94 36.7 165.1 2028.07 7869.38 10.9454 0.02 307 1915 84.93 14.24 8.6702
5 76 25.0061 0.6216 60.0 462.54 536.97 1265.5 1051.36 7.05 9.02 175.55 1915.18 8007.49 0.94 36.8 164.69 2028.06 7866.69 10.8825 0.02 307 1915 84.93 14.23 8.5022
5 77 42.0065 0.8404 100.0 445.0 549.62 1363.14 1122.93 3.91 5.72 138.22 2211.73 8313.82 1.02 42.17 130.16 2387.77 8078.53 9.3744 0.02 331 2212 100.0 10.64 6.2784
5 78 10.0029 0.2501 100.0 489.05 604.87 1504.06 1315.28 10.52 15.49 393.66 2319.03 8773.36 1.26 45.5 370.97 2388.24 8125.13 8.688 0.03 368 2319 100.0 28.54 17.0504
5 79 25.0003 0.62 60.0 462.54 536.43 1260.58 1049.15 7.05 9.02 175.25 1915.21 8001.65 0.94 36.76 164.58 2028.1 7864.63 10.9184 0.02 308 1915 84.93 14.29 8.5279
5 80 0.0001 0.0019 100.0 518.67 642.94 1595.35 1411.9 14.62 21.61 552.77 2388.1 9046.34 1.3 47.69 520.98 2388.12 8127.18 8.4329 0.03 394 2388 100.0 38.81 23.3576
5 81 10.0057 0.25 100.0 489.05 605.02 1500.75 1318.56 10.52 15.49 394.0 2319.01 8766.63 1.26 45.65 371.2 2388.23 8117.4 8.6404 0.03 369 2319 100.0 28.5 17.1065
5 82 20.0038 0.7007 100.0 491.19 608.11 1482.25 1250.39 9.35 13.66 333.67 2323.97 8710.68 1.08 44.74 314.8 2388.11 8048.86 9.2348 0.02 367 2324 100.0 24.28 14.6672
5 83 42.0044 0.84 100.0 445.0 549.56 1364.24 1126.58 3.91 5.72 138.23 2211.7 8318.22 1.02 42.01 130.55 2387.78 8078.91 9.374 0.02 330 2212 100.0 10.58 6.3805
5 84 42.0048 0.8405 100.0 445.0 549.37 1357.8 1128.92 3.91 5.71 138.93 2211.7 8314.02 1.02 42.18 130.64 2387.84 8073.59 9.413 0.02 331 2212 100.0 10.49 6.4079
5 85 42.0038 0.84 100.0 445.0 550.08 1358.19 1127.92 3.91 5.72 138.05 2211.79 8313.85 1.02 42.19 130.03 2387.79 8074.73 9.3525 0.02 332 2212 100.0 10.49 6.2728
5 86 10.0068 0.25 100.0 489.05 604.81 1505.76 1309.97 10.52 15.5 394.77 2318.98 8769.07 1.26 45.64 371.7 2388.22 8123.54 8.6348 0.03 369 2319 100.0 28.43 17.0744
5 87 34.9985 0.8402 100.0 449.44 555.81 1368.32 1130.84 5.48 8.0 194.63 2222.76 8336.83 1.02 42.15 182.82 2387.92 8061.57 9.3625 0.02 334 2223 100.0 14.87 8.8858
5 88 10.0057 0.25 100.0 489.05 605.32 1506.35 1310.93 10.52 15.49 394.5 2318.94 8776.64 1.26 45.61 372.0 2388.19 8121.88 8.6829 0.03 369 2319 100.0 28.56 17.0482
5 89 35.0061 0.84 100.0 449.44 555.83 1358.06 1133.98 5.48 8.0 194.48 2222.84 8339.58 1.03 41.92 182.67 2387.86 8061.45 9.3224 0.02 334 2223 100.0 14.84 8.953
5 90 25.0027 0.62 60.0 462.54 536.97 1266.37 1052.67 7.05 9.03 175.28 1915.22 8013.09 0.94 36.93 163.7 2028.09 7864.24 10.934 0.02 308 1915 84.93 14.12 8.5448
5 91 0.0017 0.0015 100.0 518.67 642.83 1596.45 1414.17 14.62 21.61 552.71 2388.11 9053.62 1.3 47.62 521.34 2388.17 8131.69 8.4515 0.03 394 2388 100.0 38.61 23.2994
5 92 0.0 0.0 100.0 518.67 642.62 1593.56 1414.59 14.62 21.61 552.67 2388.17 9051.61 1.3 47.69 520.92 2388.15 8129.36 8.4198 0.03 393 2388 100.0 38.67 23.1925
5 93 19.999 0.7001 100.0 491.19 607.75 1488.98 1248.27 9.35 13.66 334.35 2323.97 8716.33 1.07 44.39 314.7 2388.11 8056.53 9.2303 0.02 366 2324 100.0 24.33 14.6959
5 94 10.0023 0.2511 100.0 489.05 604.83 1502.09 1321.5 10.52 15.5 394.05 2318.98 8762.7 1.26 45.54 371.55 2388.22 8122.68 8.6766 0.03 369 2319 100.0 28.51 17.0327
5 95 0.0028 0.0014 100.0 518.67 643.46 1586.32 1409.76 14.62 21.61 553.98 2388.06 9055.89 1.3 47.65 520.96 2388.15 8124.94 8.438 0.03 395 2388 100.0 38.8 23.2835
5 96 35.0075 0.84 100.0 449.44 555.78 1367.78 1131.53 5.48 8.0 193.91 2222.84 8343.17 1.02 42.03 182.42 2387.93 8063.86 9.3437 0.02 334 2223 100.0 14.73 8.8928
5 97 20.0034 0.7 100.0 491.19 607.28 1488.75 1259.05 9.35 13.66 333.59 2323.99 8715.34 1.08 44.55 314.81 2388.12 8056.8 9.2183 0.03 365 2324 100.0 24.51 14.5926
5 98 10.0045 0.251 100.0 489.05 604.83 1505.11 1313.16 10.52 15.5 393.83 2319.01 8774.43 1.26 45.68 370.44 2388.16 8125.99 8.6974 0.03 370 2319 100.0 28.38 17.0642
5 99 20.0021 0.701 100.0 491.19 607.92 1484.77 1258.44 9.35 13.66 334.21 2323.97 8718.7 1.08 44.48 314.49 2388.11 8058.9 9.2817 0.02 366 2324 100.0 24.56 14.68
5 100 42.002 0.8414 100.0 445.0 549.43 1359.75 1134.0 3.91 5.71 138.65 2211.78 8316.24 1.02 42.17 130.1 2387.82 8079.78 9.4078 0.02 330 2212 100.0 10.48 6.3958
5 101 25.0079 0.62 60.0 462.54 537.11 1269.11 1049.01 7.05 9.03 175.11 1915.27 8012.29 0.94 36.91 163.96 2028.14 7869.65 10.9024 0.02 308 1915 84.93 14.18 8.5269
5 102 10.0066 0.25 100.0 489.05 605.11 1503.64 1313.77 10.52 15.49 394.43 2319.01 8776.3 1.26 45.43 371.52 2388.2 8131.53 8.7142 0.03 370 2319 100.0 28.53 17.0893
5 103 24.9985 0.6208 60.0 462.54 536.83 1262.16 1051.31 7.05 9.03 175.02 1915.29 8012.63 0.94 36.9 164.28 2028.18 7870.06 10.965 0.02 307 1915 84.93 14.02 8.6351
5 104 0.0022 0.0 100.0 518.67 642.64 1593.89 1412.45 14.62 21.61 552.43 2388.12 9053.13 1.3 47.44 520.74 2388.09 8128.09 8.4443 0.03 392 2388 100.0 38.81 23.285
5 105 10.0038 0.2511 100.0 489.05 604.83 1505.54 1320.88 10.52 15.49 393.71 2319.02 8776.53 1.26 45.54 371.78 2388.2 8125.96 8.6675 0.03 370 2319 100.0 28.62 17.1355
5 106 41.9983 0.8406 100.0 445.0 549.8 1361.14 1137.92 3.91 5.72 138.69 2211.85 8318.6 1.02 42.27 130.45 2387.91 8088.54 9.3857 0.02 330 2212 100.0 10.51 6.3626
5 107 35.0018 0.8411 100.0 449.44 556.34 1365.04 1137.14 5.48 8.0 193.38 2222.9 8353.65 1.02 41.88 182.71 2387.98 8064.59 9.361 0.02 335 2223 100.0 14.87 8.9218
5 108 42.0003 0.8403 100.0 445.0 549.76 1350.61 1132.97 3.91 5.72 138.54 2211.83 8313.3 1.02 42.14 130.9 2387.76 8082.13 9.4187 0.02 331 2212 100.0 10.67 6.418
5 109 42.0 0.8415 100.0 445.0 549.72 1358.17 1130.14 3.91 5.72 138.66 2211.77 8321.57 1.02 42.37 130.6 2387.89 8083.33 9.3988 0.02 333 2212 100.0 10.32 6.3154
5 110 10.0047 0.2512 100.0 489.05 605.06 1509.62 1311.19 10.52 15.49 394.37 2319.0 8776.74 1.26 45.57 371.2 2388.25 8125.63 8.6821 0.03 368 2319 100.0 28.41 17.1959
5 111 0.003 0.0008 100.0 518.67 642.88 1593.58 1417.82 14.62 21.61 553.77 2388.11 9053.35 1.3 47.73 520.81 2388.13 8130.19 8.4577 0.03 394 2388 100.0 38.8 23.3704
5 112 35.0003 0.84 100.0 449.44 556.21 1362.73 1135.29 5.48 8.0 194.62 2222.88 8356.91 1.02 41.96 182.64 2387.99 8070.31 9.3211 0.02 334 2223 100.0 14.9 8.9322
5 113 20.0034 0.701 100.0 491.19 607.59 1492.46 1257.58 9.35 13.66 335.38 2324.05 8731.53 1.08 44.55 314.35 2388.15 8061.99 9.2437 0.02 365 2324 100.0 24.27 14.7137
5 114 25.0042 0.62 60.0 462.54 537.17 1266.75 1053.24 7.05 9.02 175.31 1915.29 8012.47 0.94 37.0 164.0 2028.22 7871.32 10.9147 0.02 308 1915 84.93 14.23 8.5635
5 115 25.0032 0.62 60.0 462.54 536.91 1258.26 1053.28 7.05 9.03 174.65 1915.35 8012.07 0.94 36.83 165.05 2028.2 7872.95 10.9251 0.02 309 1915 84.93 14.06 8.4856
5 116 25.0036 0.62 60.0 462.54 536.82 1266.4 1054.85 7.05 9.03 174.94 1915.32 8004.21 0.94 36.87 164.33 2028.19 7868.45 10.9278 0.02 308 1915 84.93 14.25 8.5073
5 117 42.0016 0.84 100.0 445.0 549.89 1363.51 1136.33 3.91 5.71 138.41 2211.86 8328.87 1.02 42.19 130.78 2387.85 8082.11 9.3851 0.02 333 2212 100.0 10.68 6.324
5 118 42.0072 0.84 100.0 445.0 549.95 1352.79 1129.58 3.91 5.71 138.1 2211.86 8326.25 1.02 42.25 130.77 2387.95 8086.6 9.4087 0.02 333 2212 100.0 10.57 6.3143
5 119 0.0005 0.0 100.0 518.67 643.25 1589.2 1412.51 14.62 21.61 552.89 2388.14 9059.5 1.3 47.64 521.15 2388.15 8139.28 8.465 0.03 394 2388 100.0 38.71 23.2217
5 120 24.9982 0.62 60.0 462.54 536.71 1267.81 1047.55 7.05 9.03 175.53 1915.33 8021.42 0.94 36.74 164.46 2028.25 7873.17 10.9012 0.02 308 1915 84.93 14.33 8.5245
5 121 34.9993 0.84 100.0 449.44 555.77 1362.52 1134.73 5.48 8.0 194.16 2222.97 8348.6 1.02 41.93 183.27 2388.03 8061.31 9.3495 0.02 334 2223 100.0 14.84 8.8062
5 122 0.0006 0.0013 100.0 518.67 642.92 1588.0 1406.61 14.62 21.61 552.79 2388.12 9058.68 1.3 47.59 520.75 2388.09 8142.94 8.4478 0.03 394 2388 100.0 38.58 23.198
5 123 42.0024 0.84 100.0 445.0 549.55 1363.64 1131.58 3.91 5.72 138.7 2211.89 8322.83 1.02 42.4 129.77 2387.94 8088.97 9.3726 0.02 332 2212 100.0 10.72 6.3739
5 124 42.001 0.8411 100.0 445.0 550.47 1357.36 1132.52 3.91 5.71 138.23 2211.87 8327.92 1.02 42.24 130.87 2387.93 8086.34 9.384 0.02 332 2212 100.0 10.8 6.4075
5 125 42.0006 0.84 100.0 445.0 549.74 1355.8 1135.34 3.91 5.72 138.4 2211.91 8327.34 1.02 42.44 130.27 2387.97 8090.16 9.3836 0.02 333 2212 100.0 10.57 6.3448
5 126 0.0023 0.0 100.0 518.67 642.41 1593.53 1409.1 14.62 21.61 553.18 2388.12 9064.59 1.3 47.7 521.19 2388.15 8142.1 8.4838 0.03 394 2388 100.0 38.72 23.1904
5 127 10.0033 0.2511 100.0 489.05 604.96 1503.8 1308.19 10.52 15.49 393.88 2319.01 8779.46 1.26 45.66 371.68 2388.2 8126.49 8.6823 0.03 370 2319 100.0 28.46 17.0349
5 128 41.9992 0.841 100.0 445.0 549.99 1356.89 1131.24 3.91 5.72 138.16 2211.86 8329.75 1.02 42.2 130.54 2387.94 8089.02 9.3952 0.02 332 2212 100.0 10.65 6.3042
5 129 0.0011 0.0 100.0 518.67 642.93 1595.53 1409.37 14.62 21.61 552.16 2388.18 9068.43 1.3 47.48 520.89 2388.18 8141.76 8.4687 0.03 394 2388 100.0 38.79 23.2284
5 130 35.006 0.84 100.0 449.44 556.1 1368.32 1138.15 5.48 8.0 194.23 2222.99 8355.12 1.02 42.05 183.1 2388.06 8071.18 9.3463 0.02 336 2223 100.0 14.7 8.8876
5 131 20.0009 0.7 100.0 491.19 607.89 1491.56 1266.2 9.35 13.66 333.86 2324.02 8728.67 1.08 44.6 314.4 2388.23 8064.64 9.2397 0.03 366 2324 100.0 24.46 14.6425
5 132 0.0019 0.0 100.0 518.67 642.73 1588.86 1412.93 14.62 21.61 552.41 2388.13 9058.2 1.3 47.71 521.53 2388.14 8144.42 8.4648 0.03 393 2388 100.0 38.8 23.2725
5 133 41.9988 0.84 100.0 445.0 549.91 1354.31 1135.38 3.91 5.72 139.25 2211.92 8330.22 1.02 42.21 130.53 2388.03 8092.4 9.4084 0.02 331 2212 100.0 10.48 6.3227
5 134 0.0013 0.0 100.0 518.67 643.1 1591.71 1421.33 14.62 21.61 552.26 2388.17 9063.54 1.3 47.73 520.73 2388.14 8138.54 8.406 0.03 393 2388 100.0 38.7 23.2075
5 135 35.0043 0.8416 100.0 449.44 556.19 1364.39 1133.24 5.48 8.0 194.79 2223.07 8362.15 1.02 42.15 182.84 2388.16 8073.69 9.3463 0.02 335 2223 100.0 14.73 8.7715
5 136 0.0007 0.0011 100.0 518.67 643.08 1603.77 1407.78 14.62 21.61 552.73 2388.13 9063.99 1.3 47.73 520.86 2388.11 8143.56 8.4753 0.03 394 2388 100.0 38.61 23.1947
5 137 20.0073 0.7 100.0 491.19 607.61 1494.14 1256.43 9.35 13.66 335.21 2324.07 8734.02 1.08 44.58 314.86 2388.2 8067.75 9.2416 0.02 367 2324 100.0 24.53 14.677
5 138 42.004 0.84 100.0 445.0 549.84 1362.59 1130.61 3.91 5.72 138.47 2211.96 8334.96 1.02 42.3 130.75 2388.05 8096.63 9.3836 0.02 332 2212 100.0 10.45 6.353
5 139 25.0055 0.6206 60.0 462.54 536.81 1267.87 1052.44 7.05 9.03 174.73 1915.45 8017.34 0.94 37.04 164.21 2028.37 7885.14 10.9534 0.02 308 1915 84.93 14.31 8.7075
5 140 42.0037 0.84 100.0 445.0 550.31 1361.69 1134.69 3.91 5.72 138.06 2211.97 8328.59 1.02 42.27 130.82 2388.02 8095.25 9.4011 0.02 333 2212 100.0 10.58 6.3818
5 141 41.9993 0.8411 100.0 445.0 550.36 1354.22 1130.6 3.91 5.72 138.72 2212.06 8334.29 1.02 42.31 130.51 2388.09 8100.33 9.406 0.02 331 2212 100.0 10.57 6.3283
5 142 0.0023 0.0 100.0 518.67 642.3 1586.12 1416.35 14.62 21.61 551.94 2388.11 9064.69 1.3 47.73 521.06 2388.12 8147.56 8.4242 0.03 396 2388 100.0 38.65 23.2342
5 143 35.0055 0.8414 100.0 449.44 555.94 1368.27 1135.0 5.48 8.0 193.6 2223.17 8365.7 1.02 42.14 183.31 2388.2 8081.42 9.3576 0.02 336 2223 100.0 14.68 8.9999
5 144 20.0021 0.7 100.0 491.19 607.72 1489.96 1260.03 9.35 13.66 333.42 2324.12 8733.17 1.07 44.59 314.49 2388.29 8071.02 9.2501 0.03 365 2324 100.0 24.42 14.6454
5 145 25.0031 0.62 60.0 462.54 537.2 1266.3 1055.16 7.05 9.03 175.23 1915.51 8021.67 0.94 36.94 164.4 2028.45 7885.22 10.9587 0.02 309 1915 84.93 14.07 8.5472
5 146 25.0079 0.6214 60.0 462.54 537.63 1263.37 1061.32 7.05 9.03 174.87 1915.48 8019.33 0.94 37.04 164.13 2028.41 7884.85 10.9693 0.02 308 1915 84.93 14.17 8.5037
5 147 10.004 0.25 100.0 489.05 605.07 1508.85 1321.77 10.52 15.5 392.88 2319.04 8794.02 1.26 45.72 371.25 2388.19 8138.07 8.7198 0.03 371 2319 100.0 28.41 16.9499
5 148 42.0064 0.8413 100.0 445.0 550.36 1352.83 1130.81 3.91 5.72 138.62 2212.11 8339.92 1.02 42.18 130.15 2388.17 8098.16 9.3494 0.02 331 2212 100.0 10.53 6.3019
5 149 41.9988 0.84 100.0 445.0 549.93 1356.96 1140.14 3.91 5.72 138.31 2212.17 8338.9 1.02 42.14 130.22 2388.21 8100.53 9.3784 0.02 332 2212 100.0 10.54 6.3897
5 150 20.005 0.7018 100.0 491.19 607.42 1489.74 1265.58 9.35 13.66 334.59 2324.15 8731.79 1.07 44.72 314.83 2388.2 8073.45 9.2492 0.03 366 2324 100.0 24.47 14.6238
5 151 10.0073 0.25 100.0 489.05 605.26 1506.66 1324.11 10.52 15.5 393.54 2319.02 8802.14 1.26 45.6 371.28 2388.25 8140.55 8.7117 0.03 371 2319 100.0 28.4 17.0467
5 152 41.9981 0.84 100.0 445.0 550.2 1357.78 1139.43 3.91 5.71 139.03 2212.14 8343.39 1.02 42.51 130.35 2388.24 8104.67 9.4268 0.02 332 2212 100.0 10.59 6.2399
5 153 0.0025 0.0005 100.0 518.67 643.1 1596.13 1418.6 14.62 21.61 553.15 2388.15 9068.59 1.3 47.72 520.52 2388.14 8153.37 8.4711 0.03 395 2388 100.0 38.76 23.2159
5 154 42.0065 0.84 100.0 445.0 549.98 1364.4 1135.52 3.91 5.72 138.7 2212.23 8345.35 1.02 42.16 130.41 2388.3 8098.53 9.4369 0.02 333 2212 100.0 10.6 6.3334
5 155 35.0044 0.8402 100.0 449.44 556.28 1370.4 1132.92 5.48 8.0 193.91 2223.28 8374.15 1.02 42.16 182.88 2388.36 8083.83 9.3559 0.02 335 2223 100.0 14.9 8.8379
5 156 42.0016 0.8418 100.0 445.0 550.3 1352.14 1132.48 3.91 5.72 139.05 2212.19 8338.68 1.02 42.14 130.14 2388.22 8099.39 9.4027 0.02 333 2212 100.0 10.49 6.32
5 157 42.0003 0.8415 100.0 445.0 550.28 1358.83 1135.02 3.91 5.72 138.47 2212.23 8357.46 1.02 42.27 130.34 2388.33 8104.2 9.4148 0.02 334 2212 100.0 10.61 6.2872
5 158 20.0071 0.7 100.0 491.19 607.91 1493.3 1264.83 9.35 13.66 334.13 2324.16 8746.18 1.07 44.67 314.98 2388.25 8079.63 9.2409 0.03 367 2324 100.0 24.17 14.6428
5 159 41.9996 0.84 100.0 445.0 550.59 1355.61 1134.13 3.91 5.72 138.01 2212.28 8351.05 1.02 42.42 130.58 2388.34 8100.68 9.4169 0.02 332 2212 100.0 10.66 6.3223
5 160 42.0052 0.84 100.0 445.0 550.08 1359.06 1133.88 3.91 5.72 138.79 2212.28 8351.21 1.02 42.16 130.15 2388.38 8107.58 9.4048 0.02 334 2212 100.0 10.77 6.3233
5 161 19.9995 0.7017 100.0 491.19 607.96 1495.68 1262.94 9.35 13.66 335.21 2324.15 8757.55 1.07 44.83 314.85 2388.34 8087.69 9.2956 0.03 365 2324 100.0 24.44 14.6144
5 162 10.0042 0.2508 100.0 489.05 605.85 1510.73 1324.15 10.52 15.5 393.38 2319.0 8805.03 1.26 45.91 370.22 2388.25 8155.6 8.7194 0.03 371 2319 100.0 28.38 16.9675
5 163 42.0006 0.8401 100.0 445.0 550.19 1361.25 1134.09 3.91 5.72 138.23 2212.31 8353.07 1.02 42.38 130.53 2388.43 8111.6 9.4081 0.02 333 2212 100.0 10.62 6.4264
5 164 20.0047 0.7003 100.0 491.19 607.76 1490.13 1256.65 9.35 13.66 334.48 2324.2 8751.87 1.07 44.82 314.32 2388.31 8087.64 9.2673 0.02 368 2324 100.0 24.35 14.555
5 165 20.0047 0.7012 100.0 491.19 607.55 1488.9 1268.34 9.35 13.66 334.06 2324.16 8760.0 1.08 44.75 314.66 2388.37 8090.65 9.2758 0.03 366 2324 100.0 24.27 14.6319
5 166 0.0025 0.0015 100.0 518.67 643.11 1594.52 1419.09 14.62 21.61 551.78 2388.15 9093.6 1.3 47.83 520.78 2388.16 8167.18 8.5099 0.03 396 2388 100.0 38.62 23.0864
5 167 25.0046 0.6206 60.0 462.54 537.42 1265.93 1053.92 7.05 9.03 176.18 1915.83 8037.43 0.94 37.06 163.74 2028.76 7901.35 10.9823 0.02 309 1915 84.93 14.39 8.5478
5 168 42.0018 0.84 100.0 445.0 550.44 1364.99 1137.0 3.91 5.72 138.01 2212.41 8355.96 1.02 42.36 130.27 2388.57 8118.29 9.4117 0.02 331 2212 100.0 10.67 6.2892
5 169 9.9995 0.2509 100.0 489.05 605.49 1506.5 1319.87 10.52 15.5 393.01 2319.08 8812.66 1.26 45.74 371.31 2388.28 8161.49 8.7122 0.03 371 2319 100.0 28.36 17.0234
5 170 0.0014 0.0 100.0 518.67 643.6 1595.32 1422.7 14.62 21.61 553.01 2388.11 9098.2 1.3 47.99 520.66 2388.13 8166.1 8.5218 0.03 395 2388 100.0 38.7 23.2285
5 171 35.0068 0.84 100.0 449.44 556.64 1379.76 1143.13 5.48 8.0 194.21 2223.6 8392.55 1.02 42.37 183.01 2388.68 8100.12 9.3642 0.02 335 2223 100.0 15.01 8.9199
5 172 20.0049 0.7 100.0 491.19 608.52 1495.7 1262.38 9.35 13.66 334.09 2324.29 8759.86 1.08 44.76 315.07 2388.43 8095.71 9.2876 0.02 367 2324 100.0 24.31 14.5591
5 173 20.0041 0.7 100.0 491.19 608.67 1491.82 1260.71 9.35 13.66 334.12 2324.35 8762.62 1.07 44.8 314.44 2388.47 8099.36 9.2648 0.03 368 2324 100.0 24.17 14.6459
5 174 42.0041 0.84 100.0 445.0 550.11 1357.42 1142.14 3.91 5.72 138.18 2212.55 8365.57 1.02 42.38 130.41 2388.7 8128.15 9.3916 0.02 335 2212 100.0 10.56 6.3771
5 175 20.0025 0.7 100.0 491.19 608.1 1487.49 1265.96 9.35 13.66 334.28 2324.3 8766.37 1.07 44.67 314.11 2388.49 8098.57 9.298 0.02 368 2324 100.0 24.08 14.6196
5 176 9.9996 0.2517 100.0 489.05 604.98 1512.66 1326.91 10.52 15.5 393.68 2319.13 8824.73 1.26 45.69 370.09 2388.26 8166.57 8.6985 0.03 372 2319 100.0 28.24 17.0427
5 177 24.9987 0.6201 60.0 462.54 537.4 1269.81 1062.56 7.05 9.03 174.64 1916.03 8054.84 0.94 37.07 164.52 2028.9 7909.24 11.0254 0.02 310 1915 84.93 14.22 8.6021
5 178 42.0017 0.84 100.0 445.0 550.17 1364.67 1141.24 3.91 5.72 138.91 2212.67 8369.71 1.02 42.56 130.85 2388.71 8124.9 9.3919 0.02 332 2212 100.0 10.55 6.3742
5 179 0.0022 0.0 100.0 518.67 643.35 1598.47 1426.57 14.62 21.61 552.63 2388.16 9113.36 1.3 47.85 520.33 2388.14 8183.69 8.5142 0.03 396 2388 100.0 38.61 23.0806
5 180 25.0 0.62 60.0 462.54 536.86 1270.79 1054.77 7.05 9.03 175.54 1916.17 8057.11 0.94 37.11 163.97 2029.05 7913.51 10.9878 0.02 309 1915 84.93 14.18 8.5178
5 181 0.0007 0.0 100.0 518.67 643.14 1607.29 1427.63 14.62 21.61 551.75 2388.19 9114.63 1.3 47.88 520.4 2388.15 8181.71 8.489 0.03 396 2388 100.0 38.54 23.113
5 182 20.0059 0.7 100.0 491.19 608.36 1495.55 1265.69 9.35 13.66 333.7 2324.4 8778.8 1.07 44.91 314.1 2388.6 8109.49 9.3085 0.03 368 2324 100.0 24.37 14.6187
5 183 0.0014 0.0 100.0 518.67 643.76 1601.89 1430.47 14.62 21.61 551.56 2388.19 9119.51 1.3 48.08 520.43 2388.14 8187.83 8.5306 0.03 398 2388 100.0 38.58 23.098
5 184 42.0034 0.8402 100.0 445.0 550.79 1358.17 1137.79 3.91 5.72 138.39 2212.8 8381.32 1.02 42.68 130.82 2388.91 8137.97 9.4181 0.02 335 2212 100.0 10.74 6.311
5 185 35.0032 0.8406 100.0 449.44 556.51 1369.95 1149.68 5.48 8.01 193.83 2223.97 8408.01 1.02 42.4 182.59 2389.2 8115.81 9.4227 0.02 337 2223 100.0 14.67 8.7713
5 186 42.0037 0.8416 100.0 445.0 549.76 1372.96 1146.1 3.91 5.72 138.62 2212.8 8384.47 1.02 42.49 130.67 2388.95 8139.34 9.4185 0.02 334 2212 100.0 10.56 6.3284
5 187 9.9986 0.25 100.0 489.05 605.84 1508.58 1322.6 10.52 15.5 393.01 2319.13 8851.35 1.26 45.81 370.23 2388.36 8185.68 8.7855 0.03 373 2319 100.0 28.44 16.9994
5 188 35.0065 0.84 100.0 449.44 557.46 1376.62 1141.96 5.48 8.01 193.57 2224.05 8416.27 1.02 42.33 183.11 2389.22 8121.86 9.4286 0.02 337 2223 100.0 14.79 8.8044
5 189 42.0064 0.84 100.0 445.0 550.48 1368.79 1145.17 3.91 5.72 139.61 2212.97 8388.56 1.02 42.61 130.38 2389.13 8150.76 9.4508 0.02 333 2212 100.0 10.52 6.3349
5 190 25.0011 0.62 60.0 462.54 537.1 1268.8 1061.82 7.05 9.03 174.72 1916.38 8068.81 0.94 37.34 164.28 2029.3 7922.33 11.0187 0.02 310 1915 84.93 14.06 8.4474
5 191 35.0022 0.8411 100.0 449.44 556.57 1380.88 1141.91 5.48 8.01 193.84 2224.18 8424.28 1.02 42.38 183.12 2389.39 8131.67 9.4143 0.02 336 2223 100.0 14.79 8.9248
5 192 35.0066 0.8417 100.0 449.44 557.24 1378.72 1143.91 5.48 8.01 194.12 2224.2 8428.67 1.02 42.42 182.66 2389.46 8127.58 9.3749 0.02 338 2223 100.0 14.65 8.78
5 193 42.0047 0.84 100.0 445.0 551.0 1356.73 1149.1 3.91 5.72 138.22 2213.03 8404.03 1.03 42.61 129.9 2389.23 8151.6 9.3908 0.02 333 2212 100.0 10.33 6.2168
162 1 42.0065 0.8402 100.0 445.0 549.26 1355.26 1118.57 3.91 5.71 138.54 2212.05 8329.18 1.02 42.0 130.62 2388.24 8091.89 9.3328 0.02 333 2212 100.0 10.68 6.3064
162 2 0.0007 0.0017 100.0 518.67 642.12 1584.24 1401.24 14.62 21.61 554.34 2388.04 9067.73 1.3 47.29 521.94 2388.01 8144.77 8.4186 0.03 392 2388 100.0 38.79 23.403
162 3 42.0074 0.84 100.0 445.0 549.7 1345.89 1129.33 3.91 5.72 139.48 2212.06 8324.89 1.02 42.0 130.89 2388.19 8092.43 9.3757 0.02 332 2212 100.0 10.77 6.3503
162 4 25.0079 0.62 60.0 462.54 536.88 1261.21 1050.73 7.05 9.03 175.78 1915.45 8011.71 0.94 36.48 164.48 2028.3 7878.12 10.8779 0.02 307 1915 84.93 14.3 8.6148
162 5 20.0028 0.7 100.0 491.19 607.47 1481.83 1248.06 9.35 13.66 334.75 2323.92 8733.15 1.08 44.31 315.25 2388.12 8070.11 9.2003 0.02 364 2324 100.0 24.31 14.6829
162 6 35.001 0.84 100.0 449.44 555.76 1360.75 1120.9 5.48 8.0 194.35 2223.06 8357.2 1.03 41.94 182.68 2388.16 8078.83 9.3156 0.02 335 2223 100.0 14.84 9.0246
162 7 9.9993 0.2501 100.0 489.05 604.8 1497.92 1304.73 10.52 15.49 395.15 2318.9 8786.84 1.26 45.34 371.87 2388.06 8138.86 8.588 0.03 368 2319 100.0 28.57 17.1736
162 8 42.0005 0.84 100.0 445.0 549.63 1346.67 1122.61 3.91 5.72 139.49 2212.08 8320.36 1.02 41.98 130.69 2388.12 8089.55 9.336 0.02 330 2212 100.0 10.49 6.4088
162 9 42.0037 0.84 100.0 445.0 548.89 1348.15 1127.51 3.91 5.71 138.56 2211.95 8328.04 1.02 41.87 130.35 2388.15 8091.3 9.3426 0.02 331 2212 100.0 10.74 6.3406
162 10 35.0031 0.84 100.0 449.44 555.5 1365.74 1126.85 5.48 8.0 194.26 2223.04 8350.59 1.02 41.66 183.0 2388.16 8069.06 9.2904 0.02 334 2223 100.0 14.86 8.9285
162 11 19.9985 0.7 100.0 491.19 607.02 1477.1 1244.08 9.35 13.65 335.01 2324.0 8732.38 1.08 44.41 315.3 2388.12 8065.5 9.1826 0.02 365 2324 100.0 24.37 14.6691
162 12 25.0054 0.62 60.0 462.54 536.54 1264.61 1045.56 7.05 9.02 176.37 1915.41 8011.08 0.94 36.73 164.87 2028.28 7875.19 10.8886 0.02 307 1915 84.93 14.34 8.5769
162 13 42.0006 0.84 100.0 445.0 549.51 1353.22 1119.36 3.91 5.72 138.49 2212.04 8320.04 1.02 41.95 130.97 2388.14 8096.31 9.3566 0.02 329 2212 100.0 10.71 6.398
162 14 20.0006 0.7 100.0 491.19 607.19 1484.5 1241.58 9.35 13.65 335.16 2323.96 8735.82 1.08 44.24 314.64 2388.12 8065.32 9.2034 0.02 365 2324 100.0 24.59 14.7409
162 15 0.0019 0.0 100.0 518.67 641.77 1582.64 1398.4 14.62 21.61 554.24 2388.01 9059.74 1.3 47.32 522.09 2388.04 8149.32 8.4213 0.03 392 2388 100.0 38.86 23.4322
162 16 0.0013 0.0 100.0 518.67 642.83 1585.64 1404.16 14.62 21.61 553.78 2388.07 9064.12 1.3 47.36 522.64 2388.03 8147.79 8.4169 0.03 393 2388 100.0 38.98 23.3611
162 17 0.0007 0.0001 100.0 518.67 642.31 1588.91 1397.67 14.62 21.61 553.28 2388.07 9065.43 1.3 47.27 521.7 2388.03 8140.62 8.4328 0.03 392 2388 100.0 38.91 23.3562
162 18 42.0026 0.84 100.0 445.0 549.91 1348.57 1126.01 3.91 5.72 139.09 2212.03 8330.73 1.02 42.06 130.16 2388.16 8092.41 9.3472 0.02 331 2212 100.0 10.49 6.3495
162 19 24.9985 0.6204 60.0 462.54 536.4 1254.23 1045.96 7.05 9.03 175.84 1915.4 8015.87 0.94 36.58 164.74 2028.34 7878.64 10.8954 0.02 307 1915 84.93 14.22 8.6426
162 20 42.0012 0.84 100.0 445.0 549.29 1350.28 1120.71 3.91 5.72 139.08 2212.03 8328.11 1.02 42.03 130.91 2388.04 8090.68 9.3565 0.02 331 2212 100.0 10.66 6.4957
162 21 10.0056 0.25 100.0 489.05 604.88 1499.06 1304.3 10.52 15.49 394.79 2318.91 8787.95 1.26 45.26 371.66 2388.09 8137.63 8.6599 0.03 369 2319 100.0 28.63 17.1105
162 22 25.0056 0.62 60.0 462.54 536.31 1255.58 1047.41 7.05 9.02 175.45 1915.44 8015.85 0.94 36.66 164.61 2028.34 7883.2 10.873 0.02 307 1915 84.93 14.29 8.5481
162 23 42.0037 0.84 100.0 445.0 549.14 1356.38 1122.76 3.91 5.71 139.31 2212.03 8329.21 1.02 42.26 131.09 2388.14 8091.18 9.3282 0.02 330 2212 100.0 10.73 6.3522
162 24 20.0079 0.7 100.0 491.19 607.32 1481.46 1252.65 9.35 13.66 334.75 2323.94 8729.8 1.08 44.29 315.06 2388.01 8068.74 9.1693 0.02 362 2324 100.0 24.47 14.7463
162 25 42.0023 0.8402 100.0 445.0 549.34 1347.73 1124.13 3.91 5.72 138.93 2212.06 8327.91 1.02 41.88 130.72 2388.1 8090.23 9.3732 0.02 331 2212 100.0 10.68 6.3832
162 26 20.0035 0.7 100.0 491.19 607.4 1482.09 1243.46 9.35 13.66 335.21 2323.95 8728.18 1.08 44.18 315.26 2388.07 8069.54 9.215 0.02 364 2324 100.0 24.69 14.6103
162 27 35.0015 0.84 100.0 449.44 555.72 1366.29 1122.41 5.48 8.0 194.31 2223.07 8356.73 1.02 41.86 183.53 2388.17 8070.29 9.3054 0.02 334 2223 100.0 14.74 8.9156
162 28 10.0033 0.25 100.0 489.05 605.05 1493.34 1308.78 10.52 15.49 393.84 2318.87 8781.54 1.26 45.21 372.21 2388.08 8142.02 8.6471 0.03 369 2319 100.0 28.81 17.1548
162 29 19.999 0.702 100.0 491.19 606.97 1477.82 1250.42 9.35 13.65 335.13 2324.01 8732.77 1.08 44.39 315.58 2388.08 8070.01 9.2078 0.02 365 2324 100.0 24.54 14.7828
162 30 34.9987 0.84 100.0 449.44 555.43 1360.02 1119.88 5.48 8.0 195.43 2223.05 8359.39 1.02 41.82 183.15 2388.11 8072.63 9.2978 0.02 333 2223 100.0 14.88 8.8762
162 31 42.0009 0.84 100.0 445.0 549.96 1352.19 1121.24 3.91 5.72 139.08 2212.01 8328.28 1.02 41.83 131.16 2388.12 8087.13 9.3404 0.02 331 2212 100.0 10.58 6.3688
162 32 20.0047 0.7 100.0 491.19 607.43 1479.33 1245.5 9.35 13.66 334.83 2323.95 8723.87 1.08 44.31 315.46 2388.1 8067.8 9.2166 0.02 365 2324 100.0 24.68 14.6845
162 33 0.0013 0.0016 100.0 518.67 642.27 1586.02 1398.84 14.62 21.61 554.36 2388.02 9072.24 1.3 47.21 521.79 2388.1 8142.89 8.408 0.03 392 2388 100.0 38.89 23.4494
162 34 42.0064 0.84 100.0 445.0 549.18 1354.75 1130.21 3.91 5.72 139.51 2212.07 8329.36 1.02 41.93 130.77 2388.17 8090.07 9.3655 0.02 330 2212 100.0 10.58 6.4591
162 35 42.0041 0.841 100.0 445.0 549.62 1347.35 1120.57 3.91 5.72 138.44 2212.09 8332.47 1.02 41.92 130.51 2388.15 8091.7 9.3437 0.02 332 2212 100.0 10.56 6.3307
162 36 0.0014 0.0003 100.0 518.67 642.47 1588.58 1404.42 14.62 21.61 553.6 2388.05 9057.37 1.3 47.31 522.09 2388.07 8143.64 8.4481 0.03 391 2388 100.0 38.93 23.3547
162 37 25.0067 0.62 60.0 462.54 536.5 1255.75 1041.85 7.05 9.02 175.58 1915.44 8015.52 0.94 36.58 164.36 2028.35 7880.59 10.8666 0.02 307 1915 84.93 14.23 8.5433
162 38 20.007 0.7012 100.0 491.19 607.0 1480.65 1250.73 9.35 13.66 334.41 2323.91 8735.77 1.08 44.23 315.42 2388.12 8067.02 9.2117 0.02 363 2324 100.0 24.62 14.7268
162 39 35.0031 0.84 100.0 449.44 555.63 1361.44 1126.54 5.48 8.0 195.06 2223.11 8351.14 1.02 41.74 183.31 2388.15 8072.69 9.3046 0.02 334 2223 100.0 14.87 8.9371
162 40 35.0049 0.8406 100.0 449.44 555.75 1364.38 1130.2 5.48 8.0 194.24 2223.04 8347.96 1.02 41.8 182.9 2388.17 8069.78 9.2786 0.02 335 2223 100.0 15.12 9.0138
162 41 0.0026 0.0 100.0 518.67 642.36 1584.23 1398.15 14.62 21.61 554.17 2388.05 9070.33 1.3 47.34 521.84 2388.05 8151.0 8.3945 0.03 393 2388 100.0 39.06 23.2734
162 42 42.0018 0.841 100.0 445.0 549.08 1354.32 1126.53 3.91 5.72 138.32 2212.05 8332.09 1.02 41.87 130.6 2388.12 8092.93 9.3428 0.02 330 2212 100.0 10.61 6.336
162 43 10.0051 0.25 100.0 489.05 605.07 1500.63 1305.97 10.52 15.49 394.13 2318.82 8784.79 1.26 45.3 372.15 2388.12 8136.71 8.6345 0.03 369 2319 100.0 28.61 17.0801
162 44 0.0013 0.0 100.0 518.67 642.58 1584.63 1402.89 14.62 21.61 553.9 2387.99 9064.48 1.3 47.44 522.03 2388.08 8147.7 8.407 0.03 394 2388 100.0 39.13 23.3678
162 45 20.0065 0.7006 100.0 491.19 607.23 1486.49 1252.36 9.35 13.66 334.69 2323.96 8735.03 1.08 44.37 315.21 2388.13 8063.99 9.1912 0.02 365 2324 100.0 24.57 14.7408
162 46 20.001 0.7 100.0 491.19 607.17 1479.08 1250.98 9.35 13.65 335.45 2324.0 8723.2 1.08 44.26 315.31 2388.13 8071.23 9.1958 0.02 366 2324 100.0 24.48 14.7982
162 47 9.999 0.2506 100.0 489.05 604.86 1501.91 1311.02 10.52 15.49 394.79 2318.88 8781.61 1.26 45.35 372.06 2388.07 8137.35 8.6321 0.03 368 2319 100.0 28.68 17.117
162 48 35.0079 0.8405 100.0 449.44 555.67 1362.68 1125.83 5.48 8.0 195.05 2223.06 8356.53 1.02 41.81 183.07 2388.24 8072.38 9.3031 0.02 332 2223 100.0 14.81 9.0597
162 49 25.0047 0.6203 60.0 462.54 536.31 1255.14 1043.11 7.05 9.02 175.64 1915.48 8018.82 0.94 36.72 164.6 2028.33 7884.63 10.8744 0.02 308 1915 84.93 14.21 8.5919
162 50 42.0014 0.84 100.0 445.0 548.99 1351.91 1115.45 3.91 5.71 138.79 2212.04 8326.59 1.02 42.17 130.71 2388.16 8092.23 9.342 0.02 331 2212 100.0 10.78 6.2544
162 51 42.0064 0.8409 100.0 445.0 549.25 1351.93 1121.92 3.91 5.71 138.4 2212.06 8330.24 1.02 41.96 130.43 2388.11 8096.67 9.3322 0.02 329 2212 100.0 10.54 6.4366
162 52 20.0032 0.7003 100.0 491.19 607.55 1481.22 1248.55 9.35 13.65 334.84 2324.01 8730.36 1.08 44.2 315.71 2388.07 8069.21 9.2498 0.02 364 2324 100.0 24.51 14.6977
162 53 35.0023 0.84 100.0 449.44 555.56 1362.64 1122.49 5.48 8.0 194.63 2223.13 8356.69 1.02 41.79 182.69 2388.17 8075.79 9.3336 0.02 334 2223 100.0 14.84 8.9974
162 54 35.0069 0.84 100.0 449.44 556.0 1356.33 1125.89 5.48 8.0 195.27 2223.07 8364.54 1.02 42.07 183.52 2388.2 8072.66 9.3267 0.02 334 2223 100.0 14.85 8.9328
162 55 42.0018 0.84 100.0 445.0 549.24 1350.68 1130.67 3.91 5.71 138.87 2212.05 8325.01 1.02 41.77 130.73 2388.16 8091.33 9.3562 0.02 330 2212 100.0 10.72 6.3578
162 56 0.003 0.0015 100.0 518.67 642.67 1583.2 1406.33 14.62 21.6 553.42 2388.04 9059.97 1.3 47.24 521.07 2388.0 8144.36 8.4465 0.03 394 2388 100.0 38.82 23.3431
162 57 25.0079 0.62 60.0 462.54 536.62 1259.85 1046.13 7.05 9.03 174.63 1915.53 8021.33 0.94 36.53 164.62 2028.38 7886.26 10.9038 0.02 307 1915 84.93 14.43 8.5995
162 58 0.001 0.0004 100.0 518.67 641.91 1592.14 1401.38 14.62 21.61 554.41 2388.04 9063.18 1.3 47.36 522.05 2388.08 8145.27 8.4281 0.03 391 2388 100.0 39.16 23.4205
162 59 20.0051 0.7 100.0 491.19 607.45 1482.13 1250.83 9.35 13.65 334.95 2324.03 8728.89 1.08 44.29 315.06 2388.12 8072.63 9.225 0.02 365 2324 100.0 24.37 14.7578
162 60 41.998 0.84 100.0 445.0 549.32 1348.55 1130.95 3.91 5.72 138.85 2212.09 8328.22 1.02 42.19 130.68 2388.12 8090.24 9.3829 0.02 330 2212 100.0 10.64 6.1879
162 61 20.0052 0.7008 100.0 491.19 607.34 1485.7 1245.74 9.35 13.65 334.97 2324.0 8735.31 1.08 44.32 314.92 2388.12 8068.53 9.2141 0.02 363 2324 100.0 24.47 14.7222
162 62 41.9988 0.8403 100.0 445.0 549.43 1356.35 1121.29 3.91 5.71 138.34 2212.05 8324.16 1.02 41.97 130.4 2388.15 8094.32 9.3151 0.02 330 2212 100.0 10.45 6.2892
162 63 20.0058 0.7018 100.0 491.19 606.78 1488.02 1250.55 9.35 13.65 334.47 2323.99 8733.77 1.08 44.33 315.21 2388.09 8069.08 9.2215 0.02 364 2324 100.0 24.63 14.716
162 64 10.0038 0.2508 100.0 489.05 604.61 1499.26 1304.67 10.52 15.49 394.58 2318.89 8786.62 1.26 45.31 371.74 2388.06 8142.85 8.6474 0.03 369 2319 100.0 28.46 17.102
162 65 35.0035 0.8414 100.0 449.44 555.96 1362.08 1121.39 5.48 8.0 194.64 2223.12 8359.26 1.02 42.03 183.66 2388.19 8075.91 9.323 0.02 334 2223 100.0 14.81 8.8679
162 66 20.0068 0.702 100.0 491.19 607.54 1485.21 1246.18 9.35 13.65 335.31 2323.95 8730.42 1.08 44.31 315.07 2388.09 8067.43 9.2394 0.02 365 2324 100.0 24.48 14.6885
162 67 35.0073 0.84 100.0 449.44 556.0 1367.73 1120.98 5.48 8.0 194.33 2223.05 8356.4 1.02 41.88 183.47 2388.21 8071.31 9.3427 0.02 334 2223 100.0 14.83 8.8584
162 68 35.0066 0.84 100.0 449.44 555.46 1370.7 1126.84 5.48 8.0 195.58 2223.11 8354.93 1.02 41.91 182.53 2388.23 8077.52 9.29 0.02 334 2223 100.0 14.94 8.8992
162 69 20.0033 0.7 100.0 491.19 607.64 1482.17 1247.01 9.35 13.65 334.33 2323.99 8730.49 1.07 44.3 314.89 2388.13 8070.07 9.2192 0.02 366 2324 100.0 24.39 14.7504
162 70 25.0056 0.6203 60.0 462.54 537.08 1262.14 1043.03 7.05 9.02 175.88 1915.45 8012.61 0.94 36.73 164.78 2028.38 7882.5 10.8895 0.02 306 1915 84.93 14.2 8.5754
162 71 42.0021 0.8404 100.0 445.0 549.33 1353.14 1124.88 3.91 5.71 138.86 2212.04 8321.62 1.02 42.06 130.47 2388.14 8095.36 9.3414 0.02 329 2212 100.0 10.55 6.3609
162 72 42.0059 0.8416 100.0 445.0 549.97 1350.36 1127.1 3.91 5.72 139.84 2212.08 8331.06 1.02 42.11 131.14 2388.19 8092.7 9.3703 0.02 330 2212 100.0 10.71 6.402
162 73 24.9998 0.6201 60.0 462.54 536.45 1260.16 1047.93 7.05 9.03 175.73 1915.5 8023.22 0.94 36.74 164.94 2028.44 7883.29 10.8941 0.02 308 1915 84.93 14.11 8.707
162 74 9.9999 0.25 100.0 489.05 603.99 1499.12 1301.71 10.52 15.49 394.84 2318.92 8790.0 1.26 45.3 371.69 2388.09 8141.19 8.6632 0.03 369 2319 100.0 28.62 17.1843
162 75 10.0037 0.25 100.0 489.05 604.63 1497.26 1306.04 10.52 15.49 394.46 2318.94 8784.96 1.26 45.5 372.12 2388.16 8140.46 8.6315 0.03 370 2319 100.0 28.78 17.151
162 76 25.0014 0.62 60.0 462.54 536.42 1261.55 1052.27 7.05 9.03 176.31 1915.46 8021.78 0.94 36.6 164.92 2028.34 7879.84 10.9076 0.02 306 1915 84.93 14.26 8.6367
162 77 25.0006 0.62 60.0 462.54 537.31 1259.27 1044.6 7.05 9.03 175.33 1915.46 8018.52 0.94 36.73 164.66 2028.32 7881.11 10.9215 0.02 307 1915 84.93 13.93 8.5508
162 78 35.0029 0.842 100.0 449.44 555.88 1366.48 1125.44 5.48 8.0 195.15 2223.09 8355.17 1.02 41.89 182.79 2388.2 8079.52 9.3206 0.02 333 2223 100.0 14.98 8.8383
162 79 35.0043 0.84 100.0 449.44 555.46 1365.07 1132.26 5.48 8.0 194.25 2223.11 8359.25 1.02 41.81 183.18 2388.17 8076.64 9.3095 0.02 334 2223 100.0 14.91 9.0186
162 80 25.0064 0.6217 60.0 462.54 536.66 1259.59 1043.46 7.05 9.03 175.75 1915.51 8014.26 0.94 36.63 165.23 2028.5 7877.36 10.9014 0.02 305 1915 84.93 14.25 8.5494
162 81 25.0072 0.6204 60.0 462.54 536.92 1260.87 1047.69 7.05 9.03 175.32 1915.52 8019.75 0.94 36.72 164.69 2028.39 7885.79 10.9052 0.02 307 1915 84.93 14.24 8.6391
162 82 20.0002 0.7 100.0 491.19 607.39 1490.2 1247.13 9.35 13.66 334.68 2323.97 8738.54 1.08 44.37 314.46 2388.11 8076.16 9.2017 0.02 365 2324 100.0 24.43 14.6851
162 83 35.0034 0.8402 100.0 449.44 555.07 1359.75 1120.87 5.48 8.0 194.97 2223.07 8352.25 1.02 41.8 182.8 2388.27 8079.04 9.317 0.02 335 2223 100.0 14.97 8.9042
162 84 24.9981 0.6204 60.0 462.54 536.59 1265.42 1045.72 7.05 9.03 176.08 1915.45 8013.2 0.94 36.72 164.69 2028.43 7875.44 10.9155 0.02 308 1915 84.93 14.28 8.636
162 85 25.0002 0.62 60.0 462.54 536.41 1261.5 1048.84 7.05 9.03 175.65 1915.48 8012.53 0.94 36.94 164.04 2028.36 7882.18 10.8749 0.02 306 1915 84.93 14.25 8.6271
162 86 20.0034 0.7 100.0 491.19 607.45 1481.53 1259.14 9.35 13.66 334.96 2323.99 8725.63 1.08 44.4 315.55 2388.16 8065.98 9.2073 0.02 365 2324 100.0 24.53 14.6828
162 87 35.001 0.84 100.0 449.44 556.21 1362.72 1126.24 5.48 8.0 194.73 2223.06 8351.95 1.02 41.82 183.6 2388.18 8073.08 9.3529 0.02 333 2223 100.0 14.85 9.0495
162 88 0.0002 0.0 100.0 518.67 642.38 1597.2 1407.28 14.62 21.6 554.4 2388.09 9058.19 1.3 47.4 521.71 2388.02 8144.08 8.4207 0.03 392 2388 100.0 38.91 23.3448
162 89 42.0012 0.8405 100.0 445.0 549.22 1347.44 1127.48 3.91 5.72 138.07 2212.05 8330.43 1.02 41.98 130.43 2388.13 8089.73 9.3374 0.02 329 2212 100.0 10.58 6.3158
162 90 20.0018 0.7 100.0 491.19 606.66 1480.5 1250.92 9.35 13.65 334.8 2323.98 8732.4 1.08 44.22 314.95 2388.11 8062.63 9.2114 0.02 364 2324 100.0 24.38 14.7131
162 91 10.003 0.25 100.0 489.05 604.97 1502.42 1302.07 10.52 15.49 394.41 2318.93 8792.91 1.26 45.37 371.87 2388.15 8136.56 8.6218 0.03 369 2319 100.0 28.7 17.107
162 92 10.0019 0.2514 100.0 489.05 604.47 1499.95 1303.98 10.52 15.49 394.17 2318.96 8784.47 1.26 45.41 371.39 2388.11 8138.02 8.633 0.03 369 2319 100.0 28.6 17.0757
162 93 20.0018 0.7 100.0 491.19 607.24 1486.87 1237.28 9.35 13.66 334.92 2324.0 8735.89 1.07 44.39 315.04 2388.15 8071.77 9.2215 0.02 366 2324 100.0 24.47 14.6172
162 94 34.9992 0.8411 100.0 449.44 555.44 1365.21 1126.11 5.48 8.0 194.29 2223.16 8356.9 1.02 42.01 182.71 2388.2 8075.03 9.3072 0.02 333 2223 100.0 14.83 8.9403
162 95 0.0016 0.0 100.0 518.67 642.41 1589.89 1406.33 14.62 21.61 553.53 2388.13 9061.75 1.3 47.43 521.76 2388.05 8145.05 8.3911 0.03 393 2388 100.0 38.74 23.2381
162 96 25.0072 0.62 60.0 462.54 537.09 1261.61 1047.58 7.05 9.03 175.37 1915.51 8018.26 0.94 36.53 164.03 2028.38 7881.67 10.8976 0.02 307 1915 84.93 14.13 8.5057
162 97 9.9994 0.2504 100.0 489.05 604.41 1504.72 1314.1 10.52 15.49 394.85 2318.91 8790.4 1.26 45.35 371.55 2388.1 8142.96 8.6813 0.03 369 2319 100.0 28.56 17.1482
162 98 0.0018 0.0018 100.0 518.67 642.67 1592.23 1405.07 14.62 21.61 553.77 2388.05 9073.78 1.3 47.58 522.17 2388.0 8147.37 8.4571 0.03 392 2388 100.0 38.92 23.3567
162 99 9.9994 0.25 100.0 489.05 604.22 1497.54 1308.41 10.52 15.5 394.65 2318.96 8782.62 1.26 45.48 371.7 2388.15 8133.64 8.6679 0.03 370 2319 100.0 28.5 17.0877
162 100 42.0021 0.84 100.0 445.0 549.38 1353.69 1121.31 3.91 5.72 138.93 2212.09 8330.92 1.02 41.99 130.56 2388.2 8095.25 9.3865 0.02 330 2212 100.0 10.7 6.4314
162 101 0.0019 0.0 100.0 518.67 643.43 1591.5 1407.48 14.62 21.61 553.4 2388.05 9070.58 1.3 47.41 521.88 2388.1 8149.95 8.4198 0.03 393 2388 100.0 38.73 23.2314
162 102 42.0011 0.8415 100.0 445.0 549.77 1352.91 1123.53 3.91 5.71 138.24 2212.08 8332.6 1.02 42.05 131.3 2388.18 8091.19 9.325 0.02 331 2212 100.0 10.56 6.3921
162 103 42.0004 0.8418 100.0 445.0 549.84 1356.48 1119.22 3.91 5.71 139.01 2212.08 8326.72 1.02 42.0 131.16 2388.13 8099.97 9.367 0.02 330 2212 100.0 10.48 6.447
162 104 20.0079 0.7014 100.0 491.19 607.22 1478.45 1243.76 9.35 13.65 335.35 2324.05 8736.47 1.08 44.31 314.89 2388.18 8068.32 9.2295 0.02 365 2324 100.0 24.51 14.6897
162 105 35.0001 0.8403 100.0 449.44 555.98 1360.03 1127.25 5.48 8.0 194.78 2223.09 8370.47 1.02 41.8 182.86 2388.24 8074.14 9.3367 0.02 335 2223 100.0 14.8 8.9338
162 106 34.9998 0.84 100.0 449.44 555.59 1370.54 1134.01 5.48 8.0 194.46 2223.15 8365.05 1.02 41.99 182.98 2388.26 8080.92 9.2854 0.02 334 2223 100.0 14.76 8.9047
162 107 10.0009 0.251 100.0 489.05 605.03 1495.95 1312.09 10.52 15.49 394.45 2318.94 8792.68 1.26 45.48 371.42 2388.13 8135.0 8.6609 0.03 371 2319 100.0 28.56 17.1904
162 108 42.008 0.84 100.0 445.0 549.74 1348.82 1124.71 3.91 5.72 138.87 2212.08 8329.63 1.02 42.13 130.68 2388.13 8095.17 9.3722 0.02 330 2212 100.0 10.65 6.2983
162 109 42.0073 0.8404 100.0 445.0 549.34 1364.01 1124.99 3.91 5.72 138.21 2212.08 8328.22 1.02 42.2 130.4 2388.2 8093.8 9.3643 0.02 330 2212 100.0 10.5 6.3917
162 110 10.0025 0.25 100.0 489.05 605.38 1502.7 1310.71 10.52 15.49 394.37 2318.95 8793.71 1.26 45.51 371.65 2388.13 8131.73 8.6437 0.03 369 2319 100.0 28.63 17.0832
162 111 20.0072 0.7 100.0 491.19 606.98 1483.09 1256.0 9.35 13.66 334.44 2324.04 8731.12 1.08 44.4 313.62 2388.24 8069.73 9.2163 0.02 366 2324 100.0 24.49 14.7372
162 112 20.0062 0.7 100.0 491.19 607.14 1483.47 1252.46 9.35 13.66 334.22 2324.06 8734.29 1.08 44.56 315.28 2388.15 8074.0 9.2058 0.02 367 2324 100.0 24.54 14.6028
162 113 20.0055 0.7 100.0 491.19 607.33 1491.01 1250.25 9.35 13.66 334.09 2324.06 8739.82 1.07 44.51 314.82 2388.16 8069.88 9.2466 0.02 366 2324 100.0 24.52 14.6503
162 114 35.0002 0.84 100.0 449.44 556.13 1365.29 1130.22 5.48 8.0 195.01 2223.13 8362.46 1.02 41.84 183.43 2388.2 8075.69 9.3395 0.02 334 2223 100.0 14.8 8.9156
162 115 0.0016 0.0008 100.0 518.67 642.65 1595.96 1411.08 14.62 21.61 553.53 2388.04 9066.37 1.3 47.39 521.68 2388.11 8147.24 8.447 0.03 393 2388 100.0 38.91 23.3063
162 116 10.0 0.25 100.0 489.05 604.93 1508.6 1315.75 10.52 15.49 394.33 2318.95 8797.63 1.26 45.39 371.16 2388.12 8138.76 8.6173 0.03 370 2319 100.0 28.57 17.1867
162 117 42.0037 0.8407 100.0 445.0 549.23 1356.68 1131.54 3.91 5.71 138.43 2212.14 8334.1 1.02 42.2 130.84 2388.2 8091.34 9.3842 0.02 331 2212 100.0 10.59 6.3933
162 118 20.0042 0.7 100.0 491.19 607.08 1486.76 1246.68 9.35 13.66 334.12 2324.02 8732.92 1.07 44.28 314.68 2388.22 8077.93 9.1828 0.02 366 2324 100.0 24.48 14.6773
162 119 0.0015 0.0008 100.0 518.67 642.44 1595.61 1410.23 14.62 21.61 552.89 2388.14 9069.26 1.3 47.47 521.75 2388.05 8152.3 8.4365 0.03 393 2388 100.0 39.0 23.2835
162 120 20.0017 0.7 100.0 491.19 607.32 1486.86 1257.51 9.35 13.66 334.8 2324.02 8740.84 1.07 44.46 314.72 2388.17 8066.69 9.2452 0.02 365 2324 100.0 24.38 14.7627
162 121 20.002 0.7002 100.0 491.19 607.76 1484.07 1255.91 9.35 13.66 333.76 2324.07 8742.69 1.08 44.41 314.97 2388.18 8073.26 9.2322 0.02 365 2324 100.0 24.53 14.6923
162 122 10.0049 0.25 100.0 489.05 605.31 1500.93 1316.67 10.52 15.49 394.98 2318.94 8795.77 1.26 45.45 371.66 2388.22 8140.26 8.6452 0.03 370 2319 100.0 28.67 17.1396
162 123 42.0002 0.8419 100.0 445.0 549.84 1361.06 1132.37 3.91 5.72 139.25 2212.09 8333.43 1.02 42.11 130.43 2388.19 8096.06 9.354 0.02 330 2212 100.0 10.6 6.3759
162 124 25.0076 0.62 60.0 462.54 536.89 1260.77 1048.19 7.05 9.02 175.31 1915.49 8021.94 0.94 36.82 164.33 2028.43 7879.8 10.9017 0.02 307 1915 84.93 14.39 8.5288
162 125 0.0003 0.0 100.0 518.67 642.93 1590.59 1404.53 14.62 21.61 553.64 2388.13 9068.82 1.3 47.64 521.32 2388.06 8146.67 8.4741 0.03 393 2388 100.0 38.6 23.2098
162 126 25.0034 0.62 60.0 462.54 536.44 1261.31 1051.12 7.05 9.03 175.54 1915.59 8019.58 0.94 36.69 164.53 2028.43 7881.65 10.9263 0.02 306 1915 84.93 14.26 8.6066
162 127 10.0045 0.25 100.0 489.05 604.79 1499.73 1313.31 10.52 15.49 393.37 2318.97 8797.48 1.26 45.7 371.22 2388.14 8146.94 8.6733 0.03 369 2319 100.0 28.53 17.0714
162 128 25.0003 0.6218 60.0 462.54 536.85 1267.61 1054.85 7.05 9.03 175.22 1915.54 8021.92 0.94 36.83 164.91 2028.4 7883.97 10.9607 0.02 307 1915 84.93 14.37 8.5512
162 129 42.0061 0.842 100.0 445.0 549.78 1348.6 1140.12 3.91 5.72 138.82 2212.11 8336.99 1.02 42.32 130.34 2388.17 8101.61 9.3573 0.02 331 2212 100.0 10.6 6.3856
162 130 0.0027 0.001 100.0 518.67 642.58 1589.1 1410.87 14.62 21.61 552.77 2388.1 9076.74 1.3 47.63 521.53 2388.08 8151.74 8.4739 0.03 393 2388 100.0 38.86 23.2143
162 131 25.0066 0.621 60.0 462.54 536.9 1262.96 1050.62 7.05 9.03 176.04 1915.58 8023.46 0.94 37.04 164.02 2028.47 7886.79 10.9057 0.02 306 1915 84.93 14.19 8.6419
162 132 0.0021 0.001 100.0 518.67 642.61 1591.96 1409.26 14.62 21.61 553.17 2388.05 9070.08 1.3 47.44 521.63 2388.07 8148.24 8.4556 0.03 393 2388 100.0 38.77 23.3451
162 133 41.9997 0.84 100.0 445.0 550.23 1357.36 1127.32 3.91 5.72 138.19 2212.13 8331.05 1.02 42.16 130.36 2388.23 8100.74 9.3787 0.02 332 2212 100.0 10.63 6.3698
162 134 35.0032 0.8406 100.0 449.44 555.79 1368.13 1128.41 5.48 8.0 194.58 2223.18 8363.94 1.02 42.29 182.89 2388.33 8078.62 9.3308 0.02 334 2223 100.0 14.75 8.8347
162 135 10.0031 0.2516 100.0 489.05 605.07 1506.31 1316.85 10.52 15.5 394.64 2319.02 8793.47 1.26 45.61 371.32 2388.16 8141.65 8.6978 0.03 370 2319 100.0 28.38 17.0985
162 136 24.9993 0.621 60.0 462.54 536.86 1267.22 1056.8 7.05 9.03 175.67 1915.6 8032.83 0.94 36.95 164.47 2028.52 7888.83 10.9155 0.02 308 1915 84.93 14.36 8.5165
162 137 34.9982 0.8402 100.0 449.44 555.32 1359.34 1138.95 5.48 8.0 194.23 2223.17 8359.7 1.02 41.97 182.58 2388.26 8078.81 9.3325 0.02 335 2223 100.0 14.91 8.943
162 138 20.0035 0.7 100.0 491.19 607.77 1480.24 1259.97 9.35 13.66 333.68 2324.09 8751.5 1.08 44.45 314.19 2388.18 8076.07 9.2082 0.02 367 2324 100.0 24.59 14.5893
162 139 0.0008 0.001 100.0 518.67 641.97 1588.42 1404.82 14.62 21.61 553.07 2388.07 9071.76 1.3 47.59 521.63 2388.1 8151.23 8.4344 0.03 395 2388 100.0 38.8 23.2833
162 140 35.0023 0.8413 100.0 449.44 555.74 1365.61 1137.91 5.48 8.0 194.81 2223.22 8368.16 1.02 41.95 183.38 2388.32 8085.88 9.3272 0.02 334 2223 100.0 14.75 8.8699
162 141 9.9991 0.251 100.0 489.05 604.82 1498.88 1312.4 10.52 15.5 394.06 2319.03 8795.5 1.26 45.58 371.2 2388.2 8139.49 8.6694 0.03 372 2319 100.0 28.59 17.0278
162 142 35.0033 0.841 100.0 449.44 556.36 1366.5 1136.85 5.48 8.0 194.17 2223.24 8367.76 1.02 42.15 183.55 2388.32 8082.94 9.3149 0.02 334 2223 100.0 15.09 9.0363
162 143 20.0039 0.7 100.0 491.19 607.77 1483.77 1252.75 9.35 13.66 334.39 2324.08 8743.11 1.07 44.38 314.82 2388.23 8075.36 9.2279 0.02 367 2324 100.0 24.34 14.7452
162 144 20.0029 0.7 100.0 491.19 607.96 1484.1 1254.86 9.35 13.66 333.6 2324.07 8744.68 1.08 44.59 314.9 2388.29 8074.09 9.2403 0.02 365 2324 100.0 24.46 14.6871
162 145 35.0059 0.84 100.0 449.44 555.7 1367.05 1126.57 5.48 8.0 194.66 2223.25 8369.72 1.02 42.09 182.97 2388.34 8085.84 9.3825 0.02 334 2223 100.0 14.73 8.923
162 146 25.0024 0.62 60.0 462.54 537.37 1266.64 1046.72 7.05 9.03 175.27 1915.62 8026.03 0.94 36.92 164.67 2028.55 7893.95 10.9584 0.02 307 1915 84.93 14.21 8.642
162 147 24.9983 0.62 60.0 462.54 537.0 1253.4 1057.27 7.05 9.03 175.19 1915.64 8019.36 0.94 36.84 163.93 2028.49 7886.99 10.9269 0.02 306 1915 84.93 14.19 8.4259
162 148 19.9986 0.7017 100.0 491.19 607.56 1489.54 1257.12 9.35 13.66 333.71 2324.13 8745.65 1.08 44.64 314.78 2388.22 8075.54 9.2397 0.02 365 2324 100.0 24.2 14.6976
162 149 42.0034 0.8403 100.0 445.0 550.22 1363.86 1134.92 3.91 5.72 139.26 2212.21 8338.83 1.02 42.2 130.02 2388.31 8095.04 9.3923 0.02 330 2212 100.0 10.55 6.3046
162 150 20.0025 0.7008 100.0 491.19 607.79 1494.78 1255.37 9.35 13.66 333.55 2324.08 8742.94 1.08 44.61 314.4 2388.26 8078.7 9.2456 0.02 366 2324 100.0 24.31 14.7203
162 151 25.0047 0.62 60.0 462.54 536.81 1266.81 1044.56 7.05 9.03 175.25 1915.59 8028.99 0.94 36.91 164.48 2028.52 7886.57 10.942 0.02 305 1915 84.93 14.19 8.5293
162 152 20.0022 0.7011 100.0 491.19 607.51 1489.69 1258.98 9.35 13.66 334.57 2324.09 8743.38 1.08 44.82 314.34 2388.3 8073.41 9.2742 0.02 366 2324 100.0 24.38 14.6627
162 153 20.0001 0.7 100.0 491.19 607.73 1485.87 1257.0 9.35 13.66 334.61 2324.13 8744.14 1.08 44.64 314.01 2388.26 8076.6 9.2602 0.03 366 2324 100.0 24.51 14.5584
162 154 20.006 0.7006 100.0 491.19 608.0 1490.63 1255.14 9.35 13.66 333.93 2324.15 8743.71 1.07 44.58 314.99 2388.25 8077.11 9.2438 0.03 366 2324 100.0 24.22 14.662
162 155 24.9987 0.6218 60.0 462.54 536.72 1258.99 1050.2 7.05 9.03 175.39 1915.65 8034.15 0.94 36.83 164.52 2028.56 7886.96 10.9736 0.02 308 1915 84.93 14.28 8.4982
162 156 10.0 0.25 100.0 489.05 605.05 1502.27 1321.86 10.52 15.49 394.15 2319.02 8808.17 1.26 45.62 371.0 2388.22 8149.94 8.6917 0.03 373 2319 100.0 28.56 16.9916
162 157 41.9986 0.8407 100.0 445.0 550.34 1367.83 1133.14 3.91 5.71 138.37 2212.24 8350.88 1.02 42.4 130.14 2388.34 8098.86 9.3823 0.02 333 2212 100.0 10.73 6.3173
162 158 42.0039 0.84 100.0 445.0 549.94 1351.35 1135.0 3.91 5.72 138.3 2212.2 8350.6 1.02 42.2 130.89 2388.31 8100.87 9.3959 0.02 332 2212 100.0 10.52 6.2959
162 159 42.0052 0.8409 100.0 445.0 550.19 1359.02 1130.24 3.91 5.72 139.41 2212.26 8346.0 1.02 42.34 130.15 2388.36 8104.59 9.4056 0.02 331 2212 100.0 10.56 6.2567
162 160 0.002 0.0 100.0 518.67 643.38 1599.23 1414.67 14.62 21.61 551.94 2388.09 9082.9 1.3 47.69 520.68 2388.13 8153.43 8.4618 0.03 394 2388 100.0 38.78 23.149
162 161 42.0053 0.84 100.0 445.0 549.56 1357.15 1141.98 3.91 5.72 137.84 2212.24 8349.09 1.02 42.46 130.16 2388.34 8107.57 9.3998 0.02 333 2212 100.0 10.71 6.4005
162 162 20.0059 0.7003 100.0 491.19 607.49 1482.79 1263.46 9.35 13.66 333.76 2324.17 8745.59 1.07 44.62 314.6 2388.26 8078.72 9.2326 0.03 365 2324 100.0 24.37 14.5449
162 163 42.0 0.842 100.0 445.0 550.3 1365.92 1131.59 3.91 5.72 139.33 2212.21 8347.86 1.02 42.42 130.17 2388.3 8101.78 9.3974 0.02 332 2212 100.0 10.45 6.3681
162 164 35.0061 0.8416 100.0 449.44 556.3 1374.36 1138.45 5.48 8.01 194.34 2223.36 8370.44 1.02 42.23 182.75 2388.42 8084.9 9.3615 0.02 336 2223 100.0 14.86 8.7425
162 165 10.0058 0.2515 100.0 489.05 605.26 1507.9 1319.18 10.52 15.5 393.2 2319.01 8804.0 1.26 45.92 371.14 2388.23 8151.98 8.7195 0.03 370 2319 100.0 28.32 17.149
162 166 25.0045 0.6212 60.0 462.54 536.58 1262.96 1058.36 7.05 9.03 175.55 1915.71 8029.15 0.94 36.91 164.34 2028.63 7889.62 10.9652 0.02 308 1915 84.93 14.16 8.4327
162 167 41.9998 0.8419 100.0 445.0 550.12 1357.17 1133.79 3.91 5.72 139.17 2212.3 8350.81 1.02 42.25 129.91 2388.33 8107.48 9.3926 0.02 332 2212 100.0 10.51 6.3261
162 168 35.0065 0.8418 100.0 449.44 555.73 1371.54 1134.38 5.48 8.0 194.33 2223.27 8373.6 1.02 42.21 182.82 2388.46 8083.5 9.3716 0.02 335 2223 100.0 14.66 8.8511
162 169 10.0066 0.25 100.0 489.05 605.94 1509.32 1322.53 10.52 15.5 393.48 2319.04 8802.33 1.26 45.7 371.16 2388.24 8148.35 8.7027 0.03 368 2319 100.0 28.17 17.1064
162 170 20.0056 0.7 100.0 491.19 607.91 1489.76 1261.01 9.35 13.66 334.36 2324.21 8749.82 1.07 44.68 314.56 2388.37 8081.13 9.2652 0.03 368 2324 100.0 24.17 14.4887
162 171 42.002 0.84 100.0 445.0 550.07 1363.86 1131.63 3.91 5.72 137.83 2212.31 8343.63 1.02 42.46 130.4 2388.42 8106.34 9.3987 0.02 332 2212 100.0 10.66 6.2847
162 172 0.003 0.0 100.0 518.67 642.94 1598.69 1422.05 14.62 21.61 551.97 2388.15 9092.77 1.3 48.01 520.28 2388.18 8164.57 8.4946 0.03 396 2388 100.0 38.56 23.1533
162 173 0.0011 0.0005 100.0 518.67 643.31 1597.79 1418.83 14.62 21.61 551.99 2388.17 9091.13 1.3 48.07 521.27 2388.14 8164.52 8.4697 0.03 394 2388 100.0 38.64 23.1104
162 174 0.0006 0.0 100.0 518.67 643.17 1596.98 1419.79 14.62 21.61 552.77 2388.16 9088.1 1.3 47.85 520.81 2388.17 8165.15 8.4959 0.03 396 2388 100.0 38.72 23.1414
162 175 42.0079 0.84 100.0 445.0 550.15 1362.43 1140.57 3.91 5.72 138.67 2212.3 8352.76 1.02 42.48 130.56 2388.39 8110.1 9.3988 0.02 332 2212 100.0 10.42 6.2298
162 176 42.0071 0.84 100.0 445.0 550.4 1359.3 1140.43 3.91 5.72 138.65 2212.34 8354.85 1.02 42.69 130.93 2388.47 8105.85 9.4229 0.02 334 2212 100.0 10.57 6.2595
162 177 35.0016 0.8419 100.0 449.44 556.45 1369.0 1143.44 5.48 8.0 193.92 2223.4 8380.59 1.02 42.42 183.18 2388.54 8096.73 9.3839 0.02 336 2223 100.0 14.95 8.8543
162 178 42.0014 0.84 100.0 445.0 550.71 1366.43 1140.64 3.91 5.72 138.58 2212.28 8353.02 1.02 42.57 130.58 2388.41 8108.01 9.4358 0.02 333 2212 100.0 10.37 6.4238
162 179 35.0072 0.84 100.0 449.44 556.31 1377.41 1143.54 5.48 8.0 194.26 2223.47 8384.26 1.02 42.28 182.55 2388.56 8095.49 9.372 0.02 336 2223 100.0 14.64 8.7643
162 180 34.9999 0.84 100.0 449.44 556.35 1372.88 1139.25 5.48 8.0 194.04 2223.39 8382.42 1.02 42.59 182.87 2388.51 8096.9 9.3807 0.02 338 2223 100.0 14.62 8.8509
162 181 10.0049 0.2517 100.0 489.05 605.88 1510.36 1318.3 10.52 15.5 393.35 2319.06 8810.18 1.26 45.94 370.68 2388.29 8165.27 8.7215 0.03 372 2319 100.0 28.23 17.016
162 182 10.007 0.25 100.0 489.05 605.28 1510.18 1332.33 10.52 15.5 392.94 2319.14 8817.04 1.26 45.87 370.78 2388.38 8157.91 8.743 0.03 373 2319 100.0 28.3 17.0103
162 183 42.0035 0.8411 100.0 445.0 550.81 1367.73 1135.83 3.91 5.72 138.68 2212.39 8349.86 1.02 42.68 130.77 2388.48 8113.1 9.4439 0.02 333 2212 100.0 10.32 6.2587
162 184 20.0026 0.7008 100.0 491.19 608.71 1491.39 1263.06 9.35 13.66 333.2 2324.32 8759.75 1.07 44.84 314.36 2388.41 8086.69 9.3082 0.03 368 2324 100.0 24.36 14.5626
162 185 0.0004 0.0 100.0 518.67 643.33 1604.1 1423.87 14.62 21.61 552.6 2388.24 9087.12 1.3 48.06 520.13 2388.13 8168.01 8.5024 0.03 395 2388 100.0 38.61 23.1701
162 186 35.0018 0.8406 100.0 449.44 556.68 1376.66 1140.47 5.48 8.01 193.97 2223.56 8389.71 1.02 42.53 182.4 2388.69 8104.85 9.377 0.02 335 2223 100.0 14.42 8.881
162 187 35.0021 0.8406 100.0 449.44 556.41 1372.5 1150.57 5.48 8.01 193.3 2223.49 8387.0 1.02 42.42 183.1 2388.64 8096.38 9.3866 0.02 336 2223 100.0 14.78 8.9178
162 188 25.0063 0.6214 60.0 462.54 537.07 1271.12 1068.81 7.05 9.03 174.99 1915.86 8042.73 0.93 37.19 164.38 2028.85 7908.91 11.0217 0.02 309 1915 84.93 13.99 8.4617
162 189 41.9986 0.84 100.0 445.0 550.77 1363.65 1144.78 3.91 5.72 138.08 2212.39 8369.41 1.02 42.6 130.03 2388.59 8117.6 9.4093 0.02 332 2212 100.0 10.42 6.3624
162 190 0.0025 0.0007 100.0 518.67 643.62 1601.21 1427.56 14.62 21.61 550.94 2388.21 9101.08 1.3 48.11 520.59 2388.19 8169.91 8.5471 0.03 395 2388 100.0 38.66 23.1177
162 191 25.001 0.62 60.0 462.54 537.13 1273.55 1064.3 7.05 9.03 174.78 1915.86 8046.01 0.94 37.45 164.23 2028.84 7905.21 10.9977 0.02 311 1915 84.93 14.0 8.3702
162 192 35.004 0.84 100.0 449.44 556.32 1370.46 1148.47 5.48 8.0 193.75 2223.61 8386.35 1.02 42.57 183.09 2388.73 8097.53 9.4063 0.02 336 2223 100.0 14.56 8.9487
162 193 0.0024 0.0 100.0 518.67 643.48 1604.21 1420.0 14.62 21.61 551.44 2388.23 9103.94 1.3 48.14 519.7 2388.2 8172.63 8.5004 0.03 398 2388 100.0 38.26 23.0347
162 194 10.0052 0.25 100.0 489.05 605.77 1514.74 1333.3 10.52 15.5 393.15 2319.16 8819.19 1.26 45.97 370.15 2388.4 8166.76 8.7828 0.03 374 2319 100.0 28.22 16.8982
198 1 41.9982 0.8408 100.0 445.0 549.85 1354.31 1127.27 3.91 5.71 139.1 2211.77 8320.42 1.02 42.14 130.64 2387.86 8081.41 9.3803 0.02 331 2212 100.0 10.53 6.3867
198 2 41.9982 0.84 100.0 445.0 549.31 1351.94 1132.25 3.91 5.71 137.86 2211.84 8318.29 1.02 42.13 129.73 2387.87 8077.91 9.374 0.02 332 2212 100.0 10.56 6.2292
198 3 10.0 0.2516 100.0 489.05 604.19 1501.26 1308.68 10.52 15.49 394.04 2318.99 8781.27 1.26 45.66 371.43 2388.14 8125.25 8.6874 0.03 369 2319 100.0 28.52 17.0193
198 4 19.9987 0.7 100.0 491.19 607.51 1491.6 1258.83 9.35 13.66 334.45 2323.99 8723.57 1.08 44.55 314.66 2388.11 8057.59 9.2348 0.02 366 2324 100.0 24.3 14.6547
198 5 20.0063 0.7 100.0 491.19 607.76 1488.78 1254.13 9.35 13.66 334.79 2324.02 8717.11 1.08 44.4 314.51 2388.12 8056.6 9.2481 0.02 365 2324 100.0 24.42 14.5765
198 6 20.0057 0.7004 100.0 491.19 607.77 1488.65 1262.34 9.35 13.66 333.73 2323.97 8721.38 1.08 44.42 315.06 2388.17 8055.73 9.238 0.02 366 2324 100.0 24.51 14.6533
198 7 35.0076 0.8405 100.0 449.44 556.02 1363.81 1131.84 5.48 8.0 194.02 2222.84 8344.95 1.02 42.0 183.07 2387.95 8064.87 9.3264 0.02 334 2223 100.0 14.77 9.0543
198 8 20.0005 0.7 100.0 491.19 607.98 1483.74 1254.06 9.35 13.66 334.85 2323.92 8720.79 1.07 44.44 314.54 2388.07 8052.94 9.2038 0.02 365 2324 100.0 24.6 14.6377
198 9 20.0035 0.7 100.0 491.19 607.6 1482.02 1254.97 9.35 13.66 334.69 2323.99 8716.77 1.08 44.36 314.57 2388.06 8061.19 9.2564 0.02 365 2324 100.0 24.52 14.723
198 10 42.0079 0.8418 100.0 445.0 550.35 1351.94 1131.26 3.91 5.72 138.27 2211.77 8314.54 1.02 42.32 130.46 2387.84 8079.0 9.3771 0.02 330 2212 100.0 10.64 6.259
198 11 20.0033 0.7014 100.0 491.19 607.76 1482.11 1250.74 9.35 13.65 334.19 2324.03 8729.29 1.08 44.75 314.27 2388.15 8056.97 9.2661 0.02 366 2324 100.0 24.52 14.4984
198 12 20.0068 0.7001 100.0 491.19 607.54 1494.07 1252.93 9.35 13.65 334.45 2323.98 8717.59 1.08 44.64 314.33 2388.05 8048.88 9.2512 0.02 366 2324 100.0 24.47 14.7214
198 13 42.0058 0.84 100.0 445.0 549.91 1361.12 1129.58 3.91 5.71 138.9 2211.85 8321.67 1.02 42.01 130.5 2387.94 8081.55 9.4035 0.02 330 2212 100.0 10.69 6.4755
198 14 25.0066 0.6208 60.0 462.54 536.58 1258.0 1045.76 7.05 9.03 175.25 1915.24 8008.61 0.94 36.81 164.8 2028.15 7876.93 10.9456 0.02 306 1915 84.93 14.17 8.601
198 15 10.0016 0.2507 100.0 489.05 604.94 1495.98 1307.99 10.52 15.5 393.92 2318.98 8773.87 1.26 45.65 371.33 2388.15 8122.49 8.6554 0.03 370 2319 100.0 28.66 17.0433
198 16 34.9981 0.8414 100.0 449.44 555.87 1367.01 1131.57 5.48 8.0 194.15 2222.91 8345.33 1.02 42.06 183.2 2387.92 8065.85 9.3396 0.02 334 2223 100.0 14.77 8.8491
198 17 0.0014 0.0019 100.0 518.67 643.3 1590.81 1409.58 14.62 21.61 553.13 2388.13 9050.26 1.3 47.79 521.7 2388.11 8131.8 8.4062 0.03 394 2388 100.0 38.67 23.1625
198 18 24.9984 0.62 60.0 462.54 535.97 1261.08 1055.87 7.05 9.03 175.29 1915.27 8007.41 0.94 36.77 164.3 2028.11 7871.3 10.9141 0.02 310 1915 84.93 14.2 8.5993
198 19 0.0028 0.0 100.0 518.67 642.22 1594.24 1401.57 14.62 21.61 553.53 2388.09 9055.1 1.3 47.59 521.12 2388.11 8135.38 8.4309 0.03 394 2388 100.0 38.59 23.1889
198 20 41.999 0.84 100.0 445.0 550.16 1351.11 1124.81 3.91 5.71 139.06 2211.74 8319.41 1.02 42.18 130.03 2387.8 8081.4 9.3707 0.02 331 2212 100.0 10.67 6.3357
198 21 0.0015 0.0 100.0 518.67 642.41 1594.21 1416.19 14.62 21.61 552.69 2388.13 9049.03 1.3 47.62 521.45 2388.11 8130.97 8.4477 0.03 394 2388 100.0 38.78 23.3632
198 22 10.0024 0.25 100.0 489.05 605.19 1503.71 1307.96 10.52 15.49 394.73 2318.99 8775.82 1.26 45.45 371.46 2388.21 8126.79 8.6689 0.03 370 2319 100.0 28.63 17.1468
198 23 35.0072 0.84 100.0 449.44 555.79 1366.81 1130.64 5.48 8.0 194.99 2222.9 8350.84 1.02 41.98 183.42 2387.96 8063.52 9.3117 0.02 335 2223 100.0 15.01 8.8589
198 24 42.0054 0.84 100.0 445.0 549.64 1353.98 1127.03 3.91 5.71 138.62 2211.81 8320.98 1.02 42.14 130.29 2387.92 8082.02 9.408 0.02 331 2212 100.0 10.44 6.3289
198 25 42.0022 0.84 100.0 445.0 550.03 1355.53 1127.98 3.91 5.71 138.02 2211.74 8317.2 1.02 42.12 130.53 2387.84 8074.28 9.3402 0.02 331 2212 100.0 10.49 6.394
198 26 25.0033 0.62 60.0 462.54 536.98 1264.33 1049.85 7.05 9.03 174.92 1915.27 8002.7 0.94 36.83 164.06 2028.21 7873.24 10.9299 0.02 306 1915 84.93 14.25 8.4629
198 27 20.0046 0.7 100.0 491.19 608.1 1493.91 1251.27 9.35 13.66 334.29 2323.94 8720.3 1.08 44.43 315.04 2388.1 8060.85 9.2195 0.03 365 2324 100.0 24.29 14.7057
198 28 42.0005 0.84 100.0 445.0 549.84 1361.21 1130.15 3.91 5.71 138.79 2211.77 8313.35 1.02 42.33 130.17 2387.86 8076.46 9.4296 0.02 331 2212 100.0 10.61 6.3336
198 29 42.0013 0.8409 100.0 445.0 549.8 1351.88 1127.59 3.91 5.71 138.44 2211.78 8320.08 1.02 42.08 130.43 2387.87 8077.36 9.4482 0.02 331 2212 100.0 10.64 6.2269
198 30 42.0028 0.84 100.0 445.0 549.56 1352.06 1122.3 3.91 5.71 138.42 2211.78 8321.89 1.02 42.2 130.26 2387.82 8077.86 9.3868 0.02 331 2212 100.0 10.69 6.3269
198 31 35.0022 0.84 100.0 449.44 556.29 1368.09 1136.35 5.48 8.0 194.42 2223.01 8351.17 1.02 42.02 183.36 2387.99 8066.21 9.3255 0.02 335 2223 100.0 15.04 8.8616
198 32 25.0028 0.62 60.0 462.54 537.04 1264.79 1056.98 7.05 9.03 174.77 1915.3 8014.88 0.94 36.8 164.51 2028.2 7870.96 10.8827 0.02 308 1915 84.93 14.13 8.5907
198 33 42.0077 0.84 100.0 445.0 549.92 1356.47 1126.11 3.91 5.71 138.69 2211.77 8320.35 1.02 42.21 130.67 2387.85 8078.01 9.3882 0.02 333 2212 100.0 10.49 6.3732
198 34 19.9986 0.7012 100.0 491.19 607.56 1484.84 1252.59 9.35 13.66 334.16 2324.0 8720.91 1.07 44.67 314.85 2388.08 8057.82 9.2523 0.02 366 2324 100.0 24.47 14.6909
198 35 0.001 0.0019 100.0 518.67 642.2 1591.4 1408.87 14.62 21.61 552.69 2388.12 9050.31 1.3 47.53 521.5 2388.06 8134.37 8.439 0.03 394 2388 100.0 38.83 23.2306
198 36 0.0022 0.0018 100.0 518.67 642.82 1589.09 1413.28 14.62 21.61 553.25 2388.07 9045.41 1.3 47.34 521.77 2388.06 8139.16 8.4398 0.03 395 2388 100.0 38.63 23.2966
198 37 42.0007 0.84 100.0 445.0 549.7 1364.92 1133.69 3.91 5.71 137.84 2211.79 8318.24 1.02 42.21 130.0 2387.88 8081.34 9.4033 0.02 332 2212 100.0 10.51 6.3273
198 38 10.0058 0.25 100.0 489.05 605.26 1497.51 1312.35 10.52 15.49 394.79 2318.99 8779.24 1.26 45.55 371.8 2388.17 8125.53 8.7 0.03 369 2319 100.0 28.54 17.112
198 39 42.0066 0.8414 100.0 445.0 550.39 1356.02 1126.97 3.91 5.71 138.36 2211.78 8319.73 1.02 42.25 130.03 2387.87 8083.81 9.4085 0.02 330 2212 100.0 10.57 6.3393
198 40 19.9994 0.7001 100.0 491.19 607.87 1486.66 1251.58 9.35 13.66 334.02 2323.98 8720.93 1.08 44.5 314.77 2388.15 8060.33 9.2497 0.02 364 2324 100.0 24.34 14.7075
198 41 19.9992 0.7 100.0 491.19 607.4 1484.92 1254.34 9.35 13.66 334.59 2324.02 8718.29 1.07 44.57 314.9 2388.12 8062.81 9.2012 0.02 365 2324 100.0 24.57 14.6684
198 42 0.0003 0.0008 100.0 518.67 643.15 1599.45 1408.24 14.62 21.61 552.68 2388.08 9054.66 1.3 47.59 521.15 2388.08 8129.08 8.4394 0.03 393 2388 100.0 38.73 23.3057
198 43 25.0053 0.6205 60.0 462.54 536.61 1260.73 1045.77 7.05 9.02 175.24 1915.3 8012.81 0.94 36.99 164.53 2028.13 7869.26 10.9199 0.02 309 1915 84.93 14.2 8.5104
198 44 10.0056 0.25 100.0 489.05 604.96 1509.79 1308.85 10.52 15.49 394.43 2318.98 8776.18 1.26 45.68 371.4 2388.21 8125.35 8.6642 0.03 368 2319 100.0 28.68 16.9853
198 45 20.0019 0.7 100.0 491.19 607.2 1488.92 1259.12 9.35 13.65 334.53 2324.02 8721.84 1.08 44.56 314.33 2388.12 8061.21 9.1704 0.02 365 2324 100.0 24.44 14.4986
198 46 10.0045 0.25 100.0 489.05 604.87 1499.5 1314.37 10.52 15.49 394.28 2319.01 8779.2 1.26 45.52 371.69 2388.21 8125.05 8.663 0.03 370 2319 100.0 28.41 17.07
198 47 0.0007 0.0019 100.0 518.67 642.52 1587.34 1411.31 14.62 21.61 553.32 2388.18 9053.33 1.3 47.43 521.69 2388.13 8133.38 8.4475 0.03 393 2388 100.0 38.89 23.1836
198 48 10.0061 0.25 100.0 489.05 605.51 1504.15 1310.16 10.52 15.5 393.93 2318.99 8784.97 1.26 45.64 371.81 2388.19 8132.91 8.6537 0.03 370 2319 100.0 28.42 17.1783
198 49 42.0012 0.84 100.0 445.0 550.08 1361.03 1131.07 3.91 5.71 138.74 2211.77 8321.3 1.02 42.38 130.96 2387.88 8084.12 9.3683 0.02 330 2212 100.0 10.51 6.2842
198 50 20.0067 0.7 100.0 491.19 607.34 1482.78 1259.67 9.35 13.66 334.37 2323.94 8725.1 1.08 44.43 314.57 2388.06 8061.53 9.2216 0.02 365 2324 100.0 24.5 14.7737
198 51 41.9994 0.84 100.0 445.0 549.56 1354.7 1127.03 3.91 5.71 138.65 2211.79 8320.57 1.02 42.19 130.84 2387.85 8086.57 9.4054 0.02 331 2212 100.0 10.72 6.4181
198 52 35.0037 0.8404 100.0 449.44 555.53 1363.87 1132.24 5.48 8.0 194.39 2222.87 8344.68 1.02 42.16 183.49 2388.02 8061.3 9.3762 0.02 334 2223 100.0 14.74 8.9015
198 53 10.0022 0.25 100.0 489.05 604.76 1498.92 1312.42 10.52 15.49 394.01 2318.98 8773.33 1.26 45.56 372.04 2388.15 8121.9 8.6395 0.03 369 2319 100.0 28.4 16.9236
198 54 0.0002 0.0 100.0 518.67 642.49 1591.53 1419.56 14.62 21.61 553.75 2388.16 9052.59 1.3 47.51 521.65 2388.17 8135.09 8.4444 0.03 394 2388 100.0 38.77 23.3396
198 55 20.0039 0.7017 100.0 491.19 607.34 1484.15 1248.13 9.35 13.65 334.17 2324.0 8726.61 1.08 44.45 314.6 2388.14 8059.97 9.2707 0.02 368 2324 100.0 24.47 14.6373
198 56 25.005 0.6205 60.0 462.54 536.93 1267.31 1049.16 7.05 9.02 175.62 1915.23 8007.26 0.94 36.74 164.37 2028.12 7872.72 10.9132 0.02 308 1915 84.93 14.3 8.6695
198 57 25.004 0.6218 60.0 462.54 536.8 1258.56 1054.76 7.05 9.03 175.29 1915.24 8005.93 0.94 36.73 164.49 2028.24 7873.86 10.9093 0.02 307 1915 84.93 14.29 8.4792
198 58 0.0016 0.0003 100.0 518.67 643.13 1595.39 1411.96 14.62 21.61 553.01 2388.14 9050.92 1.3 47.58 521.51 2388.09 8134.89 8.4289 0.03 393 2388 100.0 38.81 23.1706
198 59 20.0061 0.7 100.0 491.19 607.56 1485.45 1256.4 9.35 13.66 334.18 2323.94 8719.15 1.08 44.35 314.84 2388.08 8059.88 9.2624 0.02 367 2324 100.0 24.44 14.6677
198 60 35.0056 0.8402 100.0 449.44 556.16 1370.68 1130.94 5.48 8.0 194.86 2222.92 8349.57 1.02 42.16 182.96 2387.97 8065.3 9.3526 0.02 334 2223 100.0 14.83 8.9462
198 61 20.0075 0.7 100.0 491.19 607.74 1486.29 1255.38 9.35 13.66 334.69 2324.01 8720.83 1.07 44.47 314.26 2388.13 8058.72 9.2453 0.03 366 2324 100.0 24.25 14.7092
198 62 20.0011 0.7015 100.0 491.19 607.85 1492.08 1252.76 9.35 13.65 333.73 2324.03 8721.54 1.08 44.55 314.62 2388.16 8055.94 9.2573 0.02 366 2324 100.0 24.3 14.6467
198 63 42.0046 0.84 100.0 445.0 550.0 1355.39 1128.02 3.91 5.72 138.64 2211.85 8317.62 1.02 42.16 130.28 2387.92 8082.38 9.3941 0.02 331 2212 100.0 10.58 6.3162
198 64 0.0002 0.0 100.0 518.67 642.92 1591.67 1415.16 14.62 21.61 553.35 2388.09 9056.91 1.3 47.64 521.5 2388.12 8131.46 8.4757 0.03 393 2388 100.0 38.94 23.3809
198 65 0.0015 0.0 100.0 518.67 642.21 1590.65 1411.17 14.62 21.61 552.41 2388.11 9052.16 1.3 47.49 521.09 2388.12 8128.5 8.5002 0.03 393 2388 100.0 38.61 23.2416
198 66 0.002 0.0017 100.0 518.67 642.9 1588.82 1405.6 14.62 21.61 553.59 2388.12 9048.76 1.3 47.65 521.1 2388.11 8130.83 8.5143 0.03 394 2388 100.0 38.65 23.3197
198 67 41.9985 0.84 100.0 445.0 549.92 1364.59 1131.3 3.91 5.72 138.48 2211.77 8313.92 1.02 42.32 130.24 2387.88 8089.67 9.3905 0.02 332 2212 100.0 10.58 6.3993
198 68 19.9996 0.7013 100.0 491.19 607.76 1489.05 1256.98 9.35 13.66 334.16 2324.05 8722.05 1.08 44.56 314.59 2388.14 8054.88 9.2641 0.02 366 2324 100.0 24.45 14.6512
198 69 20.001 0.7003 100.0 491.19 607.59 1487.23 1259.27 9.35 13.66 334.41 2324.03 8719.48 1.08 44.38 314.4 2388.11 8052.7 9.2518 0.02 364 2324 100.0 24.43 14.5638
198 70 35.0001 0.8403 100.0 449.44 556.05 1372.59 1132.25 5.48 8.0 194.59 2222.89 8346.15 1.02 42.05 183.09 2388.0 8067.29 9.3542 0.02 335 2223 100.0 14.72 8.8888
198 71 20.0076 0.7011 100.0 491.19 607.43 1494.41 1254.1 9.35 13.65 333.78 2323.98 8721.87 1.08 44.44 314.69 2388.14 8064.53 9.2279 0.02 366 2324 100.0 24.34 14.6452
198 72 20.0015 0.7 100.0 491.19 607.68 1490.62 1259.59 9.35 13.65 333.96 2324.05 8724.08 1.08 44.47 314.69 2388.15 8056.35 9.2546 0.02 366 2324 100.0 24.6 14.8092
198 73 42.0004 0.8415 100.0 445.0 549.72 1358.18 1135.57 3.91 5.72 139.13 2211.82 8316.38 1.02 42.33 129.97 2387.84 8080.93 9.4076 0.02 332 2212 100.0 10.62 6.3098
198 74 0.0014 0.0 100.0 518.67 642.67 1596.73 1418.31 14.62 21.61 552.74 2388.13 9055.47 1.3 47.59 520.98 2388.14 8131.76 8.447 0.03 394 2388 100.0 38.81 23.2268
198 75 35.006 0.84 100.0 449.44 556.09 1368.29 1131.43 5.48 8.0 194.36 2222.9 8344.4 1.02 42.01 182.52 2388.0 8066.73 9.3614 0.02 336 2223 100.0 14.73 8.7701
198 76 25.0006 0.62 60.0 462.54 537.05 1274.23 1052.35 7.05 9.02 175.1 1915.31 8006.85 0.94 36.89 164.83 2028.11 7867.55 10.912 0.02 306 1915 84.93 14.32 8.5079
198 77 19.9983 0.7002 100.0 491.19 607.55 1488.5 1251.88 9.35 13.66 334.44 2324.01 8721.69 1.08 44.49 314.99 2388.12 8058.68 9.2638 0.02 366 2324 100.0 24.55 14.64
198 78 0.0002 0.0017 100.0 518.67 643.2 1586.43 1411.37 14.62 21.61 553.2 2388.12 9057.05 1.3 47.49 520.87 2388.14 8133.07 8.4593 0.03 391 2388 100.0 38.61 23.357
198 79 35.0036 0.84 100.0 449.44 555.64 1368.53 1138.09 5.48 8.0 194.21 2222.96 8348.6 1.02 42.37 181.94 2387.97 8070.23 9.3433 0.02 334 2223 100.0 14.77 8.8715
198 80 20.0059 0.7 100.0 491.19 607.08 1489.43 1259.87 9.35 13.66 335.38 2323.99 8723.04 1.07 44.53 314.51 2388.09 8054.5 9.2285 0.02 366 2324 100.0 24.51 14.6104
198 81 42.0035 0.84 100.0 445.0 549.96 1349.09 1131.74 3.91 5.71 139.34 2211.73 8321.28 1.02 42.16 130.42 2387.81 8080.22 9.3985 0.02 330 2212 100.0 10.57 6.2755
198 82 10.0074 0.2519 100.0 489.05 605.6 1503.96 1322.13 10.52 15.49 394.43 2319.0 8776.61 1.26 45.5 371.33 2388.21 8124.89 8.6928 0.03 371 2319 100.0 28.36 17.0677
198 83 42.0009 0.8419 100.0 445.0 550.34 1356.28 1125.47 3.91 5.71 138.4 2211.85 8320.62 1.02 42.19 130.13 2387.85 8087.02 9.4001 0.02 333 2212 100.0 10.72 6.3134
198 84 10.0071 0.2515 100.0 489.05 605.43 1502.2 1319.99 10.52 15.49 394.81 2319.04 8774.03 1.26 45.47 370.8 2388.16 8126.4 8.6994 0.03 369 2319 100.0 28.6 17.0787
198 85 25.0029 0.62 60.0 462.54 536.92 1262.66 1057.37 7.05 9.02 175.62 1915.18 8008.6 0.94 37.01 164.51 2028.18 7869.93 10.9423 0.02 307 1915 84.93 14.11 8.4989
198 86 35.0044 0.8418 100.0 449.44 556.01 1369.83 1127.43 5.48 8.0 194.82 2222.89 8347.36 1.02 42.0 182.7 2387.97 8057.83 9.3441 0.02 335 2223 100.0 14.75 8.927
198 87 10.0004 0.25 100.0 489.05 604.88 1499.28 1310.04 10.52 15.5 394.09 2318.98 8782.23 1.26 45.4 371.77 2388.22 8127.55 8.6754 0.03 370 2319 100.0 28.62 17.0387
198 88 34.999 0.8404 100.0 449.44 555.81 1365.82 1128.93 5.48 8.0 194.03 2222.9 8348.83 1.02 42.08 182.87 2387.98 8056.69 9.3458 0.02 335 2223 100.0 14.82 8.8038
198 89 10.0071 0.2508 100.0 489.05 605.06 1505.66 1312.24 10.52 15.49 394.34 2319.0 8780.02 1.26 45.66 370.82 2388.24 8131.29 8.6809 0.03 371 2319 100.0 28.47 17.2365
198 90 41.9993 0.84 100.0 445.0 549.75 1355.93 1129.78 3.91 5.71 138.46 2211.74 8320.97 1.02 42.28 130.58 2387.85 8079.38 9.3902 0.02 333 2212 100.0 10.65 6.387
198 91 10.0017 0.25 100.0 489.05 605.4 1504.14 1319.42 10.52 15.5 393.63 2319.02 8773.68 1.26 45.56 370.67 2388.21 8122.75 8.6655 0.03 370 2319 100.0 28.72 17.0297
198 92 0.0022 0.0007 100.0 518.67 643.28 1586.85 1413.21 14.62 21.61 552.85 2388.15 9054.61 1.3 47.65 521.31 2388.11 8132.64 8.4403 0.03 393 2388 100.0 38.83 23.2273
198 93 19.9991 0.7005 100.0 491.19 607.93 1489.27 1259.35 9.35 13.66 334.13 2324.03 8719.46 1.07 44.6 314.95 2388.16 8057.1 9.2342 0.03 364 2324 100.0 24.45 14.6238
198 94 42.0062 0.84 100.0 445.0 550.14 1351.07 1128.98 3.91 5.72 138.54 2211.77 8322.78 1.02 42.37 130.44 2387.84 8077.37 9.37 0.02 331 2212 100.0 10.45 6.3532
198 95 10.001 0.2504 100.0 489.05 604.6 1509.01 1319.41 10.52 15.5 393.56 2319.01 8778.1 1.26 45.61 371.16 2388.21 8127.53 8.7054 0.03 371 2319 100.0 28.54 17.0263
198 96 42.005 0.8409 100.0 445.0 549.68 1355.43 1127.56 3.91 5.71 139.17 2211.81 8316.98 1.02 42.32 130.52 2387.81 8079.42 9.4204 0.02 331 2212 100.0 10.68 6.3087
198 97 0.0002 0.0 100.0 518.67 642.94 1586.33 1413.8 14.62 21.61 553.02 2388.15 9054.92 1.3 47.62 521.33 2388.18 8137.91 8.4638 0.03 394 2388 100.0 38.82 23.2749
198 98 20.005 0.7 100.0 491.19 607.45 1489.83 1261.94 9.35 13.66 334.67 2323.96 8727.3 1.07 44.21 314.88 2388.13 8057.87 9.2411 0.02 364 2324 100.0 24.37 14.6877
198 99 10.0001 0.25 100.0 489.05 605.25 1506.9 1317.45 10.52 15.49 394.66 2319.0 8777.62 1.26 45.73 371.13 2388.17 8126.05 8.6463 0.03 371 2319 100.0 28.47 17.1424
198 100 10.0014 0.25 100.0 489.05 605.19 1508.18 1317.57 10.52 15.5 394.4 2318.98 8769.54 1.26 45.49 370.87 2388.24 8122.9 8.7604 0.03 371 2319 100.0 28.48 17.0587
198 101 42.0009 0.84 100.0 445.0 550.1 1358.25 1124.98 3.91 5.71 138.66 2211.74 8321.19 1.02 42.29 130.18 2387.84 8085.19 9.3905 0.02 333 2212 100.0 10.61 6.4156
198 102 20.0073 0.7 100.0 491.19 607.68 1488.91 1258.37 9.35 13.65 334.4 2323.97 8727.71 1.08 44.64 314.3 2388.12 8054.45 9.2204 0.03 366 2324 100.0 24.47 14.6116
198 103 42.0061 0.84 100.0 445.0 549.57 1353.19 1132.79 3.91 5.72 139.11 2211.82 8322.25 1.02 42.06 130.1 2387.85 8081.63 9.3884 0.02 332 2212 100.0 10.74 6.3699
198 104 10.0062 0.2504 100.0 489.05 604.91 1501.55 1315.28 10.52 15.49 393.8 2319.0 8773.65 1.26 45.58 371.36 2388.21 8126.09 8.6886 0.03 370 2319 100.0 28.49 17.0035
198 105 42.0077 0.8407 100.0 445.0 549.8 1357.64 1141.64 3.91 5.72 139.3 2211.74 8318.02 1.02 42.11 131.08 2387.81 8081.15 9.4034 0.02 331 2212 100.0 10.6 6.3896
198 106 42.0059 0.84 100.0 445.0 549.64 1364.09 1124.38 3.91 5.72 139.18 2211.74 8324.97 1.02 42.17 130.17 2387.86 8083.9 9.3696 0.02 331 2212 100.0 10.56 6.3072
198 107 42.0046 0.8404 100.0 445.0 549.21 1350.09 1137.08 3.91 5.71 138.48 2211.77 8318.64 1.02 42.24 130.61 2387.98 8086.72 9.3905 0.02 331 2212 100.0 10.67 6.3204
198 108 25.0037 0.62 60.0 462.54 537.65 1253.68 1051.68 7.05 9.03 175.45 1915.28 8014.06 0.94 36.81 164.19 2028.13 7867.94 10.9262 0.02 307 1915 84.93 14.37 8.4982
198 109 10.0024 0.25 100.0 489.05 605.25 1501.45 1312.71 10.52 15.5 394.13 2318.97 8775.27 1.26 45.78 370.75 2388.2 8123.6 8.6739 0.03 371 2319 100.0 28.4 17.0231
198 110 42.0007 0.84 100.0 445.0 549.65 1355.63 1137.04 3.91 5.72 137.91 2211.74 8322.88 1.02 42.3 131.08 2387.84 8083.14 9.3667 0.02 331 2212 100.0 10.58 6.419
198 111 0.0026 0.0 100.0 518.67 642.82 1590.33 1413.64 14.62 21.61 552.72 2388.15 9052.28 1.3 47.78 520.67 2388.11 8135.69 8.4573 0.03 395 2388 100.0 38.57 23.2753
198 112 41.9992 0.84 100.0 445.0 549.78 1352.27 1129.49 3.91 5.72 137.92 2211.77 8315.22 1.02 42.25 130.49 2387.81 8078.32 9.4071 0.02 331 2212 100.0 10.51 6.3845
198 113 25.0054 0.6217 60.0 462.54 537.7 1260.68 1057.84 7.05 9.02 175.34 1915.25 8014.45 0.94 36.97 164.13 2028.18 7871.43 10.9217 0.02 308 1915 84.93 14.31 8.5122
198 114 42.0047 0.84 100.0 445.0 550.18 1353.8 1132.52 3.91 5.71 137.5 2211.83 8320.48 1.02 42.17 130.68 2387.82 8078.46 9.4341 0.02 330 2212 100.0 10.61 6.3181
198 115 42.0023 0.84 100.0 445.0 549.91 1352.49 1128.57 3.91 5.72 138.82 2211.8 8319.79 1.02 42.39 130.38 2387.87 8081.29 9.4088 0.02 332 2212 100.0 10.5 6.3215
198 116 25.0028 0.62 60.0 462.54 536.7 1265.51 1049.46 7.05 9.03 175.09 1915.28 8003.51 0.94 36.97 164.52 2028.18 7867.99 10.9591 0.02 309 1915 84.93 14.05 8.5274
198 117 25.0031 0.6207 60.0 462.54 537.06 1265.15 1047.61 7.05 9.03 175.37 1915.26 7998.71 0.94 36.78 164.07 2028.15 7871.78 10.9603 0.02 307 1915 84.93 14.32 8.5798
198 118 35.0024 0.84 100.0 449.44 555.93 1362.71 1136.24 5.48 8.0 194.68 2222.9 8343.13 1.02 42.2 182.55 2387.94 8065.55 9.3686 0.02 335 2223 100.0 14.57 8.9591
198 119 42.0036 0.84 100.0 445.0 549.72 1349.75 1130.3 3.91 5.72 139.09 2211.76 8319.21 1.02 42.25 129.88 2387.8 8080.23 9.4229 0.02 331 2212 100.0 10.64 6.3631
198 120 42.0008 0.84 100.0 445.0 550.02 1353.67 1127.19 3.91 5.72 138.49 2211.79 8321.24 1.02 42.18 130.21 2387.88 8082.42 9.3982 0.02 333 2212 100.0 10.4 6.3588
198 121 42.0073 0.84 100.0 445.0 549.29 1357.07 1128.46 3.91 5.72 138.17 2211.78 8323.96 1.02 42.35 129.97 2387.86 8074.64 9.3854 0.02 332 2212 100.0 10.74 6.3621
198 122 25.0043 0.62 60.0 462.54 537.18 1268.86 1053.44 7.05 9.03 175.53 1915.19 8012.48 0.94 36.88 164.09 2028.13 7870.0 10.9025 0.02 309 1915 84.93 14.22 8.5458
198 123 0.0007 0.0009 100.0 518.67 642.69 1593.15 1417.83 14.62 21.61 553.05 2388.14 9050.77 1.3 47.87 520.93 2388.22 8133.47 8.4609 0.03 393 2388 100.0 38.71 23.191
198 124 19.9986 0.7002 100.0 491.19 607.92 1488.93 1251.91 9.35 13.66 334.04 2324.04 8723.04 1.08 44.65 315.09 2388.11 8057.79 9.2622 0.02 366 2324 100.0 24.25 14.5447
198 125 10.0006 0.2519 100.0 489.05 604.93 1503.33 1318.46 10.52 15.5 394.3 2319.01 8766.57 1.26 45.62 371.64 2388.24 8122.47 8.6615 0.03 371 2319 100.0 28.53 17.1434
198 126 42.0073 0.8402 100.0 445.0 550.14 1352.83 1128.73 3.91 5.72 138.84 2211.79 8320.06 1.02 42.42 129.99 2387.89 8081.13 9.3806 0.02 333 2212 100.0 10.71 6.4623
198 127 10.008 0.2501 100.0 489.05 605.09 1499.46 1316.23 10.52 15.5 394.12 2319.03 8780.02 1.26 45.68 370.7 2388.21 8127.16 8.6515 0.03 371 2319 100.0 28.5 17.1312
198 128 19.9996 0.7004 100.0 491.19 607.87 1496.39 1252.7 9.35 13.66 334.79 2324.03 8722.41 1.08 44.57 314.34 2388.14 8063.24 9.2643 0.02 365 2324 100.0 24.33 14.7571
198 129 34.9985 0.8415 100.0 449.44 555.73 1372.22 1135.85 5.48 8.0 194.19 2222.92 8351.85 1.02 42.33 182.85 2387.96 8063.46 9.37 0.02 336 2223 100.0 14.95 8.8898
198 130 25.007 0.62 60.0 462.54 537.1 1267.18 1056.3 7.05 9.03 174.36 1915.25 8005.93 0.94 36.94 164.4 2028.15 7875.82 10.9393 0.02 308 1915 84.93 14.3 8.5491
198 131 0.0003 0.0 100.0 518.67 642.81 1592.22 1413.44 14.62 21.61 553.0 2388.19 9053.77 1.3 47.72 520.93 2388.15 8127.11 8.4591 0.03 394 2388 100.0 38.61 23.1714
198 132 0.0001 0.0016 100.0 518.67 642.86 1597.2 1415.47 14.62 21.61 552.43 2388.2 9058.2 1.3 47.63 520.61 2388.2 8132.31 8.4575 0.03 395 2388 100.0 38.73 23.1489
198 133 0.0024 0.0 100.0 518.67 642.94 1590.31 1413.54 14.62 21.61 552.89 2388.2 9047.59 1.3 47.72 521.27 2388.15 8128.25 8.4443 0.03 394 2388 100.0 38.76 23.2297
198 134 25.0064 0.62 60.0 462.54 537.32 1263.2 1053.17 7.05 9.03 174.83 1915.25 8009.66 0.94 36.96 164.1 2028.18 7868.79 10.9349 0.02 308 1915 84.93 14.36 8.4613
198 135 20.0022 0.7017 100.0 491.19 607.72 1484.08 1255.8 9.35 13.66 334.44 2324.0 8728.82 1.08 44.64 314.18 2388.1 8059.67 9.2812 0.03 366 2324 100.0 24.42 14.5692
198 136 24.9997 0.62 60.0 462.54 537.16 1263.55 1053.85 7.05 9.03 174.93 1915.27 8008.62 0.94 36.96 164.46 2028.13 7874.49 10.9051 0.02 308 1915 84.93 14.21 8.5657
198 137 0.0027 0.0 100.0 518.67 643.41 1594.38 1415.69 14.62 21.61 552.78 2388.13 9063.92 1.3 47.7 520.47 2388.18 8130.31 8.4618 0.03 396 2388 100.0 38.62 23.1592
198 138 20.0019 0.7003 100.0 491.19 607.55 1491.61 1259.67 9.35 13.66 333.8 2324.03 8723.78 1.07 44.45 314.57 2388.11 8056.38 9.2419 0.03 366 2324 100.0 24.31 14.617
198 139 35.0026 0.8407 100.0 449.44 556.26 1376.53 1139.08 5.48 8.0 194.42 2222.93 8341.18 1.02 42.29 182.69 2387.94 8063.35 9.3799 0.02 335 2223 100.0 14.73 8.8611
198 140 34.9988 0.8411 100.0 449.44 556.77 1367.56 1133.21 5.48 8.0 193.93 2222.89 8350.65 1.02 42.19 183.22 2387.99 8061.71 9.3629 0.02 336 2223 100.0 14.75 8.845
198 141 42.0064 0.84 100.0 445.0 550.18 1355.69 1135.86 3.91 5.71 138.38 2211.77 8311.32 1.02 42.35 130.48 2387.81 8080.18 9.3783 0.02 331 2212 100.0 10.65 6.3223
198 142 10.0078 0.25 100.0 489.05 604.83 1505.43 1306.5 10.52 15.5 394.28 2319.06 8778.71 1.26 45.81 371.48 2388.18 8122.56 8.7227 0.03 371 2319 100.0 28.3 17.1051
198 143 35.0053 0.84 100.0 449.44 556.05 1373.1 1136.07 5.48 8.0 193.53 2222.9 8348.78 1.02 42.16 183.07 2387.99 8063.81 9.3516 0.02 335 2223 100.0 14.72 8.9452
198 144 35.0055 0.8406 100.0 449.44 556.06 1374.6 1132.43 5.48 8.0 193.77 2222.87 8357.24 1.02 42.19 183.33 2388.0 8064.68 9.3592 0.02 334 2223 100.0 14.83 8.815
198 145 10.0045 0.25 100.0 489.05 605.07 1502.36 1308.28 10.52 15.49 394.38 2319.04 8774.93 1.26 45.65 371.43 2388.27 8122.97 8.6951 0.03 371 2319 100.0 28.38 17.0079
198 146 25.0036 0.62 60.0 462.54 537.19 1266.13 1061.36 7.05 9.03 175.2 1915.3 8009.05 0.94 36.92 164.22 2028.1 7874.15 10.9404 0.02 308 1915 84.93 14.16 8.5006
198 147 42.0029 0.8408 100.0 445.0 550.62 1367.0 1139.67 3.91 5.72 138.17 2211.71 8317.81 1.02 42.48 130.02 2387.79 8083.08 9.4781 0.02 333 2212 100.0 10.63 6.2528
198 148 0.003 0.0 100.0 518.67 643.06 1600.69 1425.38 14.62 21.61 552.25 2388.18 9059.78 1.3 47.94 520.29 2388.16 8133.3 8.4723 0.03 392 2388 100.0 38.7 23.1137
198 149 42.0028 0.84 100.0 445.0 549.9 1359.89 1136.8 3.91 5.72 138.21 2211.78 8324.82 1.02 42.39 130.75 2387.81 8079.49 9.4092 0.02 332 2212 100.0 10.57 6.3475
198 150 24.9981 0.6219 60.0 462.54 537.34 1266.8 1050.38 7.05 9.03 175.31 1915.28 8015.6 0.94 37.07 164.83 2028.08 7868.49 10.924 0.02 308 1915 84.93 14.21 8.46
198 151 20.0042 0.7 100.0 491.19 607.99 1489.06 1263.39 9.35 13.66 333.8 2324.05 8730.44 1.07 44.5 314.9 2388.25 8061.24 9.2733 0.02 368 2324 100.0 24.48 14.4773
198 152 0.0026 0.0 100.0 518.67 643.07 1598.15 1417.71 14.62 21.61 552.48 2388.16 9051.3 1.3 47.86 520.05 2388.15 8128.47 8.4747 0.03 395 2388 100.0 38.69 23.1606
198 153 25.0068 0.62 60.0 462.54 537.33 1266.85 1059.07 7.05 9.03 174.97 1915.27 8019.25 0.94 37.0 164.2 2028.14 7874.18 10.9595 0.02 308 1915 84.93 14.36 8.4144
198 154 42.0012 0.8413 100.0 445.0 549.3 1359.1 1131.03 3.91 5.71 138.57 2211.69 8323.74 1.02 42.36 130.18 2387.88 8086.62 9.4054 0.02 334 2212 100.0 10.48 6.2516
198 155 9.9983 0.25 100.0 489.05 605.12 1512.98 1318.61 10.52 15.5 393.89 2319.03 8778.7 1.26 45.76 370.96 2388.26 8124.14 8.6833 0.03 371 2319 100.0 28.27 17.1506
198 156 0.0014 0.0012 100.0 518.67 643.41 1593.24 1412.18 14.62 21.61 553.12 2388.17 9050.41 1.3 47.81 520.83 2388.19 8136.99 8.4646 0.03 395 2388 100.0 38.65 23.1678
198 157 9.9995 0.2514 100.0 489.05 605.38 1503.93 1323.28 10.52 15.5 393.68 2319.1 8784.98 1.26 45.68 370.69 2388.26 8121.34 8.6855 0.03 372 2319 100.0 28.48 16.9902
198 158 9.9981 0.2519 100.0 489.05 605.11 1504.52 1313.36 10.52 15.5 393.6 2319.05 8775.58 1.26 45.97 370.94 2388.27 8126.24 8.7149 0.03 370 2319 100.0 28.25 16.9815
198 159 41.9985 0.84 100.0 445.0 549.76 1362.09 1135.9 3.91 5.72 138.12 2211.75 8322.15 1.02 42.49 130.25 2387.79 8080.91 9.4333 0.02 333 2212 100.0 10.59 6.304
198 160 10.0051 0.25 100.0 489.05 605.27 1509.03 1323.48 10.52 15.5 393.72 2319.09 8775.83 1.26 45.74 370.64 2388.28 8125.02 8.7158 0.03 370 2319 100.0 28.42 17.0652
198 161 10.0025 0.251 100.0 489.05 605.48 1505.46 1322.2 10.52 15.5 392.31 2319.1 8777.03 1.26 45.69 370.76 2388.28 8122.72 8.7034 0.03 371 2319 100.0 28.37 17.0505
198 162 0.0008 0.0 100.0 518.67 643.24 1595.33 1418.49 14.62 21.61 552.26 2388.24 9053.52 1.3 47.85 520.78 2388.17 8130.06 8.4726 0.03 395 2388 100.0 38.61 23.2042
198 163 25.0045 0.62 60.0 462.54 537.08 1258.03 1058.75 7.05 9.03 174.37 1915.28 8008.51 0.94 36.81 164.17 2028.21 7872.16 10.9769 0.02 307 1915 84.93 14.08 8.5745
198 164 25.0052 0.62 60.0 462.54 537.03 1271.43 1061.5 7.05 9.03 175.15 1915.26 8008.38 0.94 37.13 164.55 2028.25 7872.91 10.9808 0.02 309 1915 84.93 14.34 8.485
198 165 42.0068 0.8407 100.0 445.0 550.11 1357.62 1138.19 3.91 5.72 137.99 2211.77 8320.56 1.02 42.44 130.03 2387.82 8088.03 9.4026 0.02 331 2212 100.0 10.5 6.366
198 166 0.0006 0.0001 100.0 518.67 643.39 1601.28 1420.98 14.62 21.61 552.41 2388.23 9055.63 1.3 47.87 520.67 2388.18 8135.3 8.464 0.03 396 2388 100.0 38.63 23.1883
198 167 42.007 0.8407 100.0 445.0 550.17 1358.71 1132.0 3.91 5.72 137.82 2211.74 8323.11 1.02 42.32 130.48 2387.81 8084.54 9.4323 0.02 333 2212 100.0 10.52 6.2114
198 168 25.0072 0.62 60.0 462.54 536.91 1268.26 1056.03 7.05 9.03 175.0 1915.25 8010.74 0.94 37.06 163.95 2028.07 7865.87 10.9495 0.02 309 1915 84.93 14.2 8.4463
198 169 42.0016 0.84 100.0 445.0 550.33 1361.4 1134.36 3.91 5.71 137.69 2211.75 8325.12 1.02 42.55 130.02 2387.82 8079.79 9.4237 0.02 332 2212 100.0 10.49 6.4016
198 170 20.008 0.7 100.0 491.19 607.7 1488.43 1264.31 9.35 13.66 334.01 2324.07 8723.35 1.08 44.85 313.83 2388.16 8065.51 9.2757 0.02 366 2324 100.0 24.49 14.6386
198 171 42.0003 0.8412 100.0 445.0 549.99 1362.23 1145.57 3.91 5.71 138.19 2211.74 8318.72 1.02 42.36 130.17 2387.83 8077.49 9.4239 0.02 334 2212 100.0 10.58 6.2768
198 172 0.0024 0.0017 100.0 518.67 643.46 1588.04 1413.32 14.62 21.61 552.54 2388.17 9052.89 1.3 48.02 519.74 2388.14 8132.89 8.499 0.03 394 2388 100.0 38.59 23.1527
198 173 42.0053 0.8411 100.0 445.0 550.33 1360.51 1137.95 3.91 5.72 138.56 2211.74 8322.61 1.02 42.47 130.43 2387.83 8076.72 9.4162 0.02 332 2212 100.0 10.57 6.4212
198 174 20.0038 0.7 100.0 491.19 608.17 1489.05 1263.06 9.35 13.66 333.81 2324.03 8726.72 1.08 44.76 313.91 2388.18 8053.3 9.2815 0.03 367 2324 100.0 24.21 14.5239
198 175 34.9982 0.8417 100.0 449.44 556.09 1378.12 1143.9 5.48 8.0 193.59 2222.82 8344.57 1.02 42.4 182.88 2387.92 8067.08 9.3979 0.02 336 2223 100.0 14.8 8.8644
198 176 25.0013 0.6209 60.0 462.54 536.77 1268.31 1058.41 7.05 9.03 175.85 1915.21 8001.81 0.94 37.04 164.39 2028.1 7868.14 10.9978 0.02 309 1915 84.93 13.98 8.4697
198 177 10.0001 0.2515 100.0 489.05 605.32 1504.71 1321.31 10.52 15.5 394.12 2319.11 8779.02 1.26 46.11 370.12 2388.35 8122.75 8.7209 0.03 372 2319 100.0 28.42 17.0536
198 178 35.0007 0.8417 100.0 449.44 556.0 1372.18 1139.7 5.48 8.0 194.61 2222.86 8345.23 1.02 42.32 182.21 2387.92 8061.71 9.3869 0.02 336 2223 100.0 14.64 8.7556
198 179 42.0017 0.84 100.0 445.0 550.62 1355.23 1141.62 3.91 5.72 138.22 2211.72 8317.06 1.02 42.53 130.38 2387.78 8078.7 9.4613 0.02 333 2212 100.0 10.68 6.2774
198 180 41.9994 0.84 100.0 445.0 549.94 1364.74 1141.05 3.91 5.72 138.66 2211.68 8331.12 1.02 42.58 130.57 2387.72 8084.54 9.4405 0.02 333 2212 100.0 10.6 6.3712
198 181 0.0011 0.0003 100.0 518.67 643.39 1594.58 1421.28 14.62 21.61 551.84 2388.27 9056.29 1.3 47.71 519.87 2388.27 8133.13 8.4878 0.03 394 2388 100.0 38.55 23.1324
198 182 25.0039 0.62 60.0 462.54 536.56 1258.83 1061.01 7.05 9.03 174.86 1915.22 8016.15 0.94 37.33 163.98 2028.08 7872.75 10.9853 0.02 309 1915 84.93 14.3 8.5232
198 183 42.0013 0.8412 100.0 445.0 550.15 1364.85 1139.27 3.91 5.72 139.81 2211.68 8335.37 1.02 42.42 130.46 2387.71 8075.88 9.4328 0.02 332 2212 100.0 10.42 6.3179
198 184 42.0004 0.84 100.0 445.0 550.13 1362.36 1133.11 3.91 5.72 138.58 2211.65 8311.02 1.02 42.52 130.43 2387.73 8078.35 9.4347 0.02 334 2212 100.0 10.64 6.3275
198 185 25.0043 0.62 60.0 462.54 536.94 1273.49 1067.7 7.05 9.03 174.62 1915.29 8011.73 0.94 37.11 164.43 2028.16 7873.18 10.9513 0.02 309 1915 84.93 14.03 8.4437
198 186 35.0016 0.84 100.0 449.44 556.38 1371.31 1138.16 5.48 8.0 193.31 2222.87 8353.88 1.02 42.31 182.53 2387.93 8053.68 9.4002 0.02 337 2223 100.0 14.52 8.943
198 187 24.9985 0.6204 60.0 462.54 537.43 1263.56 1062.3 7.05 9.03 174.23 1915.28 8003.53 0.94 37.35 164.49 2028.13 7873.28 10.9765 0.02 309 1915 84.93 14.13 8.5088
198 188 25.0075 0.6201 60.0 462.54 536.77 1271.12 1060.43 7.05 9.03 175.37 1915.18 8009.02 0.94 37.07 164.38 2028.07 7872.18 11.0113 0.02 309 1915 84.93 14.08 8.5633
198 189 42.0077 0.8404 100.0 445.0 550.37 1362.05 1131.8 3.91 5.72 138.95 2211.66 8317.93 1.02 42.61 130.13 2387.76 8079.18 9.4548 0.02 334 2212 100.0 10.51 6.3082
198 190 9.9996 0.25 100.0 489.05 605.69 1508.42 1331.59 10.52 15.5 393.41 2319.2 8780.24 1.26 45.87 370.9 2388.36 8121.05 8.7266 0.03 371 2319 100.0 28.23 16.9864
198 191 20.0005 0.7 100.0 491.19 608.79 1490.14 1269.13 9.35 13.66 333.75 2324.06 8722.75 1.07 45.05 313.87 2388.27 8059.52 9.3026 0.03 368 2324 100.0 24.15 14.6531
198 192 42.0019 0.8403 100.0 445.0 550.32 1367.81 1142.86 3.91 5.72 138.18 2211.59 8316.47 1.02 42.67 130.46 2387.65 8072.26 9.4746 0.02 333 2212 100.0 10.69 6.2972
198 193 25.0052 0.62 60.0 462.54 536.74 1271.22 1063.19 7.05 9.03 174.59 1915.29 8008.92 0.94 37.13 164.51 2028.09 7869.88 11.0186 0.02 307 1915 84.93 14.18 8.462
198 194 25.0019 0.62 60.0 462.54 536.78 1265.02 1068.31 7.05 9.03 175.14 1915.23 8013.86 0.94 37.21 164.29 2028.15 7875.56 10.9941 0.02 308 1915 84.93 14.15 8.4084
198 195 10.0041 0.2501 100.0 489.05 605.98 1506.55 1327.58 10.52 15.5 392.99 2319.15 8781.58 1.26 46.17 370.83 2388.4 8123.49 8.718 0.03 374 2319 100.0 28.45 16.9775
198 196 35.003 0.84 100.0 449.44 556.04 1376.85 1146.47 5.48 8.0 194.26 2222.88 8344.94 1.02 42.57 182.03 2387.97 8059.34 9.3805 0.02 335 2223 100.0 14.69 8.8087
198 197 20.0039 0.7004 100.0 491.19 608.5 1484.96 1270.86 9.35 13.66 333.26 2324.15 8725.08 1.07 44.94 314.61 2388.21 8054.8 9.2752 0.03 369 2324 100.0 24.19 14.5167
198 198 42.0045 0.8417 100.0 445.0 550.56 1359.5 1139.05 3.91 5.72 138.21 2211.66 8324.56 1.02 42.67 130.18 2387.72 8078.05 9.4653 0.02 332 2212 100.0 10.45 6.3233
198 199 25.0061 0.6202 60.0 462.54 537.32 1263.22 1062.02 7.05 9.03 175.49 1915.22 8013.56 0.94 37.11 164.29 2028.11 7870.52 11.016 0.02 309 1915 84.93 14.13 8.5192
198 200 35.004 0.842 100.0 449.44 556.5 1375.58 1146.91 5.48 8.0 194.46 2222.82 8353.26 1.02 42.52 182.4 2387.94 8055.97 9.3946 0.02 337 2223 100.0 14.7 8.7927
198 201 25.0005 0.6202 60.0 462.54 537.21 1274.7 1067.37 7.05 9.03 175.08 1915.21 8010.57 0.94 37.41 163.9 2028.08 7873.54 11.0026 0.02 309 1915 84.93 14.18 8.5243
198 202 25.0041 0.62 60.0 462.54 537.4 1269.25 1064.71 7.05 9.03 175.29 1915.21 8013.12 0.94 37.28 163.53 2028.07 7869.21 11.0138 0.02 310 1915 84.93 14.21 8.398
198 203 0.0022 0.0 100.0 518.67 643.47 1598.71 1433.68 14.62 21.61 551.27 2388.31 9058.19 1.3 48.16 519.89 2388.29 8123.17 8.5009 0.03 395 2388 100.0 38.57 22.9839
198 204 35.0036 0.84 100.0 449.44 555.93 1378.77 1145.39 5.48 8.0 193.73 2222.84 8345.53 1.02 42.74 182.59 2387.88 8057.49 9.418 0.02 337 2223 100.0 14.85 8.8137
198 205 41.9988 0.8401 100.0 445.0 550.13 1368.11 1139.28 3.91 5.72 138.37 2211.63 8321.14 1.02 42.56 129.82 2387.63 8082.04 9.4595 0.02 332 2212 100.0 10.36 6.3091
