14 1 35.0022 0.8412 100.0 449.44 555.92 1359.0 1133.86 5.48 8.0 194.82 2222.8 8339.93 1.02 41.85 183.65 2387.85 8060.27 9.3016 0.02 335 2223 100.0 14.85 8.9672
14 2 9.9984 0.2507 100.0 489.05 604.78 1501.47 1305.91 10.52 15.49 394.48 2318.89 8770.12 1.26 45.36 371.67 2388.08 8124.98 8.6555 0.03 370 2319 100.0 28.73 17.1622
14 3 20.0059 0.7 100.0 491.19 607.19 1477.89 1257.65 9.35 13.65 335.53 2323.91 8721.5 1.08 44.25 315.26 2388.05 8057.11 9.2138 0.02 365 2324 100.0 24.66 14.711
14 4 0.0021 0.0008 100.0 518.67 642.56 1581.04 1405.9 14.62 21.61 553.98 2388.07 9044.65 1.3 47.5 521.64 2388.08 8127.56 8.4505 0.03 392 2388 100.0 38.9 23.4657
14 5 10.0037 0.25 100.0 489.05 604.74 1493.29 1309.37 10.52 15.49 393.98 2318.94 8762.43 1.26 45.15 371.71 2388.06 8117.23 8.6506 0.03 369 2319 100.0 28.51 17.1404
14 6 35.0008 0.8419 100.0 449.44 554.65 1359.71 1121.51 5.48 8.0 194.55 2222.78 8339.38 1.02 41.82 183.03 2387.82 8060.36 9.326 0.02 334 2223 100.0 14.88 8.9334
14 7 20.0027 0.7 100.0 491.19 607.59 1485.43 1259.8 9.35 13.66 333.85 2323.88 8714.48 1.08 44.36 315.41 2388.01 8050.81 9.2167 0.02 364 2324 100.0 24.51 14.6921
14 8 42.0027 0.8415 100.0 445.0 549.5 1354.14 1119.14 3.91 5.71 138.01 2211.7 8314.21 1.02 42.14 131.01 2387.76 8077.07 9.3845 0.02 331 2212 100.0 10.61 6.2273
14 9 0.0013 0.0 100.0 518.67 642.48 1586.67 1404.05 14.62 21.61 553.48 2388.11 9048.07 1.3 47.31 521.86 2388.1 8122.19 8.4321 0.03 393 2388 100.0 38.76 23.3295
14 10 25.0002 0.6215 60.0 462.54 536.72 1252.56 1052.17 7.05 9.02 175.21 1915.16 8000.87 0.94 36.68 164.76 2028.1 7863.13 10.8859 0.02 305 1915 84.93 14.34 8.5795
14 11 19.9999 0.7 100.0 491.19 607.0 1486.11 1245.23 9.35 13.66 334.55 2323.93 8712.92 1.08 44.44 315.59 2387.98 8052.08 9.2066 0.02 363 2324 100.0 24.62 14.6807
14 12 35.0077 0.84 100.0 449.44 555.65 1368.24 1128.52 5.48 8.0 195.31 2222.75 8339.4 1.02 41.96 182.95 2387.86 8055.82 9.316 0.02 330 2223 100.0 14.81 8.8773
14 13 10.006 0.25 100.0 489.05 605.03 1499.42 1305.86 10.52 15.49 394.98 2318.94 8770.28 1.26 45.44 371.33 2388.17 8123.36 8.6542 0.03 368 2319 100.0 28.59 17.0801
14 14 35.0003 0.84 100.0 449.44 555.51 1368.86 1124.93 5.48 8.0 194.25 2222.75 8337.86 1.02 41.83 182.66 2387.85 8057.54 9.2833 0.02 333 2223 100.0 14.73 8.9589
14 15 25.0048 0.6218 60.0 462.54 537.34 1257.54 1046.03 7.05 9.02 176.32 1915.21 8005.73 0.94 36.62 164.82 2028.09 7869.77 10.8746 0.02 306 1915 84.93 14.3 8.4986
14 16 25.0005 0.62 60.0 462.54 537.17 1261.06 1042.2 7.05 9.03 175.51 1915.21 8002.41 0.94 36.79 164.47 2028.11 7867.79 10.8435 0.02 307 1915 84.93 14.3 8.5824
14 17 42.0007 0.842 100.0 445.0 549.9 1348.24 1128.64 3.91 5.71 137.94 2211.76 8309.25 1.02 42.04 130.48 2387.85 8075.75 9.3652 0.02 332 2212 100.0 10.62 6.2355
14 18 0.0026 0.0 100.0 518.67 642.98 1581.1 1409.16 14.62 21.61 553.76 2388.08 9046.81 1.3 47.44 521.7 2388.1 8128.75 8.4495 0.03 392 2388 100.0 38.93 23.3477
14 19 35.0069 0.84 100.0 449.44 555.84 1360.23 1119.5 5.48 8.0 194.54 2222.79 8339.02 1.02 41.77 183.21 2387.84 8054.19 9.3169 0.02 333 2223 100.0 14.68 8.923
14 20 9.9982 0.2508 100.0 489.05 604.92 1499.79 1303.24 10.52 15.49 394.96 2318.92 8764.37 1.26 45.39 372.0 2388.12 8124.12 8.6398 0.03 369 2319 100.0 28.62 17.0703
14 21 42.0051 0.84 100.0 445.0 549.48 1354.29 1130.71 3.91 5.71 138.86 2211.73 8315.01 1.02 41.96 130.42 2387.79 8076.67 9.3303 0.02 330 2212 100.0 10.6 6.3283
14 22 41.9994 0.8406 100.0 445.0 549.87 1345.45 1122.42 3.91 5.72 138.91 2211.72 8306.16 1.02 41.84 130.49 2387.74 8070.72 9.3651 0.02 329 2212 100.0 10.76 6.472
14 23 42.0005 0.84 100.0 445.0 549.35 1352.56 1126.62 3.91 5.71 138.67 2211.68 8310.03 1.02 42.23 130.58 2387.7 8070.39 9.3919 0.02 329 2212 100.0 10.58 6.4333
14 24 42.0017 0.84 100.0 445.0 549.59 1356.08 1124.49 3.91 5.71 139.26 2211.8 8305.78 1.02 42.07 130.65 2387.82 8074.8 9.3278 0.02 330 2212 100.0 10.56 6.465
14 25 10.0028 0.2519 100.0 489.05 604.61 1497.62 1306.15 10.52 15.49 394.64 2318.96 8772.51 1.26 45.39 372.02 2388.08 8121.88 8.64 0.03 371 2319 100.0 28.6 17.1068
14 26 10.0078 0.2515 100.0 489.05 604.92 1494.6 1314.02 10.52 15.5 394.23 2318.92 8759.93 1.26 45.27 371.89 2388.15 8122.73 8.6188 0.03 370 2319 100.0 28.67 17.1289
14 27 20.0035 0.7 100.0 491.19 607.12 1482.91 1246.33 9.35 13.66 334.87 2323.94 8713.36 1.07 44.23 315.21 2388.04 8050.0 9.1837 0.02 364 2324 100.0 24.41 14.6275
14 28 10.005 0.25 100.0 489.05 603.96 1506.95 1309.54 10.52 15.49 394.78 2318.89 8767.67 1.26 45.22 372.1 2388.14 8124.98 8.6794 0.03 368 2319 100.0 28.68 17.1246
14 29 42.0027 0.84 100.0 445.0 549.77 1348.05 1128.61 3.91 5.72 138.67 2211.75 8319.09 1.02 42.14 131.01 2387.86 8073.59 9.3279 0.02 331 2212 100.0 10.51 6.3255
14 30 34.9993 0.8414 100.0 449.44 554.93 1360.99 1127.32 5.48 8.0 194.35 2222.89 8339.24 1.02 41.91 183.59 2387.98 8065.58 9.2897 0.02 333 2223 100.0 14.79 8.9124
14 31 20.0009 0.7007 100.0 491.19 607.53 1482.98 1257.35 9.35 13.66 334.18 2323.89 8718.54 1.08 44.41 315.49 2388.05 8052.36 9.2235 0.02 364 2324 100.0 24.57 14.7029
14 32 20.0029 0.7011 100.0 491.19 607.2 1481.61 1247.28 9.35 13.66 335.26 2323.85 8710.99 1.08 44.23 314.9 2388.03 8050.95 9.2184 0.02 366 2324 100.0 24.51 14.6385
14 33 20.0002 0.701 100.0 491.19 607.47 1483.71 1249.45 9.35 13.65 335.2 2323.87 8715.25 1.08 44.46 315.07 2388.04 8050.91 9.2362 0.02 363 2324 100.0 24.53 14.7394
14 34 10.0036 0.2505 100.0 489.05 604.65 1503.34 1308.24 10.52 15.49 394.77 2318.93 8769.14 1.26 45.43 371.82 2388.12 8116.29 8.6303 0.03 369 2319 100.0 28.54 17.1057
14 35 0.0009 0.0018 100.0 518.67 642.19 1585.47 1401.39 14.62 21.61 553.89 2388.07 9046.45 1.3 47.46 521.96 2388.08 8130.6 8.3797 0.03 392 2388 100.0 38.97 23.3263
14 36 0.0027 0.0 100.0 518.67 643.06 1577.73 1404.2 14.62 21.61 553.77 2388.12 9045.07 1.3 47.46 521.39 2388.04 8124.85 8.4098 0.03 392 2388 100.0 38.78 23.3635
14 37 0.0014 0.0014 100.0 518.67 642.56 1591.92 1403.92 14.62 21.61 553.91 2388.06 9043.09 1.3 47.49 522.08 2388.09 8123.76 8.4437 0.03 391 2388 100.0 38.93 23.3206
14 38 42.0001 0.8415 100.0 445.0 549.54 1355.45 1123.48 3.91 5.71 139.12 2211.74 8312.93 1.02 42.02 130.29 2387.81 8075.01 9.3679 0.02 329 2212 100.0 10.4 6.2699
14 39 9.9994 0.25 100.0 489.05 605.04 1497.13 1302.37 10.52 15.49 393.96 2318.92 8760.82 1.26 45.4 371.59 2388.17 8119.85 8.6615 0.03 369 2319 100.0 28.46 17.2386
14 40 10.0053 0.25 100.0 489.05 604.85 1495.09 1310.79 10.52 15.49 393.62 2318.96 8763.67 1.26 45.37 371.67 2388.16 8121.34 8.6446 0.03 369 2319 100.0 28.62 17.2095
14 41 20.0059 0.7013 100.0 491.19 606.94 1481.15 1244.68 9.35 13.65 334.72 2323.94 8713.04 1.07 44.29 314.8 2388.03 8054.84 9.2104 0.02 365 2324 100.0 24.66 14.6403
14 42 24.9992 0.6204 60.0 462.54 536.75 1264.2 1043.04 7.05 9.03 175.78 1915.16 8005.02 0.94 36.92 165.06 2028.05 7865.05 10.9152 0.02 306 1915 84.93 14.37 8.6063
14 43 35.0046 0.84 100.0 449.44 555.14 1364.61 1131.25 5.48 8.0 194.66 2222.79 8346.88 1.02 41.64 183.36 2387.89 8063.37 9.3096 0.02 334 2223 100.0 14.95 8.9555
14 44 35.0 0.8407 100.0 449.44 555.43 1356.96 1121.05 5.48 8.0 194.45 2222.81 8344.9 1.02 41.89 182.89 2387.82 8052.56 9.3022 0.02 334 2223 100.0 14.85 8.9924
14 45 41.9982 0.8411 100.0 445.0 549.5 1351.07 1128.1 3.91 5.71 139.07 2211.77 8314.49 1.02 42.1 130.36 2387.75 8078.38 9.4046 0.02 331 2212 100.0 10.55 6.4097
14 46 42.0073 0.84 100.0 445.0 549.2 1355.19 1125.81 3.91 5.71 138.9 2211.76 8306.22 1.02 42.17 130.9 2387.73 8074.32 9.3553 0.02 330 2212 100.0 10.61 6.3834
14 47 20.0022 0.7 100.0 491.19 607.84 1488.84 1257.48 9.35 13.65 334.5 2323.94 8713.2 1.08 44.33 314.58 2388.04 8051.48 9.2363 0.02 365 2324 100.0 24.49 14.7384
14 48 20.0051 0.7015 100.0 491.19 606.96 1471.16 1241.96 9.35 13.66 335.13 2323.84 8719.77 1.08 44.44 314.89 2388.0 8056.86 9.2209 0.02 364 2324 100.0 24.54 14.7627
14 49 42.0006 0.84 100.0 445.0 549.99 1350.48 1120.29 3.91 5.72 139.03 2211.76 8317.85 1.02 41.89 130.43 2387.77 8078.37 9.3724 0.02 330 2212 100.0 10.47 6.4104
14 50 25.0045 0.62 60.0 462.54 536.85 1253.77 1044.44 7.05 9.02 175.38 1915.18 7995.93 0.94 36.7 164.57 2028.12 7865.67 10.8707 0.02 306 1915 84.93 14.23 8.6361
14 51 42.0002 0.84 100.0 445.0 549.75 1355.06 1125.37 3.91 5.71 138.66 2211.74 8312.34 1.02 42.05 130.26 2387.82 8080.33 9.3405 0.02 331 2212 100.0 10.44 6.3521
14 52 10.0025 0.2515 100.0 489.05 604.55 1503.27 1299.95 10.52 15.49 394.85 2318.92 8763.33 1.26 45.24 371.76 2388.13 8122.15 8.6508 0.03 370 2319 100.0 28.59 17.0949
14 53 25.0016 0.62 60.0 462.54 536.48 1255.9 1043.67 7.05 9.02 174.94 1915.13 7994.84 0.94 36.68 164.58 2028.12 7867.19 10.9121 0.02 306 1915 84.93 14.32 8.5269
14 54 10.0055 0.2512 100.0 489.05 604.57 1501.4 1306.75 10.52 15.49 393.46 2318.97 8765.31 1.26 45.28 371.94 2388.13 8122.42 8.633 0.03 370 2319 100.0 28.66 17.0499
14 55 10.0026 0.25 100.0 489.05 604.87 1502.74 1307.71 10.52 15.49 395.16 2318.9 8769.74 1.26 45.44 371.07 2388.13 8123.09 8.6807 0.03 370 2319 100.0 28.58 17.0934
14 56 41.9987 0.84 100.0 445.0 549.84 1352.3 1122.14 3.91 5.71 137.82 2211.67 8315.65 1.02 42.06 130.43 2387.77 8067.58 9.3613 0.02 330 2212 100.0 10.72 6.5458
14 57 25.002 0.6214 60.0 462.54 536.46 1258.45 1043.37 7.05 9.03 175.97 1915.14 8002.51 0.94 36.82 164.89 2028.05 7866.11 10.8711 0.02 306 1915 84.93 14.44 8.609
14 58 10.0008 0.2506 100.0 489.05 604.55 1507.23 1319.55 10.52 15.49 394.74 2318.93 8758.35 1.26 45.2 372.14 2388.11 8115.08 8.6674 0.03 368 2319 100.0 28.65 17.1153
14 59 25.0034 0.6213 60.0 462.54 536.6 1261.24 1041.83 7.05 9.02 175.1 1915.2 8001.78 0.94 36.68 164.53 2028.04 7864.69 10.8657 0.02 305 1915 84.93 14.15 8.778
14 60 10.0072 0.2507 100.0 489.05 604.49 1500.06 1300.9 10.52 15.49 394.92 2318.9 8769.7 1.26 45.42 371.97 2388.07 8114.25 8.6647 0.03 369 2319 100.0 28.4 17.1091
14 61 24.9984 0.62 60.0 462.54 536.92 1257.42 1048.57 7.05 9.02 175.45 1915.19 8002.04 0.94 36.58 164.27 2028.04 7864.2 10.8869 0.02 306 1915 84.93 14.43 8.6779
14 62 10.0075 0.25 100.0 489.05 604.59 1498.33 1307.59 10.52 15.49 394.19 2318.91 8769.66 1.26 45.41 372.65 2388.15 8120.45 8.6526 0.03 368 2319 100.0 28.62 17.1565
14 63 0.0026 0.0 100.0 518.67 642.57 1591.83 1404.93 14.62 21.61 553.04 2388.12 9041.41 1.3 47.5 521.73 2388.1 8128.38 8.4133 0.03 394 2388 100.0 38.67 23.3188
14 64 10.0028 0.25 100.0 489.05 604.99 1496.92 1313.03 10.52 15.49 395.31 2318.91 8763.19 1.26 45.52 371.37 2388.16 8121.13 8.6707 0.03 369 2319 100.0 28.6 17.1404
14 65 35.0048 0.84 100.0 449.44 556.02 1363.12 1126.51 5.48 8.0 194.63 2222.76 8347.07 1.02 41.88 183.24 2387.86 8060.45 9.2878 0.02 334 2223 100.0 14.99 8.9468
14 66 0.0023 0.0016 100.0 518.67 642.43 1589.69 1405.5 14.62 21.61 553.01 2388.1 9046.67 1.3 47.49 521.7 2388.09 8127.76 8.4262 0.03 392 2388 100.0 38.99 23.307
14 67 35.0057 0.84 100.0 449.44 555.48 1367.77 1131.87 5.48 8.0 193.84 2222.77 8337.57 1.02 41.88 182.78 2387.78 8060.95 9.3218 0.02 333 2223 100.0 14.96 8.9087
14 68 42.0032 0.8406 100.0 445.0 549.39 1350.25 1119.65 3.91 5.72 139.02 2211.75 8310.51 1.02 42.13 130.73 2387.83 8082.29 9.3821 0.02 329 2212 100.0 10.38 6.3585
14 69 19.9982 0.7 100.0 491.19 607.95 1482.51 1248.84 9.35 13.65 333.84 2323.91 8715.12 1.08 44.48 315.04 2388.06 8056.4 9.2071 0.02 366 2324 100.0 24.42 14.5939
14 70 10.0026 0.251 100.0 489.05 605.12 1500.33 1314.05 10.52 15.49 394.28 2318.92 8770.15 1.26 45.3 371.55 2388.13 8122.29 8.6597 0.03 369 2319 100.0 28.57 17.1291
14 71 42.007 0.84 100.0 445.0 549.9 1351.18 1122.56 3.91 5.72 138.45 2211.76 8313.49 1.02 42.07 130.6 2387.82 8075.06 9.4051 0.02 330 2212 100.0 10.55 6.2836
14 72 35.0078 0.8417 100.0 449.44 555.76 1365.82 1128.95 5.48 8.0 194.61 2222.79 8343.56 1.02 42.02 182.89 2387.83 8061.27 9.3183 0.02 334 2223 100.0 14.76 8.946
14 73 42.0045 0.8403 100.0 445.0 549.34 1352.16 1126.23 3.91 5.71 138.96 2211.68 8307.44 1.02 42.31 130.83 2387.77 8071.9 9.3584 0.02 332 2212 100.0 10.51 6.313
14 74 10.0037 0.25 100.0 489.05 604.17 1495.34 1306.8 10.52 15.49 394.62 2318.89 8759.81 1.26 45.4 371.31 2388.16 8116.68 8.6941 0.03 370 2319 100.0 28.54 17.1962
14 75 0.0011 0.0 100.0 518.67 643.45 1593.73 1406.69 14.62 21.61 554.34 2388.07 9041.41 1.3 47.43 521.76 2388.09 8121.7 8.4239 0.03 393 2388 100.0 38.88 23.2998
14 76 42.0048 0.84 100.0 445.0 550.18 1353.22 1130.1 3.91 5.71 139.16 2211.67 8303.25 1.02 41.98 130.78 2387.79 8068.89 9.3756 0.02 330 2212 100.0 10.64 6.3719
14 77 42.0069 0.84 100.0 445.0 549.69 1347.53 1131.81 3.91 5.71 138.41 2211.71 8312.55 1.02 42.27 130.53 2387.78 8071.31 9.4002 0.02 330 2212 100.0 10.57 6.5148
14 78 0.0023 0.0 100.0 518.67 642.45 1590.96 1402.96 14.62 21.61 553.49 2388.1 9049.16 1.3 47.61 521.89 2388.08 8127.33 8.4165 0.03 394 2388 100.0 38.9 23.3613
14 79 42.0047 0.8418 100.0 445.0 549.44 1354.94 1126.41 3.91 5.71 138.36 2211.69 8309.89 1.02 42.1 130.82 2387.72 8067.44 9.3861 0.02 330 2212 100.0 10.55 6.3596
14 80 41.9995 0.84 100.0 445.0 549.39 1359.26 1127.17 3.91 5.71 139.04 2211.74 8308.32 1.02 42.04 130.3 2387.78 8074.54 9.3415 0.02 331 2212 100.0 10.54 6.3965
14 81 19.9996 0.7013 100.0 491.19 607.95 1480.44 1249.19 9.35 13.65 334.62 2323.95 8709.18 1.08 44.41 314.5 2388.03 8049.33 9.2551 0.02 364 2324 100.0 24.68 14.7494
14 82 42.0042 0.84 100.0 445.0 549.49 1340.77 1128.93 3.91 5.71 138.99 2211.69 8307.48 1.02 42.17 130.41 2387.71 8076.61 9.3985 0.02 328 2212 100.0 10.66 6.3777
14 83 34.9999 0.84 100.0 449.44 556.02 1364.08 1131.88 5.48 8.0 195.54 2222.79 8341.43 1.02 41.99 183.38 2387.86 8058.66 9.3077 0.02 336 2223 100.0 15.04 8.9772
14 84 20.0071 0.7013 100.0 491.19 607.86 1487.7 1253.82 9.35 13.66 334.98 2323.91 8718.8 1.08 44.3 315.11 2388.03 8050.5 9.2398 0.02 365 2324 100.0 24.43 14.6252
14 85 10.0022 0.25 100.0 489.05 603.94 1494.18 1306.65 10.52 15.49 394.86 2318.92 8771.62 1.26 45.53 370.91 2388.19 8117.05 8.6553 0.03 371 2319 100.0 28.6 17.1273
14 86 34.9981 0.8411 100.0 449.44 555.62 1365.43 1130.04 5.48 8.0 194.54 2222.76 8341.99 1.02 42.0 182.76 2387.87 8067.26 9.3404 0.02 336 2223 100.0 14.86 8.8763
14 87 42.0069 0.84 100.0 445.0 549.12 1350.0 1116.62 3.91 5.71 138.77 2211.66 8309.48 1.02 42.11 130.18 2387.77 8078.38 9.4012 0.02 329 2212 100.0 10.54 6.277
14 88 9.9996 0.25 100.0 489.05 604.61 1499.9 1307.34 10.52 15.49 394.46 2318.94 8769.26 1.26 45.41 371.49 2388.12 8119.59 8.6474 0.03 369 2319 100.0 28.7 17.2635
14 89 24.9984 0.62 60.0 462.54 537.15 1258.49 1052.25 7.05 9.02 174.4 1915.12 8001.42 0.94 36.64 164.17 2028.06 7867.01 10.929 0.02 307 1915 84.93 14.27 8.5559
14 90 42.0057 0.84 100.0 445.0 549.22 1354.12 1123.78 3.91 5.72 137.78 2211.68 8313.47 1.02 42.16 131.04 2387.8 8076.37 9.3788 0.02 332 2212 100.0 10.42 6.3457
14 91 20.0035 0.7 100.0 491.19 607.19 1484.27 1249.49 9.35 13.66 334.51 2324.0 8710.52 1.08 44.29 315.24 2388.09 8052.9 9.2505 0.02 366 2324 100.0 24.54 14.7378
14 92 10.0037 0.2503 100.0 489.05 605.18 1499.65 1309.88 10.52 15.49 394.54 2318.95 8765.6 1.26 45.46 371.5 2388.11 8123.77 8.6823 0.03 370 2319 100.0 28.58 17.1633
14 93 41.9989 0.84 100.0 445.0 550.37 1347.24 1125.67 3.91 5.71 138.73 2211.74 8304.37 1.02 42.02 130.51 2387.71 8074.09 9.3725 0.02 331 2212 100.0 10.79 6.3754
14 94 10.0042 0.2503 100.0 489.05 605.12 1503.37 1311.85 10.52 15.49 394.54 2318.93 8774.41 1.26 45.62 371.05 2388.11 8121.75 8.6249 0.03 369 2319 100.0 28.44 17.1311
14 95 20.0039 0.7 100.0 491.19 607.69 1488.63 1250.46 9.35 13.65 334.97 2323.91 8712.23 1.08 44.53 315.08 2388.09 8050.91 9.2263 0.02 366 2324 100.0 24.37 14.757
14 96 0.0005 0.0 100.0 518.67 642.34 1591.43 1409.74 14.62 21.61 552.74 2388.11 9047.74 1.3 47.53 521.56 2388.16 8124.28 8.3858 0.03 391 2388 100.0 38.94 23.4615
14 97 25.0065 0.62 60.0 462.54 537.13 1256.95 1047.09 7.05 9.02 175.14 1915.15 8002.31 0.94 36.78 164.95 2028.07 7866.41 10.9359 0.02 308 1915 84.93 14.37 8.528
14 98 42.0018 0.8401 100.0 445.0 549.71 1359.9 1114.36 3.91 5.72 138.71 2211.66 8308.91 1.02 42.08 130.13 2387.7 8070.17 9.3785 0.02 329 2212 100.0 10.58 6.2979
14 99 20.0064 0.7 100.0 491.19 607.12 1482.2 1251.61 9.35 13.65 334.32 2323.92 8715.95 1.08 44.41 315.27 2388.01 8051.21 9.1759 0.02 368 2324 100.0 24.33 14.7682
14 100 25.0009 0.62 60.0 462.54 536.52 1262.14 1041.17 7.05 9.02 175.31 1915.15 7997.44 0.94 36.62 165.06 2028.06 7865.5 10.9188 0.02 307 1915 84.93 14.34 8.544
14 101 34.9981 0.8404 100.0 449.44 555.5 1361.85 1133.84 5.48 8.0 194.47 2222.78 8344.82 1.02 42.04 183.02 2387.87 8058.14 9.3457 0.02 335 2223 100.0 14.75 8.9358
14 102 10.001 0.25 100.0 489.05 604.54 1501.41 1312.49 10.52 15.49 394.22 2318.95 8771.15 1.26 45.42 371.86 2388.14 8119.54 8.6653 0.03 370 2319 100.0 28.61 17.1647
14 103 35.0028 0.84 100.0 449.44 556.11 1365.11 1133.2 5.48 8.0 194.04 2222.79 8347.99 1.02 42.07 183.23 2387.87 8065.12 9.3467 0.02 333 2223 100.0 14.61 8.863
14 104 25.0039 0.6203 60.0 462.54 536.67 1262.57 1052.13 7.05 9.03 175.64 1915.15 8002.7 0.94 36.76 164.98 2028.06 7858.26 10.8958 0.02 308 1915 84.93 14.26 8.477
14 105 42.0076 0.84 100.0 445.0 549.76 1353.93 1121.08 3.91 5.71 138.54 2211.7 8322.73 1.02 42.18 130.4 2387.78 8076.69 9.3549 0.02 330 2212 100.0 10.59 6.3555
14 106 25.0021 0.62 60.0 462.54 536.39 1253.78 1051.93 7.05 9.03 175.44 1915.16 8008.17 0.94 36.65 164.49 2028.07 7863.68 10.907 0.02 305 1915 84.93 14.25 8.4849
14 107 20.0073 0.7 100.0 491.19 607.71 1482.02 1251.77 9.35 13.66 334.59 2323.87 8717.78 1.08 44.39 314.97 2388.05 8057.08 9.204 0.02 365 2324 100.0 24.17 14.6546
14 108 20.0064 0.7017 100.0 491.19 607.34 1485.19 1253.15 9.35 13.66 334.48 2323.87 8713.39 1.08 44.3 314.82 2388.1 8051.33 9.2381 0.02 363 2324 100.0 24.28 14.7238
14 109 25.0017 0.62 60.0 462.54 537.13 1260.01 1054.43 7.05 9.03 175.42 1915.1 8001.4 0.94 36.88 163.87 2028.04 7864.06 10.8933 0.02 307 1915 84.93 14.42 8.5014
14 110 10.0028 0.2503 100.0 489.05 604.98 1506.91 1319.39 10.52 15.49 394.65 2318.96 8779.26 1.26 45.36 371.5 2388.2 8121.49 8.6451 0.03 368 2319 100.0 28.45 17.0748
14 111 42.0055 0.84 100.0 445.0 549.74 1348.8 1123.74 3.91 5.72 138.99 2211.65 8307.6 1.02 42.23 130.43 2387.75 8070.16 9.3688 0.02 331 2212 100.0 10.61 6.3901
14 112 10.0022 0.25 100.0 489.05 605.15 1497.97 1310.18 10.52 15.5 394.4 2318.94 8764.92 1.26 45.63 371.62 2388.19 8116.66 8.6681 0.03 369 2319 100.0 28.64 17.122
14 113 42.0068 0.84 100.0 445.0 549.46 1358.9 1121.91 3.91 5.71 138.21 2211.66 8313.68 1.02 42.26 130.71 2387.75 8068.49 9.3788 0.02 331 2212 100.0 10.49 6.2963
14 114 35.0059 0.84 100.0 449.44 555.56 1366.93 1132.27 5.48 8.0 194.59 2222.74 8344.81 1.02 42.02 183.33 2387.83 8061.25 9.3834 0.02 335 2223 100.0 14.65 8.8897
14 115 10.0002 0.2501 100.0 489.05 604.85 1501.26 1318.0 10.52 15.49 394.3 2319.01 8766.02 1.26 45.47 370.98 2388.16 8121.0 8.6938 0.03 369 2319 100.0 28.48 17.0787
14 116 20.002 0.7018 100.0 491.19 607.67 1484.66 1256.1 9.35 13.66 334.06 2323.91 8719.88 1.07 44.47 315.36 2388.09 8057.8 9.257 0.03 366 2324 100.0 24.58 14.7485
14 117 0.0016 0.0011 100.0 518.67 642.48 1586.44 1410.65 14.62 21.61 553.9 2388.12 9039.74 1.3 47.56 521.69 2388.14 8123.59 8.4461 0.03 392 2388 100.0 38.81 23.2459
14 118 35.0008 0.84 100.0 449.44 555.58 1359.76 1138.47 5.48 8.0 194.38 2222.76 8346.39 1.02 42.02 183.23 2387.82 8059.52 9.3036 0.02 334 2223 100.0 14.86 8.9449
14 119 10.007 0.25 100.0 489.05 604.86 1507.43 1313.96 10.52 15.5 394.67 2318.99 8770.55 1.26 45.49 371.68 2388.18 8117.16 8.6556 0.03 369 2319 100.0 28.31 17.0381
14 120 35.0048 0.84 100.0 449.44 556.08 1364.69 1131.7 5.48 8.0 194.14 2222.76 8340.08 1.02 42.06 182.6 2387.87 8057.43 9.3297 0.02 334 2223 100.0 14.66 8.8904
14 121 0.0028 0.0015 100.0 518.67 642.31 1587.97 1410.38 14.62 21.61 553.04 2388.11 9046.48 1.3 47.56 521.54 2388.17 8121.49 8.4274 0.03 394 2388 100.0 38.9 23.197
14 122 42.0064 0.8417 100.0 445.0 549.37 1357.26 1131.41 3.91 5.71 137.92 2211.66 8313.47 1.02 42.28 130.13 2387.66 8074.65 9.4149 0.02 332 2212 100.0 10.45 6.3492
14 123 0.0003 0.0 100.0 518.67 643.02 1593.52 1408.7 14.62 21.61 552.94 2388.16 9042.34 1.3 47.69 521.62 2388.14 8123.67 8.4715 0.03 392 2388 100.0 38.64 23.1746
14 124 42.0031 0.84 100.0 445.0 549.14 1351.51 1128.85 3.91 5.72 139.45 2211.65 8307.72 1.02 42.25 130.31 2387.65 8073.25 9.3791 0.02 331 2212 100.0 10.64 6.4224
14 125 42.0001 0.8402 100.0 445.0 550.04 1357.46 1131.3 3.91 5.71 138.95 2211.64 8316.0 1.02 42.16 130.12 2387.66 8075.0 9.3743 0.02 331 2212 100.0 10.67 6.3465
14 126 35.0049 0.84 100.0 449.44 555.7 1359.23 1134.28 5.48 8.0 194.76 2222.74 8339.05 1.02 42.0 183.14 2387.9 8062.4 9.333 0.02 334 2223 100.0 14.76 8.9275
14 127 35.004 0.8413 100.0 449.44 556.06 1369.57 1121.57 5.48 8.0 194.78 2222.76 8335.74 1.02 41.97 182.1 2387.81 8047.82 9.3352 0.02 334 2223 100.0 14.68 8.933
14 128 20.0077 0.7012 100.0 491.19 607.88 1491.15 1258.73 9.35 13.65 334.02 2323.95 8714.59 1.07 44.53 314.19 2388.21 8054.85 9.2587 0.02 367 2324 100.0 24.41 14.6157
14 129 35.0007 0.8416 100.0 449.44 555.28 1362.61 1137.05 5.48 8.0 194.51 2222.75 8345.81 1.02 41.97 183.19 2387.78 8054.07 9.3572 0.02 334 2223 100.0 14.68 8.8091
14 130 25.0025 0.6205 60.0 462.54 536.19 1258.57 1051.06 7.05 9.03 175.64 1915.13 8002.56 0.94 36.89 164.52 2027.95 7868.88 10.9357 0.02 307 1915 84.93 14.28 8.6002
14 131 9.9992 0.25 100.0 489.05 604.51 1495.63 1314.84 10.52 15.49 393.37 2319.09 8767.0 1.26 45.61 371.88 2388.25 8119.52 8.6753 0.03 369 2319 100.0 28.47 17.1001
14 132 10.0068 0.2517 100.0 489.05 605.59 1498.58 1320.16 10.52 15.49 394.46 2318.98 8770.64 1.26 45.59 371.49 2388.19 8116.58 8.6971 0.03 369 2319 100.0 28.61 17.0942
14 133 25.0034 0.62 60.0 462.54 537.41 1261.73 1051.89 7.05 9.02 175.98 1915.12 8007.39 0.94 36.66 164.29 2028.01 7868.61 10.9079 0.02 307 1915 84.93 14.39 8.5311
14 134 41.9988 0.8401 100.0 445.0 549.32 1355.65 1129.62 3.91 5.72 138.1 2211.67 8309.7 1.02 42.15 130.25 2387.65 8070.86 9.3822 0.02 331 2212 100.0 10.67 6.3188
14 135 35.0003 0.84 100.0 449.44 556.1 1367.27 1135.21 5.48 8.0 194.15 2222.66 8340.87 1.02 42.03 182.91 2387.76 8052.38 9.3066 0.02 333 2223 100.0 14.87 8.8384
14 136 25.0043 0.6203 60.0 462.54 537.31 1263.09 1049.78 7.05 9.02 175.56 1915.11 8001.23 0.94 37.03 164.16 2028.0 7861.81 10.9168 0.02 307 1915 84.93 14.12 8.6472
14 137 10.0035 0.25 100.0 489.05 605.31 1502.59 1315.03 10.52 15.5 395.41 2319.07 8764.68 1.26 45.8 371.27 2388.22 8117.92 8.6852 0.03 369 2319 100.0 28.3 17.0006
14 138 35.0061 0.8406 100.0 449.44 555.92 1369.64 1133.94 5.48 8.0 194.65 2222.75 8339.89 1.02 41.97 182.7 2387.85 8057.14 9.3975 0.02 334 2223 100.0 14.86 8.9088
14 139 25.0046 0.6218 60.0 462.54 536.87 1259.37 1042.72 7.05 9.03 175.42 1915.12 8007.29 0.94 36.86 164.35 2027.99 7865.7 10.9377 0.02 307 1915 84.93 14.35 8.4787
14 140 35.0035 0.8409 100.0 449.44 556.5 1367.13 1138.64 5.48 8.0 193.9 2222.73 8339.11 1.02 41.97 182.62 2387.82 8061.51 9.3341 0.02 335 2223 100.0 14.99 8.7405
14 141 10.0021 0.25 100.0 489.05 605.16 1507.16 1315.51 10.52 15.49 393.44 2319.05 8767.26 1.26 45.62 371.18 2388.19 8115.83 8.7183 0.03 370 2319 100.0 28.32 17.2035
14 142 35.0069 0.8405 100.0 449.44 555.82 1371.76 1133.75 5.48 8.0 194.24 2222.73 8341.48 1.02 42.06 182.74 2387.86 8057.47 9.357 0.02 335 2223 100.0 14.77 8.8554
14 143 25.0068 0.6215 60.0 462.54 537.18 1262.58 1058.06 7.05 9.03 175.53 1915.11 7995.84 0.94 36.89 164.28 2028.0 7866.89 10.9594 0.02 307 1915 84.93 14.25 8.5904
14 144 25.007 0.6216 60.0 462.54 536.81 1270.21 1051.88 7.05 9.03 175.34 1915.12 7996.58 0.94 36.91 164.34 2027.96 7861.01 10.9452 0.02 308 1915 84.93 14.19 8.6488
14 145 42.0025 0.84 100.0 445.0 550.08 1358.72 1129.83 3.91 5.71 138.86 2211.61 8309.96 1.02 42.44 130.24 2387.65 8071.31 9.3836 0.02 332 2212 100.0 10.5 6.232
14 146 20.0034 0.7013 100.0 491.19 608.18 1495.12 1249.67 9.35 13.65 333.59 2323.96 8708.72 1.07 44.77 314.6 2388.19 8049.83 9.2558 0.02 367 2324 100.0 24.32 14.6503
14 147 35.0002 0.8402 100.0 449.44 555.52 1370.93 1132.01 5.48 8.0 194.45 2222.73 8340.08 1.02 42.1 182.68 2387.77 8053.33 9.3839 0.02 334 2223 100.0 14.62 8.9872
14 148 20.0075 0.7 100.0 491.19 607.48 1492.15 1266.58 9.35 13.66 334.18 2324.02 8711.02 1.08 44.63 314.22 2388.11 8046.64 9.2341 0.02 365 2324 100.0 24.32 14.65
14 149 35.003 0.8408 100.0 449.44 555.74 1363.07 1138.74 5.48 8.0 194.88 2222.63 8340.93 1.02 42.08 182.33 2387.79 8049.51 9.4125 0.02 334 2223 100.0 14.98 8.8906
14 150 20.004 0.7 100.0 491.19 608.29 1487.98 1258.46 9.35 13.66 334.41 2323.94 8706.15 1.08 44.73 314.23 2388.13 8049.82 9.2403 0.03 364 2324 100.0 24.29 14.741
14 151 35.001 0.84 100.0 449.44 556.33 1372.26 1137.73 5.48 8.0 194.27 2222.71 8338.1 1.02 42.08 182.63 2387.8 8055.25 9.3519 0.02 335 2223 100.0 14.94 8.7989
14 152 20.0067 0.7 100.0 491.19 607.36 1482.81 1261.75 9.35 13.66 333.76 2323.97 8714.85 1.07 44.8 314.73 2388.09 8046.84 9.2377 0.03 368 2324 100.0 24.35 14.6403
14 153 25.0062 0.62 60.0 462.54 536.42 1267.04 1056.74 7.05 9.03 175.33 1915.08 7998.12 0.94 36.91 164.46 2027.99 7858.83 10.943 0.02 309 1915 84.93 14.16 8.5608
14 154 0.0004 0.0014 100.0 518.67 643.35 1594.49 1412.39 14.62 21.61 552.88 2388.21 9039.91 1.3 47.55 520.71 2388.22 8117.28 8.4665 0.03 394 2388 100.0 38.54 23.3
14 155 10.0051 0.2507 100.0 489.05 605.54 1509.75 1316.52 10.52 15.5 393.43 2319.1 8768.98 1.26 45.81 371.22 2388.25 8113.96 8.6851 0.03 371 2319 100.0 28.43 17.061
14 156 35.007 0.84 100.0 449.44 556.51 1365.87 1139.17 5.48 8.0 193.48 2222.7 8337.7 1.02 42.12 182.84 2387.79 8057.61 9.3552 0.02 335 2223 100.0 14.71 8.8292
14 157 19.9999 0.7018 100.0 491.19 607.53 1487.59 1255.99 9.35 13.66 334.18 2323.97 8706.36 1.07 44.6 314.33 2388.17 8048.24 9.2459 0.02 366 2324 100.0 24.35 14.5961
14 158 42.0064 0.8419 100.0 445.0 549.78 1358.71 1134.53 3.91 5.71 138.18 2211.52 8313.42 1.02 42.34 129.89 2387.54 8063.87 9.436 0.02 331 2212 100.0 10.62 6.307
14 159 42.0052 0.8412 100.0 445.0 550.4 1365.42 1133.2 3.91 5.71 138.56 2211.52 8307.68 1.02 42.17 130.1 2387.53 8066.2 9.3971 0.02 332 2212 100.0 10.63 6.3297
14 160 10.0018 0.25 100.0 489.05 605.37 1508.52 1314.41 10.52 15.5 394.01 2319.11 8763.57 1.26 45.73 371.1 2388.26 8115.9 8.6589 0.03 371 2319 100.0 28.56 17.1102
14 161 0.0012 0.0008 100.0 518.67 643.51 1600.04 1413.32 14.62 21.61 552.34 2388.23 9042.71 1.3 47.97 520.16 2388.26 8121.04 8.476 0.03 396 2388 100.0 38.65 23.1247
14 162 42.0057 0.8413 100.0 445.0 550.03 1350.04 1135.8 3.91 5.71 138.98 2211.45 8304.84 1.02 42.37 130.18 2387.47 8064.3 9.4458 0.02 331 2212 100.0 10.66 6.332
14 163 42.004 0.8416 100.0 445.0 549.68 1366.54 1138.69 3.91 5.71 139.04 2211.55 8306.24 1.02 42.49 130.59 2387.57 8068.81 9.383 0.02 332 2212 100.0 10.54 6.3004
14 164 10.0071 0.25 100.0 489.05 605.62 1508.01 1314.49 10.52 15.5 393.88 2319.12 8760.01 1.26 45.83 370.99 2388.28 8113.94 8.7321 0.03 371 2319 100.0 28.55 17.0397
14 165 35.0077 0.84 100.0 449.44 556.1 1374.5 1141.05 5.48 8.0 193.85 2222.64 8333.97 1.02 42.24 183.25 2387.72 8044.42 9.3973 0.02 336 2223 100.0 14.73 8.9746
14 166 20.0037 0.7 100.0 491.19 608.1 1493.34 1258.29 9.35 13.66 334.56 2323.99 8712.76 1.07 44.7 314.78 2388.13 8045.5 9.2912 0.03 366 2324 100.0 24.17 14.5553
14 167 20.0068 0.7003 100.0 491.19 608.38 1485.83 1263.89 9.35 13.66 334.31 2323.99 8714.13 1.08 44.72 314.72 2388.13 8047.63 9.2858 0.02 367 2324 100.0 24.26 14.64
14 168 20.0052 0.7019 100.0 491.19 607.77 1487.48 1260.17 9.35 13.66 333.35 2324.04 8707.11 1.07 44.8 314.07 2388.08 8044.88 9.2688 0.03 368 2324 100.0 24.33 14.5402
14 169 35.0009 0.84 100.0 449.44 556.38 1376.79 1127.55 5.48 8.0 193.91 2222.67 8336.29 1.02 42.45 183.26 2387.67 8050.47 9.3846 0.02 335 2223 100.0 14.71 8.8652
14 170 34.9995 0.84 100.0 449.44 556.32 1374.6 1140.4 5.48 8.0 193.94 2222.62 8335.15 1.02 42.39 183.25 2387.72 8052.54 9.4219 0.02 337 2223 100.0 14.78 8.7926
14 171 0.0005 0.0008 100.0 518.67 643.06 1603.03 1425.11 14.62 21.61 552.02 2388.23 9038.5 1.3 47.79 520.18 2388.28 8114.39 8.5013 0.03 396 2388 100.0 38.55 23.0947
14 172 34.9995 0.8414 100.0 449.44 556.09 1372.88 1145.88 5.48 8.0 193.07 2222.62 8334.64 1.02 42.35 183.07 2387.67 8043.64 9.4056 0.02 337 2223 100.0 14.57 8.8941
14 173 20.0014 0.7 100.0 491.19 608.44 1487.66 1265.01 9.35 13.66 333.78 2324.0 8700.39 1.07 44.91 313.81 2388.08 8036.63 9.2907 0.03 367 2324 100.0 24.43 14.5693
14 174 25.0075 0.62 60.0 462.54 536.64 1267.27 1060.07 7.05 9.02 174.46 1915.04 7997.76 0.94 37.06 164.52 2027.91 7863.28 10.9752 0.02 307 1915 84.93 14.19 8.547
14 175 0.0028 0.0006 100.0 518.67 643.57 1598.87 1415.06 14.62 21.61 551.25 2388.21 9039.46 1.3 48.13 520.09 2388.24 8116.96 8.5103 0.03 395 2388 100.0 38.64 23.0926
14 176 25.0001 0.62 60.0 462.54 536.88 1265.03 1055.77 7.05 9.03 174.7 1915.06 7999.78 0.94 37.26 164.59 2027.87 7861.56 10.9519 0.02 311 1915 84.93 14.34 8.4538
14 177 25.0012 0.62 60.0 462.54 537.14 1267.28 1059.11 7.05 9.03 175.34 1914.98 7996.46 0.94 37.07 164.48 2027.82 7863.14 10.9933 0.02 309 1915 84.93 14.17 8.4015
14 178 42.0014 0.8419 100.0 445.0 550.31 1357.47 1140.73 3.91 5.72 137.8 2211.46 8311.14 1.02 42.71 129.89 2387.45 8066.2 9.4711 0.02 331 2212 100.0 10.47 6.3079
14 179 0.0009 0.0 100.0 518.67 642.82 1596.18 1427.8 14.62 21.61 551.7 2388.29 9043.79 1.3 47.88 520.06 2388.29 8116.45 8.4858 0.03 394 2388 100.0 38.51 23.1276
14 180 34.9985 0.84 100.0 449.44 555.97 1368.21 1145.43 5.48 8.0 193.5 2222.59 8331.6 1.02 42.23 183.0 2387.64 8045.34 9.3546 0.02 336 2223 100.0 14.84 8.7081
14 181 20.0 0.7 100.0 491.19 608.21 1497.48 1263.88 9.35 13.66 333.76 2323.99 8703.81 1.07 44.94 313.97 2388.15 8040.66 9.2542 0.02 367 2324 100.0 24.31 14.5603
14 182 25.0079 0.6217 60.0 462.54 536.82 1265.56 1061.12 7.05 9.03 174.68 1914.94 7996.83 0.94 37.16 164.58 2027.83 7855.88 10.9853 0.02 311 1915 84.93 14.21 8.5325
14 183 0.0021 0.0 100.0 518.67 643.6 1593.94 1426.35 14.62 21.61 552.02 2388.26 9031.41 1.3 48.12 520.26 2388.27 8111.0 8.4846 0.03 396 2388 100.0 38.61 23.0342
14 184 25.003 0.62 60.0 462.54 537.59 1270.15 1067.49 7.05 9.03 174.82 1914.93 7998.35 0.94 37.15 164.42 2027.79 7857.73 11.002 0.02 309 1915 84.93 14.22 8.5461
14 185 20.0045 0.7 100.0 491.19 608.44 1493.81 1267.82 9.35 13.66 333.66 2324.05 8705.83 1.07 44.91 314.2 2388.1 8038.78 9.3075 0.03 370 2324 100.0 24.19 14.4688
14 186 42.002 0.84 100.0 445.0 550.47 1360.67 1139.56 3.91 5.71 138.16 2211.36 8301.64 1.02 42.85 130.25 2387.34 8062.27 9.4765 0.02 332 2212 100.0 10.39 6.3321
14 187 20.0022 0.7003 100.0 491.19 608.22 1502.16 1263.85 9.35 13.66 333.35 2324.03 8708.84 1.07 45.07 314.11 2388.14 8036.53 9.3401 0.03 369 2324 100.0 24.32 14.7583
14 188 19.9999 0.7009 100.0 491.19 608.7 1501.66 1260.9 9.35 13.66 333.19 2324.05 8713.96 1.07 45.06 314.14 2388.12 8039.79 9.286 0.03 367 2324 100.0 24.17 14.5913
14 189 0.0022 0.0 100.0 518.67 643.65 1601.01 1426.72 14.62 21.61 551.17 2388.3 9033.07 1.3 48.01 519.52 2388.35 8107.48 8.5468 0.03 395 2388 100.0 38.41 23.0953
14 190 0.0013 0.0019 100.0 518.67 643.14 1597.85 1432.38 14.62 21.61 551.21 2388.33 9026.76 1.3 48.17 519.92 2388.29 8106.15 8.5044 0.03 396 2388 100.0 38.6 22.9999
14 191 42.0065 0.84 100.0 445.0 550.42 1369.46 1139.35 3.91 5.72 137.94 2211.27 8301.08 1.02 42.67 129.79 2387.33 8060.82 9.4851 0.02 333 2212 100.0 10.41 6.3462
14 192 42.0025 0.8403 100.0 445.0 549.95 1359.61 1146.01 3.91 5.71 137.72 2211.3 8296.1 1.02 42.79 130.16 2387.33 8060.29 9.4766 0.02 333 2212 100.0 10.53 6.2863
14 193 42.0021 0.84 100.0 445.0 550.64 1371.16 1146.4 3.91 5.72 138.17 2211.19 8297.05 1.02 42.68 129.66 2387.28 8055.88 9.4741 0.02 335 2212 100.0 10.39 6.2488
15 1 0.0018 -0.0003 100.0 518.67 642.51 1589.9 1407.33 14.62 21.61 552.74 2388.12 9057.17 1.3 47.74 521.66 2388.06 8136.59 8.4428 0.03 394 2388 100.0 38.79 23.2583
15 2 -0.0012 0.0 100.0 518.67 642.47 1591.78 1413.42 14.62 21.61 553.55 2388.15 9051.46 1.3 47.65 521.1 2388.16 8137.52 8.4127 0.03 394 2388 100.0 38.88 23.192
15 3 0.0017 0.0004 100.0 518.67 642.71 1594.08 1406.59 14.62 21.61 553.03 2388.08 9059.1 1.3 47.64 521.4 2388.12 8137.02 8.478 0.03 393 2388 100.0 38.68 23.2699
15 4 0.0002 0.0 100.0 518.67 643.01 1587.71 1414.2 14.62 21.61 554.0 2388.12 9056.53 1.3 47.62 521.34 2388.09 8139.37 8.4513 0.03 393 2388 100.0 38.52 23.353
15 5 -0.0004 -0.0001 100.0 518.67 643.05 1587.36 1404.69 14.62 21.61 553.01 2388.12 9058.03 1.3 47.45 521.32 2388.1 8132.02 8.4529 0.03 393 2388 100.0 38.74 23.2412
15 6 0.0023 -0.0004 100.0 518.67 642.44 1588.73 1417.56 14.62 21.61 553.12 2388.07 9058.41 1.3 47.5 520.66 2388.16 8138.18 8.4404 0.03 393 2388 100.0 38.79 23.3692
15 7 -0.0006 0.0003 100.0 518.67 642.6 1592.91 1411.79 14.62 21.61 552.51 2388.1 9062.55 1.3 47.5 521.55 2388.09 8136.57 8.448 0.03 394 2388 100.0 39.0 23.2617
15 8 0.0001 -0.0002 100.0 518.67 642.68 1590.22 1402.52 14.62 21.61 553.5 2388.1 9059.58 1.3 47.52 521.31 2388.12 8137.51 8.4505 0.03 395 2388 100.0 38.77 23.2676
15 9 -0.0014 -0.0004 100.0 518.67 642.35 1595.22 1411.18 14.62 21.61 553.52 2388.12 9050.75 1.3 47.48 521.43 2388.07 8138.42 8.4572 0.03 392 2388 100.0 38.8 23.3025
15 10 -0.0006 0.0001 100.0 518.67 643.11 1594.08 1415.99 14.62 21.61 553.08 2388.09 9063.67 1.3 47.51 521.14 2388.13 8139.13 8.4354 0.03 394 2388 100.0 38.6 23.2165
15 11 0.002 0.0005 100.0 518.67 642.43 1590.54 1413.38 14.62 21.61 552.84 2388.1 9056.58 1.3 47.65 521.07 2388.14 8138.83 8.4421 0.03 393 2388 100.0 38.74 23.2988
15 12 -0.0018 -0.0002 100.0 518.67 642.07 1591.51 1412.65 14.62 21.61 552.7 2388.17 9064.82 1.3 47.46 521.31 2388.1 8139.59 8.4412 0.03 394 2388 100.0 38.66 23.2339
15 13 -0.0018 -0.0001 100.0 518.67 642.84 1599.0 1412.77 14.62 21.61 553.36 2388.11 9054.7 1.3 47.77 521.51 2388.11 8135.88 8.4451 0.03 394 2388 100.0 38.78 23.2599
15 14 -0.0019 -0.0004 100.0 518.67 642.37 1586.02 1405.02 14.62 21.61 553.28 2388.13 9059.32 1.3 47.35 521.65 2388.14 8138.14 8.4689 0.03 394 2388 100.0 38.74 23.2551
15 15 -0.0034 -0.0001 100.0 518.67 642.45 1586.38 1410.45 14.62 21.61 552.85 2388.12 9054.71 1.3 47.63 521.04 2388.12 8135.54 8.4088 0.03 393 2388 100.0 38.82 23.3263
15 16 -0.0045 0.0002 100.0 518.67 642.61 1596.39 1408.61 14.62 21.61 553.45 2388.13 9052.4 1.3 47.66 521.72 2388.1 8135.58 8.4802 0.03 394 2388 100.0 38.71 23.2571
15 17 0.0033 0.0001 100.0 518.67 643.14 1593.07 1409.92 14.62 21.61 553.9 2388.15 9057.82 1.3 47.57 521.8 2388.11 8142.0 8.444 0.03 394 2388 100.0 38.76 23.2318
15 18 0.0032 0.0003 100.0 518.67 642.75 1596.05 1409.22 14.62 21.61 552.92 2388.14 9057.64 1.3 47.55 521.65 2388.12 8131.51 8.4644 0.03 393 2388 100.0 38.76 23.3294
15 19 0.0035 0.0003 100.0 518.67 642.59 1587.44 1406.8 14.62 21.61 552.87 2388.06 9056.04 1.3 47.57 520.97 2388.1 8139.05 8.458 0.03 393 2388 100.0 38.65 23.1842
15 20 0.0037 0.0003 100.0 518.67 643.17 1595.95 1403.23 14.62 21.61 552.74 2388.1 9061.58 1.3 47.66 521.17 2388.12 8134.1 8.4345 0.03 395 2388 100.0 38.71 23.365
15 21 -0.0022 -0.0004 100.0 518.67 643.07 1593.6 1412.48 14.62 21.61 553.06 2388.12 9060.44 1.3 47.74 521.88 2388.13 8140.97 8.4776 0.03 394 2388 100.0 38.85 23.3033
15 22 0.0013 -0.0003 100.0 518.67 642.42 1587.2 1412.99 14.62 21.61 552.61 2388.16 9060.48 1.3 47.65 521.51 2388.13 8135.06 8.4576 0.03 393 2388 100.0 38.63 23.2599
15 23 0.0017 0.0004 100.0 518.67 642.68 1584.75 1407.0 14.62 21.61 553.33 2388.12 9060.55 1.3 47.52 521.48 2388.11 8140.73 8.4597 0.03 394 2388 100.0 38.88 23.2396
15 24 0.0016 -0.0002 100.0 518.67 642.76 1588.59 1398.02 14.62 21.61 553.71 2388.12 9062.35 1.3 47.51 521.17 2388.13 8138.41 8.4538 0.03 391 2388 100.0 38.85 23.2116
15 25 -0.0022 -0.0004 100.0 518.67 642.12 1595.12 1415.62 14.62 21.61 553.4 2388.09 9056.42 1.3 47.83 521.47 2388.11 8138.95 8.4616 0.03 393 2388 100.0 38.53 23.3127
15 26 -0.0029 0.0001 100.0 518.67 642.43 1595.41 1417.74 14.62 21.61 553.87 2388.13 9064.46 1.3 47.34 521.18 2388.08 8145.83 8.4399 0.03 394 2388 100.0 38.96 23.3749
15 27 -0.0003 -0.0002 100.0 518.67 642.53 1591.8 1418.13 14.62 21.61 553.51 2388.13 9053.22 1.3 47.53 521.3 2388.17 8139.95 8.4552 0.03 393 2388 100.0 38.66 23.2789
15 28 -0.0019 -0.0002 100.0 518.67 642.88 1579.99 1413.64 14.62 21.61 552.94 2388.11 9060.22 1.3 47.77 520.98 2388.14 8139.97 8.4507 0.03 395 2388 100.0 38.78 23.2599
15 29 -0.0003 -0.0002 100.0 518.67 642.59 1588.33 1414.44 14.62 21.61 552.78 2388.1 9061.51 1.3 47.59 520.93 2388.09 8131.1 8.4282 0.03 395 2388 100.0 38.85 23.3366
15 30 -0.0028 0.0005 100.0 518.67 642.09 1578.99 1416.51 14.62 21.61 552.52 2388.13 9050.71 1.3 47.53 521.35 2388.12 8136.91 8.4339 0.03 394 2388 100.0 38.84 23.2356
15 31 -0.0017 -0.0001 100.0 518.67 642.31 1597.52 1406.69 14.62 21.61 553.01 2388.12 9055.05 1.3 47.65 520.56 2388.17 8143.92 8.4521 0.03 394 2388 100.0 38.86 23.2374
15 32 0.0012 0.0002 100.0 518.67 642.63 1592.75 1413.89 14.62 21.61 552.82 2388.09 9056.43 1.3 47.59 521.34 2388.18 8138.16 8.4388 0.03 393 2388 100.0 38.69 23.3078
15 33 0.001 0.0001 100.0 518.67 642.92 1587.72 1408.94 14.62 21.61 553.37 2388.12 9057.02 1.3 47.73 521.2 2388.09 8136.36 8.4314 0.03 393 2388 100.0 38.5 23.2066
15 34 0.002 -0.0 100.0 518.67 643.01 1586.56 1414.15 14.62 21.61 553.32 2388.12 9057.6 1.3 47.51 521.5 2388.1 8138.45 8.4803 0.03 392 2388 100.0 38.8 23.1989
15 35 -0.003 0.0002 100.0 518.67 642.65 1592.04 1413.19 14.62 21.61 553.94 2388.16 9055.96 1.3 47.55 521.22 2388.11 8138.28 8.4593 0.03 393 2388 100.0 38.72 23.3308
15 36 -0.0036 0.0004 100.0 518.67 642.97 1585.71 1406.04 14.62 21.61 553.37 2388.11 9053.44 1.3 47.53 521.14 2388.18 8136.94 8.4645 0.03 393 2388 100.0 38.87 23.2278
15 37 0.0028 0.0003 100.0 518.67 643.17 1590.83 1413.49 14.62 21.61 552.86 2388.11 9056.97 1.3 47.57 520.89 2388.14 8131.8 8.4635 0.03 394 2388 100.0 38.71 23.2551
15 38 -0.0038 0.0002 100.0 518.67 642.97 1593.02 1407.08 14.62 21.61 553.2 2388.1 9065.38 1.3 47.6 521.58 2388.1 8138.82 8.4958 0.03 393 2388 100.0 38.83 23.3563
15 39 -0.0057 -0.0001 100.0 518.67 642.77 1592.74 1407.71 14.62 21.61 552.67 2388.11 9058.46 1.3 47.52 521.06 2388.13 8136.97 8.4337 0.03 395 2388 100.0 38.76 23.266
15 40 0.003 0.0003 100.0 518.67 642.76 1594.17 1417.29 14.62 21.61 553.54 2388.13 9056.91 1.3 47.59 521.37 2388.16 8136.49 8.4535 0.03 393 2388 100.0 38.82 23.2868
15 41 -0.0031 0.0005 100.0 518.67 642.39 1589.03 1414.03 14.62 21.61 553.37 2388.11 9055.36 1.3 47.53 521.5 2388.08 8135.13 8.4397 0.03 393 2388 100.0 38.86 23.2576
15 42 -0.0004 0.0002 100.0 518.67 643.24 1593.09 1412.26 14.62 21.61 553.29 2388.12 9054.05 1.3 47.7 521.37 2388.17 8137.66 8.4334 0.03 394 2388 100.0 38.94 23.3154
15 43 -0.0014 0.0002 100.0 518.67 642.17 1593.13 1413.11 14.62 21.61 552.97 2388.12 9056.73 1.3 47.59 521.47 2388.11 8139.79 8.4553 0.03 394 2388 100.0 38.97 23.243
15 44 -0.0007 0.0004 100.0 518.67 642.54 1596.14 1412.0 14.62 21.61 553.01 2388.09 9057.24 1.3 47.44 521.42 2388.08 8131.01 8.4481 0.03 393 2388 100.0 38.75 23.3489
15 45 0.0001 0.0003 100.0 518.67 642.88 1591.44 1412.98 14.62 21.61 552.74 2388.17 9056.6 1.3 47.36 520.94 2388.12 8134.83 8.4624 0.03 392 2388 100.0 38.93 23.1487
15 46 0.0041 0.0002 100.0 518.67 642.84 1586.58 1413.18 14.62 21.61 553.16 2388.11 9050.91 1.3 47.56 521.49 2388.09 8142.07 8.449 0.03 392 2388 100.0 38.79 23.3394
15 47 -0.0016 -0.0 100.0 518.67 643.59 1594.24 1405.54 14.62 21.61 553.19 2388.11 9051.12 1.3 47.55 521.24 2388.09 8137.04 8.4468 0.03 394 2388 100.0 38.88 23.2342
15 48 -0.0016 0.0003 100.0 518.67 643.08 1592.5 1412.73 14.62 21.61 552.91 2388.11 9058.66 1.3 47.52 521.57 2388.08 8140.3 8.4553 0.03 393 2388 100.0 39.0 23.3252
15 49 0.0014 0.0 100.0 518.67 642.58 1586.79 1405.19 14.62 21.61 553.01 2388.18 9062.55 1.3 47.51 520.66 2388.13 8133.28 8.4618 0.03 394 2388 100.0 38.74 23.2866
15 50 -0.0049 0.0001 100.0 518.67 642.71 1588.27 1413.66 14.62 21.61 552.51 2388.11 9062.52 1.3 47.56 520.53 2388.14 8135.69 8.4517 0.03 393 2388 100.0 38.76 23.165
15 51 0.0016 -0.0001 100.0 518.67 642.8 1591.8 1411.77 14.62 21.61 552.77 2388.12 9056.54 1.3 47.63 521.49 2388.16 8141.61 8.4456 0.03 394 2388 100.0 38.68 23.2839
15 52 0.0009 0.0002 100.0 518.67 642.99 1590.85 1408.07 14.62 21.61 552.75 2388.07 9055.36 1.3 47.85 520.78 2388.11 8132.42 8.4537 0.03 394 2388 100.0 38.73 23.357
15 53 -0.0016 -0.0 100.0 518.67 642.87 1597.55 1407.06 14.62 21.61 553.1 2388.16 9056.31 1.3 47.53 521.15 2388.05 8136.56 8.4583 0.03 393 2388 100.0 38.69 23.2811
15 54 0.0007 -0.0003 100.0 518.67 642.56 1582.86 1405.92 14.62 21.61 553.62 2388.09 9060.23 1.3 47.61 521.42 2388.09 8135.28 8.4189 0.03 392 2388 100.0 38.9 23.2707
15 55 0.0001 -0.0001 100.0 518.67 642.37 1584.34 1418.0 14.62 21.61 552.99 2388.09 9055.54 1.3 47.5 521.58 2388.08 8137.2 8.4578 0.03 394 2388 100.0 38.83 23.3223
15 56 -0.0017 0.0004 100.0 518.67 643.28 1594.49 1415.94 14.62 21.61 552.65 2388.14 9054.77 1.3 47.47 521.35 2388.14 8138.31 8.4456 0.03 394 2388 100.0 38.83 23.2463
15 57 -0.0015 0.0004 100.0 518.67 643.06 1590.73 1413.68 14.62 21.61 552.98 2388.14 9065.47 1.3 47.8 522.03 2388.13 8143.43 8.4814 0.03 394 2388 100.0 38.83 23.2753
15 58 0.0008 0.0 100.0 518.67 643.08 1588.86 1412.99 14.62 21.61 552.37 2388.14 9060.92 1.3 47.57 520.96 2388.12 8139.29 8.4269 0.03 393 2388 100.0 38.68 23.1533
15 59 -0.0012 0.0 100.0 518.67 643.34 1588.1 1412.04 14.62 21.61 553.52 2388.14 9062.33 1.3 47.51 520.73 2388.09 8135.96 8.4597 0.03 394 2388 100.0 38.65 23.2602
15 60 0.0026 -0.0002 100.0 518.67 643.21 1592.91 1409.51 14.62 21.61 553.81 2388.08 9062.13 1.3 47.61 521.55 2388.1 8138.0 8.4281 0.03 394 2388 100.0 38.81 23.2846
15 61 -0.0006 0.0005 100.0 518.67 642.98 1587.04 1421.74 14.62 21.61 553.15 2388.14 9059.21 1.3 47.56 521.63 2388.1 8135.65 8.4206 0.03 393 2388 100.0 38.69 23.1422
15 62 0.0008 -0.0004 100.0 518.67 642.98 1596.09 1413.17 14.62 21.61 554.07 2388.14 9061.18 1.3 47.75 521.17 2388.12 8136.38 8.502 0.03 394 2388 100.0 38.65 23.243
15 63 -0.0057 -0.0004 100.0 518.67 643.02 1587.61 1405.47 14.62 21.61 553.63 2388.14 9058.36 1.3 47.68 520.69 2388.13 8138.12 8.4233 0.03 394 2388 100.0 38.82 23.264
15 64 0.0013 0.0003 100.0 518.67 642.61 1592.95 1414.44 14.62 21.61 553.74 2388.16 9052.55 1.3 47.66 521.72 2388.11 8135.01 8.4768 0.03 394 2388 100.0 38.64 23.2975
15 65 -0.0023 0.0005 100.0 518.67 643.14 1586.32 1413.09 14.62 21.61 552.97 2388.09 9053.67 1.3 47.92 520.84 2388.13 8135.93 8.4409 0.03 393 2388 100.0 38.94 23.1683
15 66 -0.0017 0.0 100.0 518.67 642.14 1591.59 1410.74 14.62 21.61 552.88 2388.15 9060.8 1.3 47.53 521.46 2388.13 8139.39 8.418 0.03 395 2388 100.0 38.79 23.3916
15 67 0.0032 -0.0 100.0 518.67 642.7 1583.59 1418.22 14.62 21.61 552.79 2388.05 9066.54 1.3 47.33 521.25 2388.14 8139.49 8.4252 0.03 394 2388 100.0 38.6 23.2996
15 68 0.0016 0.0003 100.0 518.67 643.18 1592.85 1411.32 14.62 21.61 553.45 2388.17 9058.88 1.3 47.55 521.28 2388.15 8140.94 8.4576 0.03 393 2388 100.0 38.94 23.2269
15 69 -0.0029 -0.0004 100.0 518.67 642.81 1582.91 1417.73 14.62 21.61 552.99 2388.13 9063.53 1.3 47.55 521.47 2388.09 8138.01 8.4452 0.03 395 2388 100.0 38.82 23.4117
15 70 -0.0009 0.0005 100.0 518.67 642.91 1595.32 1399.73 14.62 21.61 553.91 2388.07 9057.97 1.3 47.7 521.76 2388.12 8140.54 8.5182 0.03 393 2388 100.0 38.76 23.2938
15 71 0.0034 0.0002 100.0 518.67 642.99 1591.1 1411.04 14.62 21.61 553.88 2388.11 9066.12 1.3 47.58 521.48 2388.15 8134.8 8.4667 0.03 392 2388 100.0 38.68 23.2291
15 72 -0.001 -0.0 100.0 518.67 643.28 1591.78 1413.51 14.62 21.61 553.41 2388.17 9057.09 1.3 47.61 521.04 2388.15 8129.08 8.4707 0.03 394 2388 100.0 38.74 23.3179
15 73 0.0002 -0.0003 100.0 518.67 642.46 1591.7 1413.37 14.62 21.61 553.11 2388.12 9051.78 1.3 47.71 520.73 2388.1 8139.25 8.4918 0.03 395 2388 100.0 38.79 23.1348
15 74 0.001 0.0004 100.0 518.67 642.83 1592.32 1415.64 14.62 21.61 553.88 2388.05 9057.22 1.3 47.43 521.45 2388.12 8143.68 8.4646 0.03 393 2388 100.0 38.87 23.3438
15 75 0.0018 -0.0 100.0 518.67 642.39 1588.88 1413.71 14.62 21.61 552.68 2388.11 9054.78 1.3 47.81 520.69 2388.17 8141.05 8.4492 0.03 394 2388 100.0 38.89 23.1811
15 76 0.0018 -0.0002 100.0 518.67 643.09 1591.55 1408.49 14.62 21.61 553.35 2388.18 9059.43 1.3 47.58 521.02 2388.15 8138.0 8.467 0.03 393 2388 100.0 38.67 23.2568
15 77 -0.0007 -0.0003 100.0 518.67 642.55 1598.31 1413.85 14.62 21.61 553.72 2388.11 9061.05 1.3 47.76 521.01 2388.09 8139.83 8.4573 0.03 394 2388 100.0 38.77 23.1237
15 78 -0.0004 -0.0 100.0 518.67 642.98 1590.49 1410.82 14.62 21.61 552.79 2388.09 9063.91 1.3 47.62 521.1 2388.07 8132.75 8.4579 0.03 394 2388 100.0 38.73 23.2488
15 79 0.0018 0.0004 100.0 518.67 643.42 1589.8 1409.72 14.62 21.61 553.88 2388.1 9061.42 1.3 47.64 521.1 2388.13 8136.93 8.4386 0.03 395 2388 100.0 38.62 23.3149
15 80 -0.0017 -0.0003 100.0 518.67 642.73 1586.15 1409.77 14.62 21.61 553.37 2388.16 9059.77 1.3 47.74 520.89 2388.1 8136.46 8.4447 0.03 394 2388 100.0 38.72 23.2432
15 81 -0.0007 0.0005 100.0 518.67 642.93 1589.46 1415.0 14.62 21.61 553.48 2388.15 9061.08 1.3 47.72 520.58 2388.12 8138.2 8.446 0.03 394 2388 100.0 38.58 23.1344
15 82 0.0009 0.0001 100.0 518.67 643.53 1592.54 1409.16 14.62 21.61 553.04 2388.12 9058.09 1.3 47.78 521.14 2388.1 8136.15 8.4651 0.03 394 2388 100.0 38.74 23.2424
15 83 0.0033 0.0003 100.0 518.67 642.99 1594.85 1405.02 14.62 21.61 553.16 2388.17 9061.2 1.3 47.62 521.25 2388.2 8139.54 8.4557 0.03 394 2388 100.0 38.86 23.2253
15 84 -0.0008 -0.0004 100.0 518.67 642.94 1595.54 1407.87 14.62 21.61 553.14 2388.13 9062.07 1.3 47.68 521.27 2388.09 8144.3 8.429 0.03 393 2388 100.0 38.67 23.275
15 85 0.002 0.0004 100.0 518.67 642.46 1587.65 1420.4 14.62 21.61 553.12 2388.15 9059.31 1.3 47.64 520.47 2388.07 8138.99 8.4425 0.03 393 2388 100.0 38.73 23.3377
15 86 -0.0009 -0.0 100.0 518.67 642.68 1597.59 1412.2 14.62 21.61 552.75 2388.12 9051.49 1.3 47.55 521.09 2388.15 8139.25 8.4891 0.03 393 2388 100.0 38.67 23.244
15 87 -0.0025 -0.0003 100.0 518.67 642.71 1595.03 1411.22 14.62 21.61 553.14 2388.08 9063.83 1.3 47.66 521.29 2388.14 8145.95 8.4663 0.03 392 2388 100.0 38.64 23.3332
15 88 -0.0007 -0.0 100.0 518.67 642.88 1590.71 1416.44 14.62 21.61 553.66 2388.13 9065.03 1.3 47.77 520.42 2388.13 8136.96 8.4728 0.03 394 2388 100.0 38.82 23.3446
15 89 -0.0035 -0.0001 100.0 518.67 642.63 1585.8 1408.9 14.62 21.61 553.01 2388.14 9059.39 1.3 47.62 520.89 2388.08 8136.23 8.4481 0.03 394 2388 100.0 38.77 23.3253
15 90 0.0019 0.0004 100.0 518.67 643.06 1593.91 1414.1 14.62 21.61 552.45 2388.15 9064.47 1.3 47.6 520.94 2388.16 8137.33 8.4827 0.03 391 2388 100.0 38.76 23.3247
15 91 -0.0024 -0.0001 100.0 518.67 642.44 1588.2 1418.7 14.62 21.61 552.98 2388.16 9058.06 1.3 47.63 520.71 2388.12 8139.14 8.4508 0.03 395 2388 100.0 38.79 23.2476
15 92 0.0011 -0.0003 100.0 518.67 642.99 1589.97 1410.52 14.62 21.61 553.19 2388.14 9060.83 1.3 47.66 521.42 2388.12 8134.16 8.5015 0.03 395 2388 100.0 38.84 23.1868
15 93 -0.0002 0.0003 100.0 518.67 643.02 1587.58 1414.16 14.62 21.61 552.58 2388.09 9062.55 1.3 47.82 521.39 2388.16 8140.17 8.4725 0.03 394 2388 100.0 38.71 23.3154
15 94 0.0006 -0.0003 100.0 518.67 643.24 1587.43 1417.51 14.62 21.61 553.38 2388.13 9052.45 1.3 47.61 521.27 2388.19 8142.46 8.4365 0.03 391 2388 100.0 38.8 23.3322
15 95 0.0031 0.0004 100.0 518.67 642.88 1596.64 1410.04 14.62 21.61 552.81 2388.14 9066.48 1.3 47.67 520.99 2388.13 8136.65 8.472 0.03 392 2388 100.0 38.76 23.3652
15 96 0.0019 0.0004 100.0 518.67 642.87 1590.88 1411.79 14.62 21.61 553.43 2388.17 9055.87 1.3 47.69 521.28 2388.11 8133.94 8.449 0.03 392 2388 100.0 38.78 23.2036
15 97 -0.0037 0.0004 100.0 518.67 643.02 1588.17 1415.65 14.62 21.61 553.63 2388.17 9056.27 1.3 47.61 520.73 2388.11 8138.48 8.4758 0.03 393 2388 100.0 38.97 23.2979
15 98 0.0011 0.0004 100.0 518.67 643.09 1585.07 1411.18 14.62 21.61 552.94 2388.13 9063.28 1.3 47.79 521.02 2388.19 8136.2 8.4737 0.03 392 2388 100.0 38.68 23.1601
15 99 -0.0019 -0.0003 100.0 518.67 642.19 1596.16 1403.01 14.62 21.61 553.2 2388.08 9064.0 1.3 47.59 520.96 2388.06 8138.25 8.4283 0.03 392 2388 100.0 38.87 23.1129
15 100 0.0004 -0.0005 100.0 518.67 643.28 1591.93 1400.19 14.62 21.61 552.89 2388.13 9062.52 1.3 47.73 520.74 2388.17 8134.48 8.4565 0.03 395 2388 100.0 38.62 23.3003
15 101 0.0018 -0.0003 100.0 518.67 643.4 1590.91 1413.97 14.62 21.61 552.67 2388.07 9060.41 1.3 47.64 520.93 2388.16 8139.49 8.4588 0.03 394 2388 100.0 38.62 23.323
15 102 -0.0 -0.0004 100.0 518.67 642.77 1594.05 1418.87 14.62 21.61 552.65 2388.13 9060.88 1.3 47.65 520.48 2388.19 8140.71 8.4934 0.03 395 2388 100.0 38.8 23.2456
15 103 0.0014 0.0002 100.0 518.67 642.79 1589.14 1409.51 14.62 21.61 552.63 2388.16 9055.08 1.3 47.58 520.85 2388.12 8141.02 8.4727 0.03 394 2388 100.0 38.55 23.2344
15 104 0.0014 -0.0002 100.0 518.67 643.47 1592.22 1410.65 14.62 21.61 553.41 2388.16 9064.77 1.3 47.64 521.39 2388.1 8141.53 8.4818 0.03 393 2388 100.0 38.84 23.3266
15 105 -0.0015 0.0003 100.0 518.67 643.04 1595.26 1418.5 14.62 21.61 553.37 2388.14 9053.74 1.3 47.53 521.04 2388.15 8142.29 8.4835 0.03 394 2388 100.0 38.81 23.2224
15 106 -0.0 -0.0004 100.0 518.67 642.72 1589.45 1408.07 14.62 21.61 553.55 2388.11 9054.22 1.3 47.79 521.27 2388.13 8142.59 8.4422 0.03 394 2388 100.0 38.76 23.3547
15 107 -0.001 0.0 100.0 518.67 642.64 1586.73 1414.29 14.62 21.61 551.65 2388.21 9062.29 1.3 47.47 520.99 2388.12 8139.53 8.4505 0.03 394 2388 100.0 38.93 23.239
15 108 0.0039 0.0005 100.0 518.67 642.34 1594.19 1415.4 14.62 21.61 553.11 2388.13 9061.09 1.3 47.88 521.12 2388.09 8139.83 8.4429 0.03 395 2388 100.0 38.66 23.1599
15 109 0.001 -0.0003 100.0 518.67 642.95 1592.74 1415.38 14.62 21.61 552.9 2388.1 9066.85 1.3 47.62 521.25 2388.1 8133.98 8.4568 0.03 394 2388 100.0 38.83 23.2193
15 110 0.0005 -0.0003 100.0 518.67 642.59 1596.75 1416.36 14.62 21.61 552.27 2388.1 9066.1 1.3 47.84 521.35 2388.11 8142.44 8.4486 0.03 394 2388 100.0 38.59 23.2744
15 111 0.0004 0.0005 100.0 518.67 643.16 1597.37 1414.24 14.62 21.61 552.34 2388.12 9056.87 1.3 47.66 521.11 2388.15 8143.92 8.4496 0.03 393 2388 100.0 38.66 23.2392
15 112 -0.0034 -0.0001 100.0 518.67 642.84 1587.6 1413.14 14.62 21.61 553.14 2388.16 9068.71 1.3 47.82 520.92 2388.2 8142.21 8.4723 0.03 394 2388 100.0 38.8 23.258
15 113 0.0005 0.0004 100.0 518.67 642.94 1591.94 1418.14 14.62 21.61 552.99 2388.14 9053.98 1.3 47.59 520.97 2388.11 8140.24 8.456 0.03 394 2388 100.0 38.65 23.2502
15 114 -0.0022 -0.0004 100.0 518.67 642.64 1595.99 1416.19 14.62 21.61 552.17 2388.08 9061.62 1.3 47.53 520.98 2388.14 8137.74 8.4911 0.03 393 2388 100.0 38.75 23.2225
15 115 0.0009 -0.0004 100.0 518.67 642.69 1590.24 1422.27 14.62 21.61 552.79 2388.21 9066.03 1.3 47.66 520.39 2388.11 8133.58 8.4552 0.03 394 2388 100.0 38.53 23.3074
15 116 -0.0032 0.0 100.0 518.67 642.67 1589.53 1415.19 14.62 21.61 553.01 2388.15 9063.28 1.3 47.74 520.89 2388.18 8140.16 8.5104 0.03 393 2388 100.0 38.74 23.1819
15 117 -0.0 0.0003 100.0 518.67 643.53 1589.89 1415.33 14.62 21.61 552.72 2388.15 9063.34 1.3 47.84 521.34 2388.14 8140.81 8.4642 0.03 394 2388 100.0 38.65 23.2445
15 118 0.0026 0.0 100.0 518.67 642.61 1599.21 1418.02 14.62 21.61 553.61 2388.12 9062.84 1.3 47.57 520.54 2388.11 8138.73 8.4419 0.03 395 2388 100.0 38.66 23.2162
15 119 0.0001 -0.0 100.0 518.67 642.93 1592.89 1424.36 14.62 21.61 552.86 2388.13 9067.22 1.3 47.86 521.29 2388.16 8141.06 8.4539 0.03 394 2388 100.0 38.72 23.2078
15 120 0.0008 -0.0001 100.0 518.67 643.13 1600.52 1413.99 14.62 21.61 553.07 2388.16 9059.11 1.3 47.78 520.63 2388.16 8137.38 8.4498 0.03 394 2388 100.0 38.62 23.2362
15 121 0.0014 0.0004 100.0 518.67 642.91 1595.41 1422.45 14.62 21.61 553.26 2388.19 9062.72 1.3 47.68 520.51 2388.12 8136.23 8.4543 0.03 395 2388 100.0 38.83 23.1913
15 122 -0.0008 -0.0001 100.0 518.67 642.6 1589.15 1420.0 14.62 21.61 552.56 2388.18 9069.1 1.3 47.78 520.77 2388.17 8137.2 8.4859 0.03 394 2388 100.0 38.58 23.2626
15 123 0.0024 -0.0002 100.0 518.67 642.58 1600.75 1407.56 14.62 21.61 553.17 2388.13 9065.91 1.3 47.77 520.97 2388.1 8140.23 8.4881 0.03 396 2388 100.0 38.63 23.1861
15 124 0.0008 0.0002 100.0 518.67 643.29 1593.63 1419.53 14.62 21.61 552.71 2388.12 9061.07 1.3 47.8 520.52 2388.12 8139.3 8.4695 0.03 393 2388 100.0 38.88 23.19
15 125 -0.0026 -0.0001 100.0 518.67 643.12 1593.78 1409.81 14.62 21.61 552.91 2388.22 9058.04 1.3 47.64 521.03 2388.17 8138.26 8.4552 0.03 395 2388 100.0 38.68 23.2046
15 126 -0.0043 0.0003 100.0 518.67 643.15 1594.77 1413.91 14.62 21.61 552.15 2388.16 9066.29 1.3 47.89 520.98 2388.11 8138.58 8.461 0.03 393 2388 100.0 38.49 23.2235
15 127 0.0003 -0.0002 100.0 518.67 642.66 1606.45 1416.35 14.62 21.61 552.18 2388.14 9062.69 1.3 47.94 520.83 2388.17 8141.33 8.4871 0.03 394 2388 100.0 38.48 23.1521
15 128 -0.0 0.0003 100.0 518.67 643.49 1591.95 1412.12 14.62 21.61 552.2 2388.1 9062.9 1.3 47.68 520.72 2388.18 8142.06 8.5229 0.03 393 2388 100.0 38.67 23.2318
15 129 0.001 -0.0003 100.0 518.67 643.72 1592.65 1416.96 14.62 21.61 552.22 2388.15 9066.99 1.3 47.8 521.14 2388.19 8138.5 8.4807 0.03 396 2388 100.0 38.73 23.2455
15 130 -0.0014 0.0 100.0 518.67 643.25 1599.73 1414.8 14.62 21.61 552.2 2388.11 9064.61 1.3 47.71 521.01 2388.19 8137.36 8.4927 0.03 395 2388 100.0 38.81 23.1329
15 131 -0.0036 0.0003 100.0 518.67 642.51 1591.58 1408.37 14.62 21.61 552.9 2388.07 9060.41 1.3 47.8 521.49 2388.19 8141.77 8.4672 0.03 395 2388 100.0 38.73 23.2273
15 132 0.0002 0.0002 100.0 518.67 643.12 1590.0 1420.14 14.62 21.61 552.86 2388.15 9065.63 1.3 47.7 520.69 2388.18 8139.18 8.4708 0.03 394 2388 100.0 38.49 23.2032
15 133 0.0005 0.0002 100.0 518.67 643.36 1594.61 1416.67 14.62 21.61 552.15 2388.15 9065.0 1.3 47.81 520.87 2388.13 8137.92 8.4745 0.03 396 2388 100.0 38.7 23.236
15 134 -0.001 0.0001 100.0 518.67 642.81 1592.73 1421.12 14.62 21.61 552.89 2388.14 9061.47 1.3 47.82 520.68 2388.17 8135.51 8.4861 0.03 393 2388 100.0 38.73 23.2376
15 135 -0.0014 -0.0001 100.0 518.67 643.45 1601.71 1411.6 14.62 21.61 552.35 2388.16 9067.04 1.3 47.8 520.55 2388.14 8138.93 8.4464 0.03 394 2388 100.0 38.58 23.2432
15 136 -0.0002 0.0 100.0 518.67 642.91 1594.51 1412.08 14.62 21.61 553.01 2388.2 9065.19 1.3 47.81 521.42 2388.18 8149.7 8.4732 0.03 396 2388 100.0 38.85 23.2817
15 137 -0.0007 0.0005 100.0 518.67 643.25 1592.43 1409.04 14.62 21.61 552.79 2388.14 9064.26 1.3 47.69 520.85 2388.16 8139.48 8.5021 0.03 394 2388 100.0 38.69 23.2524
15 138 0.0006 0.0004 100.0 518.67 643.17 1597.79 1416.15 14.62 21.61 552.54 2388.12 9060.5 1.3 47.81 520.8 2388.14 8136.76 8.4605 0.03 395 2388 100.0 38.43 23.2183
15 139 0.0014 0.0004 100.0 518.67 642.99 1594.26 1409.3 14.62 21.61 552.73 2388.18 9069.53 1.3 47.8 521.1 2388.19 8142.46 8.4696 0.03 396 2388 100.0 38.79 23.2223
15 140 -0.0007 0.0005 100.0 518.67 642.85 1596.69 1423.89 14.62 21.61 552.16 2388.13 9073.52 1.3 47.69 520.47 2388.14 8136.83 8.4581 0.03 396 2388 100.0 38.58 23.1854
15 141 0.0001 -0.0001 100.0 518.67 643.33 1599.15 1415.26 14.62 21.61 552.05 2388.2 9064.99 1.3 47.78 520.63 2388.23 8140.65 8.4759 0.03 395 2388 100.0 38.65 23.1667
15 142 0.0011 -0.0004 100.0 518.67 642.9 1600.18 1415.04 14.62 21.61 552.21 2388.16 9069.6 1.3 47.97 520.75 2388.16 8135.66 8.46 0.03 395 2388 100.0 38.64 23.1459
15 143 0.0025 0.0 100.0 518.67 643.15 1601.02 1421.61 14.62 21.61 552.89 2388.13 9067.65 1.3 47.8 520.55 2388.15 8139.54 8.4657 0.03 395 2388 100.0 38.47 23.2531
15 144 0.0008 0.0003 100.0 518.67 643.13 1605.08 1417.49 14.62 21.61 552.73 2388.16 9065.39 1.3 47.74 520.18 2388.18 8139.67 8.4622 0.03 395 2388 100.0 38.78 23.3316
15 145 -0.0016 -0.0003 100.0 518.67 642.58 1593.29 1416.62 14.62 21.61 552.08 2388.19 9060.43 1.3 47.9 520.58 2388.17 8138.17 8.5175 0.03 393 2388 100.0 38.97 23.2162
15 146 0.0031 0.0001 100.0 518.67 643.02 1596.42 1419.74 14.62 21.61 552.55 2388.19 9067.54 1.3 47.87 520.7 2388.17 8142.03 8.4838 0.03 397 2388 100.0 38.61 23.166
15 147 -0.002 0.0004 100.0 518.67 643.09 1592.39 1417.82 14.62 21.61 553.28 2388.19 9064.7 1.3 47.78 520.58 2388.17 8143.31 8.4405 0.03 395 2388 100.0 38.52 23.1642
15 148 0.0012 0.0001 100.0 518.67 643.54 1596.22 1411.81 14.62 21.61 552.27 2388.23 9063.76 1.3 47.66 520.31 2388.17 8139.98 8.4762 0.03 394 2388 100.0 38.61 23.1681
15 149 -0.0016 0.0003 100.0 518.67 643.31 1592.4 1427.71 14.62 21.61 552.6 2388.15 9063.0 1.3 47.67 520.3 2388.22 8137.4 8.5191 0.03 395 2388 100.0 38.65 23.2281
15 150 -0.0016 0.0004 100.0 518.67 643.16 1597.95 1418.92 14.62 21.61 551.82 2388.18 9071.16 1.3 47.74 520.32 2388.18 8144.64 8.481 0.03 392 2388 100.0 38.67 23.1042
15 151 -0.0012 0.0 100.0 518.67 643.0 1597.1 1414.96 14.62 21.61 551.95 2388.19 9065.18 1.3 47.67 521.29 2388.22 8143.36 8.4791 0.03 395 2388 100.0 38.68 23.1996
15 152 -0.001 0.0004 100.0 518.67 643.39 1597.54 1417.53 14.62 21.61 552.12 2388.16 9053.76 1.3 47.75 520.84 2388.22 8143.24 8.492 0.03 394 2388 100.0 38.64 23.1078
15 153 0.0013 -0.0004 100.0 518.67 643.59 1594.06 1419.86 14.62 21.61 552.59 2388.18 9063.86 1.3 47.8 520.62 2388.17 8143.39 8.4783 0.03 395 2388 100.0 38.59 23.1277
15 154 -0.0007 0.0005 100.0 518.67 643.54 1596.27 1409.36 14.62 21.61 552.21 2388.15 9073.8 1.3 47.77 521.09 2388.16 8145.66 8.5026 0.03 394 2388 100.0 38.73 23.1101
15 155 -0.0 0.0005 100.0 518.67 643.4 1595.33 1424.45 14.62 21.61 552.57 2388.2 9065.65 1.3 47.74 520.18 2388.16 8144.76 8.5062 0.03 394 2388 100.0 38.65 23.1966
15 156 -0.0009 0.0002 100.0 518.67 643.18 1591.05 1419.59 14.62 21.61 552.83 2388.17 9070.07 1.3 47.89 520.88 2388.09 8140.92 8.4678 0.03 395 2388 100.0 38.78 23.1708
15 157 0.0019 -0.0002 100.0 518.67 643.57 1599.3 1421.58 14.62 21.61 551.85 2388.2 9060.71 1.3 47.98 520.13 2388.17 8141.73 8.5188 0.03 396 2388 100.0 38.67 23.1495
15 158 -0.0003 0.0002 100.0 518.67 643.28 1594.7 1424.83 14.62 21.61 552.06 2388.17 9069.23 1.3 47.76 521.01 2388.14 8141.8 8.5003 0.03 395 2388 100.0 38.88 23.2257
15 159 0.003 -0.0001 100.0 518.67 643.27 1597.03 1416.82 14.62 21.61 552.88 2388.16 9067.49 1.3 47.97 520.15 2388.17 8144.45 8.4774 0.03 394 2388 100.0 38.55 23.1505
15 160 0.0007 0.0005 100.0 518.67 643.32 1604.94 1416.87 14.62 21.61 551.51 2388.21 9070.31 1.3 47.92 520.39 2388.17 8142.35 8.4811 0.03 395 2388 100.0 38.58 23.1206
15 161 0.0031 -0.0004 100.0 518.67 643.42 1593.62 1412.69 14.62 21.61 552.59 2388.22 9068.14 1.3 47.79 520.05 2388.17 8142.95 8.4857 0.03 396 2388 100.0 38.62 23.1702
15 162 -0.0006 0.0003 100.0 518.67 643.12 1598.88 1425.2 14.62 21.61 551.24 2388.19 9066.69 1.3 47.81 521.15 2388.15 8141.22 8.4815 0.03 395 2388 100.0 38.61 23.1009
15 163 0.0011 0.0003 100.0 518.67 643.35 1593.17 1422.65 14.62 21.61 552.42 2388.2 9065.6 1.3 47.91 520.6 2388.18 8143.79 8.4903 0.03 395 2388 100.0 38.49 23.0935
15 164 0.0022 0.0005 100.0 518.67 643.02 1593.03 1428.0 14.62 21.61 552.53 2388.18 9068.05 1.3 47.72 520.55 2388.15 8146.05 8.4757 0.03 395 2388 100.0 38.59 23.0877
15 165 -0.0007 0.0002 100.0 518.67 643.46 1600.07 1421.41 14.62 21.61 550.87 2388.2 9076.73 1.3 47.85 519.9 2388.15 8145.23 8.44 0.03 394 2388 100.0 38.58 23.1937
15 166 -0.0024 -0.0001 100.0 518.67 642.84 1596.78 1425.81 14.62 21.61 552.38 2388.16 9065.65 1.3 47.82 520.28 2388.2 8142.67 8.4928 0.03 397 2388 100.0 38.8 23.2062
15 167 0.0022 0.0005 100.0 518.67 643.21 1595.65 1416.19 14.62 21.61 552.64 2388.12 9065.65 1.3 47.94 520.37 2388.16 8149.8 8.4657 0.03 395 2388 100.0 38.73 23.1891
15 168 -0.001 -0.0002 100.0 518.67 643.78 1589.55 1426.15 14.62 21.61 551.59 2388.16 9071.42 1.3 47.89 519.88 2388.19 8139.52 8.4571 0.03 396 2388 100.0 38.61 23.0552
15 169 0.0025 0.0004 100.0 518.67 643.72 1592.51 1422.25 14.62 21.61 552.53 2388.18 9066.14 1.3 47.94 520.03 2388.23 8142.35 8.5299 0.03 394 2388 100.0 38.55 23.1786
15 170 0.0014 -0.0002 100.0 518.67 643.6 1595.29 1420.69 14.62 21.61 552.04 2388.16 9067.0 1.3 47.91 520.43 2388.16 8147.04 8.5199 0.03 395 2388 100.0 38.77 23.0578
15 171 0.0002 0.0001 100.0 518.67 643.35 1589.57 1426.26 14.62 21.61 551.86 2388.2 9068.16 1.3 48.01 520.66 2388.26 8139.86 8.5058 0.03 396 2388 100.0 38.7 23.1743
15 172 -0.0014 -0.0002 100.0 518.67 643.38 1594.34 1420.86 14.62 21.61 551.42 2388.24 9072.66 1.3 48.09 520.16 2388.21 8145.62 8.5436 0.03 395 2388 100.0 38.57 23.1656
15 173 -0.0005 0.0002 100.0 518.67 642.23 1599.27 1421.55 14.62 21.61 551.26 2388.15 9070.23 1.3 48.14 520.31 2388.2 8146.64 8.5161 0.03 396 2388 100.0 38.59 23.0984
15 174 -0.0019 0.0005 100.0 518.67 642.87 1605.81 1429.68 14.62 21.61 551.91 2388.2 9062.8 1.3 47.91 520.1 2388.17 8149.22 8.501 0.03 395 2388 100.0 38.45 23.1538
15 175 -0.002 -0.0002 100.0 518.67 643.3 1591.2 1427.09 14.62 21.61 551.27 2388.19 9076.14 1.3 47.94 520.22 2388.15 8146.15 8.4608 0.03 396 2388 100.0 38.6 23.1689
15 176 0.0027 -0.0004 100.0 518.67 643.18 1599.09 1423.61 14.62 21.61 552.55 2388.17 9069.51 1.3 47.89 520.09 2388.2 8144.57 8.4865 0.03 395 2388 100.0 38.56 23.0981
15 177 0.0011 0.0002 100.0 518.67 643.97 1601.58 1412.54 14.62 21.61 552.3 2388.19 9070.89 1.3 47.82 519.85 2388.27 8145.5 8.486 0.03 395 2388 100.0 38.68 23.1105
15 178 0.0023 0.0004 100.0 518.67 643.08 1601.13 1424.48 14.62 21.61 551.13 2388.2 9073.62 1.3 47.88 520.22 2388.22 8139.08 8.515 0.03 395 2388 100.0 38.53 23.0629
15 179 -0.004 -0.0004 100.0 518.67 643.61 1600.23 1416.46 14.62 21.61 552.28 2388.2 9075.83 1.3 48.1 519.73 2388.19 8153.41 8.5113 0.03 395 2388 100.0 38.54 23.0224
15 180 0.005 0.0004 100.0 518.67 642.87 1593.61 1424.03 14.62 21.61 551.14 2388.24 9071.24 1.3 47.95 520.67 2388.2 8147.73 8.4895 0.03 397 2388 100.0 38.47 23.1521
15 181 -0.0002 0.0004 100.0 518.67 643.13 1602.44 1432.09 14.62 21.61 551.27 2388.23 9075.44 1.3 48.06 520.07 2388.2 8144.47 8.5069 0.03 397 2388 100.0 38.68 23.1422
15 182 0.0017 -0.0004 100.0 518.67 643.71 1594.6 1422.02 14.62 21.61 552.18 2388.24 9075.37 1.3 48.04 520.13 2388.19 8147.53 8.517 0.03 395 2388 100.0 38.49 23.1032
15 183 0.0012 -0.0004 100.0 518.67 643.2 1596.05 1423.75 14.62 21.61 552.12 2388.25 9079.47 1.3 47.79 520.46 2388.2 8148.46 8.5359 0.03 395 2388 100.0 38.67 23.1507
15 184 0.0009 -0.0005 100.0 518.67 643.32 1602.74 1427.51 14.62 21.61 552.45 2388.24 9073.56 1.3 48.19 520.33 2388.21 8145.0 8.4927 0.03 396 2388 100.0 38.54 23.0331
15 185 0.0011 -0.0003 100.0 518.67 643.68 1597.84 1420.34 14.62 21.61 552.1 2388.24 9075.09 1.3 48.0 519.94 2388.2 8149.55 8.5327 0.03 395 2388 100.0 38.53 23.1514
15 186 -0.0003 0.0001 100.0 518.67 643.52 1598.06 1418.59 14.62 21.61 551.71 2388.21 9073.18 1.3 48.09 520.03 2388.19 8147.1 8.5158 0.03 395 2388 100.0 38.54 23.19
15 187 -0.0004 -0.0004 100.0 518.67 644.03 1596.78 1431.52 14.62 21.61 551.39 2388.17 9077.66 1.3 47.99 519.68 2388.25 8146.57 8.5093 0.03 397 2388 100.0 38.63 23.2278
15 188 0.0035 0.0003 100.0 518.67 643.11 1600.42 1417.47 14.62 21.61 552.2 2388.21 9076.61 1.3 48.15 520.51 2388.17 8144.22 8.508 0.03 394 2388 100.0 38.5 23.0602
15 189 0.0002 0.0003 100.0 518.67 643.68 1597.96 1425.62 14.62 21.61 551.51 2388.24 9080.41 1.3 47.98 519.1 2388.23 8149.66 8.5126 0.03 395 2388 100.0 38.44 23.1058
15 190 0.0058 -0.0003 100.0 518.67 643.69 1598.67 1425.15 14.62 21.61 551.7 2388.16 9074.06 1.3 48.0 519.57 2388.17 8140.16 8.5309 0.03 396 2388 100.0 38.52 22.9758
15 191 -0.0026 -0.0001 100.0 518.67 643.93 1602.6 1422.0 14.62 21.61 551.3 2388.17 9082.25 1.3 47.99 520.18 2388.22 8150.74 8.4888 0.03 396 2388 100.0 38.56 23.1157
15 192 0.0014 -0.0002 100.0 518.67 643.97 1603.41 1426.48 14.62 21.61 551.45 2388.22 9078.19 1.3 48.12 520.02 2388.24 8149.33 8.5256 0.03 395 2388 100.0 38.45 23.1429
15 193 0.001 0.0004 100.0 518.67 643.8 1607.41 1428.76 14.62 21.61 551.82 2388.18 9076.67 1.3 48.2 519.79 2388.21 8147.28 8.5142 0.03 397 2388 100.0 38.2 22.9936
15 194 0.0019 -0.0 100.0 518.67 643.46 1600.38 1430.91 14.62 21.61 551.11 2388.24 9086.08 1.3 48.03 520.12 2388.29 8153.5 8.528 0.03 396 2388 100.0 38.57 23.0432
15 195 -0.0002 0.0001 100.0 518.67 643.28 1602.44 1431.65 14.62 21.61 551.39 2388.25 9082.7 1.3 48.01 519.5 2388.21 8148.18 8.5096 0.03 396 2388 100.0 38.46 23.0439
15 196 0.0035 0.0002 100.0 518.67 643.17 1599.46 1433.46 14.62 21.61 550.93 2388.27 9083.82 1.3 48.14 519.82 2388.26 8143.42 8.5559 0.03 396 2388 100.0 38.41 23.0553
15 197 -0.0008 -0.0003 100.0 518.67 643.54 1602.4 1435.32 14.62 21.61 551.0 2388.23 9079.12 1.3 48.19 519.77 2388.19 8153.55 8.5344 0.03 396 2388 100.0 38.35 22.9944
15 198 0.0013 -0.0 100.0 518.67 644.4 1600.58 1427.34 14.62 21.61 551.76 2388.27 9072.23 1.3 48.07 520.06 2388.27 8150.88 8.5322 0.03 396 2388 100.0 38.45 22.9954
15 199 0.0002 0.0004 100.0 518.67 643.82 1595.61 1434.44 14.62 21.61 552.0 2388.24 9071.23 1.3 47.92 519.96 2388.3 8151.49 8.5115 0.03 397 2388 100.0 38.4 22.9773
15 200 -0.0014 -0.0003 100.0 518.67 643.56 1599.1 1427.28 14.62 21.61 551.62 2388.23 9077.16 1.3 48.39 519.22 2388.22 8144.0 8.5142 0.03 396 2388 100.0 38.6 23.0769
15 201 -0.0011 0.0003 100.0 518.67 644.02 1601.84 1429.75 14.62 21.61 551.31 2388.23 9075.25 1.3 47.98 519.33 2388.21 8147.47 8.4835 0.03 396 2388 100.0 38.5 23.1214
15 202 -0.0038 0.0004 100.0 518.67 643.4 1607.78 1426.67 14.62 21.61 551.13 2388.23 9075.6 1.3 48.25 519.49 2388.27 8149.91 8.5214 0.03 394 2388 100.0 38.54 23.0567
43 1 35.0055 0.8403 100.0 449.44 555.87 1363.29 1127.72 5.48 8.0 194.8 2223.14 8361.51 1.02 41.74 183.2 2388.28 8078.67 9.2859 0.02 332 2223 100.0 15.08 8.8575
43 2 0.001 0.0008 100.0 518.67 641.81 1582.57 1404.82 14.62 21.61 554.21 2388.03 9063.59 1.3 47.2 522.06 2388.04 8146.04 8.4213 0.03 393 2388 100.0 38.86 23.4152
43 3 0.0002 0.0001 100.0 518.67 642.34 1585.2 1404.14 14.62 21.61 554.0 2388.06 9066.92 1.3 47.38 522.09 2387.98 8147.15 8.4197 0.03 390 2388 100.0 39.01 23.4238
43 4 10.0038 0.2517 100.0 489.05 604.36 1504.67 1301.66 10.52 15.49 394.42 2318.91 8794.91 1.26 45.18 371.88 2388.05 8142.95 8.6393 0.03 368 2319 100.0 28.75 17.2142
43 5 9.9996 0.2519 100.0 489.05 604.42 1500.43 1301.95 10.52 15.49 395.2 2318.91 8792.51 1.26 45.45 371.5 2388.09 8142.13 8.608 0.03 368 2319 100.0 28.46 17.1617
43 6 10.0019 0.25 100.0 489.05 604.71 1499.28 1302.02 10.52 15.49 395.45 2318.89 8781.56 1.26 45.31 372.15 2388.07 8139.07 8.631 0.03 370 2319 100.0 28.5 17.2272
43 7 42.0026 0.84 100.0 445.0 549.34 1357.71 1119.42 3.91 5.71 138.55 2212.13 8339.83 1.02 41.96 131.04 2388.14 8096.86 9.3827 0.02 328 2212 100.0 10.66 6.4227
43 8 10.0019 0.2517 100.0 489.05 604.45 1499.79 1300.09 10.52 15.49 395.29 2318.81 8779.04 1.26 45.19 371.64 2388.07 8140.74 8.64 0.03 370 2319 100.0 28.62 17.0729
43 9 35.0027 0.8402 100.0 449.44 555.48 1366.8 1124.46 5.48 8.0 194.97 2223.14 8360.81 1.02 41.84 182.96 2388.31 8081.35 9.3094 0.02 334 2223 100.0 14.93 8.8717
43 10 25.0036 0.6219 60.0 462.54 536.52 1254.36 1047.21 7.05 9.03 176.06 1915.51 8012.99 0.94 36.64 164.91 2028.38 7883.31 10.9006 0.02 306 1915 84.93 14.42 8.5435
43 11 42.005 0.84 100.0 445.0 549.54 1349.36 1123.7 3.91 5.71 139.03 2212.03 8332.14 1.02 42.01 130.72 2388.08 8089.28 9.3671 0.02 330 2212 100.0 10.59 6.4782
43 12 42.0024 0.84 100.0 445.0 549.57 1349.4 1116.87 3.91 5.72 139.26 2212.14 8337.69 1.02 41.9 130.48 2388.18 8097.06 9.341 0.02 331 2212 100.0 10.61 6.3669
43 13 20.0058 0.7002 100.0 491.19 607.21 1481.75 1244.94 9.35 13.65 335.01 2323.92 8726.11 1.08 44.15 315.06 2388.12 8066.35 9.217 0.02 364 2324 100.0 24.55 14.7441
43 14 20.0041 0.7013 100.0 491.19 607.15 1485.25 1247.6 9.35 13.66 335.33 2324.04 8730.98 1.08 44.27 315.35 2388.15 8068.06 9.1924 0.02 364 2324 100.0 24.62 14.7802
43 15 25.001 0.62 60.0 462.54 536.98 1263.91 1049.06 7.05 9.03 175.31 1915.57 8020.88 0.94 36.55 164.55 2028.44 7877.23 10.8237 0.02 306 1915 84.93 14.38 8.6062
43 16 42.0041 0.84 100.0 445.0 549.11 1358.59 1119.45 3.91 5.71 139.18 2212.11 8330.92 1.02 41.91 130.61 2388.2 8098.68 9.3767 0.02 331 2212 100.0 10.66 6.2589
43 17 35.0003 0.84 100.0 449.44 555.46 1365.91 1126.44 5.48 8.0 194.52 2223.12 8359.83 1.02 41.86 183.55 2388.18 8075.69 9.2781 0.02 332 2223 100.0 14.75 9.0421
43 18 0.0002 0.0 100.0 518.67 643.05 1590.23 1401.0 14.62 21.61 553.98 2388.08 9070.82 1.3 47.18 521.4 2388.05 8143.88 8.4012 0.03 391 2388 100.0 38.84 23.4626
43 19 42.0076 0.84 100.0 445.0 549.31 1348.81 1120.27 3.91 5.71 139.23 2212.12 8331.08 1.02 42.21 130.47 2388.19 8092.81 9.3676 0.02 329 2212 100.0 10.63 6.3623
43 20 10.0058 0.2512 100.0 489.05 604.79 1502.16 1307.98 10.52 15.49 394.69 2318.89 8789.62 1.26 45.3 372.19 2388.06 8142.99 8.6593 0.03 367 2319 100.0 28.5 17.1995
43 21 25.0065 0.6219 60.0 462.54 536.99 1260.11 1045.61 7.05 9.02 175.27 1915.49 8020.44 0.94 36.74 164.2 2028.37 7879.39 10.8757 0.02 307 1915 84.93 14.31 8.4922
43 22 20.0025 0.7 100.0 491.19 607.1 1480.54 1246.69 9.35 13.66 334.9 2323.9 8734.55 1.08 44.17 315.21 2388.09 8068.03 9.2262 0.02 365 2324 100.0 24.67 14.7992
43 23 41.9998 0.84 100.0 445.0 549.42 1350.79 1124.77 3.91 5.72 139.03 2212.09 8327.53 1.02 41.85 130.37 2388.24 8093.33 9.3552 0.02 331 2212 100.0 10.69 6.3011
43 24 35.0011 0.8408 100.0 449.44 555.56 1365.29 1125.57 5.48 8.0 193.53 2223.2 8362.51 1.02 41.74 183.07 2388.2 8082.22 9.2913 0.02 332 2223 100.0 14.72 8.9684
43 25 41.9985 0.8406 100.0 445.0 549.75 1356.02 1123.92 3.91 5.72 138.23 2212.1 8334.72 1.02 41.82 130.77 2388.22 8095.18 9.2982 0.02 331 2212 100.0 10.59 6.3493
43 26 20.0029 0.7 100.0 491.19 606.93 1485.21 1248.29 9.35 13.65 334.28 2323.99 8732.0 1.08 43.99 315.49 2388.16 8074.57 9.1716 0.02 364 2324 100.0 24.67 14.757
43 27 41.999 0.84 100.0 445.0 549.67 1335.86 1119.14 3.91 5.72 138.88 2212.08 8324.95 1.02 41.9 131.46 2388.22 8088.67 9.3831 0.02 330 2212 100.0 10.74 6.2482
43 28 35.0074 0.84 100.0 449.44 555.71 1363.65 1127.15 5.48 8.0 194.58 2223.12 8358.18 1.02 41.72 183.52 2388.23 8077.31 9.2993 0.02 331 2223 100.0 15.06 8.9796
43 29 41.9991 0.841 100.0 445.0 549.42 1349.68 1119.05 3.91 5.71 138.62 2212.14 8330.75 1.02 41.93 130.8 2388.21 8095.38 9.3319 0.02 329 2212 100.0 10.77 6.3534
43 30 42.0005 0.84 100.0 445.0 549.72 1349.02 1121.64 3.91 5.72 138.63 2212.11 8334.49 1.02 41.91 130.39 2388.22 8097.28 9.3337 0.02 330 2212 100.0 10.78 6.366
43 31 42.0057 0.84 100.0 445.0 549.14 1353.75 1118.18 3.91 5.71 139.15 2212.12 8336.01 1.02 41.99 130.83 2388.15 8094.29 9.3209 0.02 330 2212 100.0 10.65 6.3818
43 32 0.0021 0.0 100.0 518.67 642.34 1588.61 1395.59 14.62 21.61 553.3 2388.02 9066.19 1.3 47.36 521.98 2388.03 8149.74 8.4165 0.03 392 2388 100.0 38.96 23.4044
43 33 25.0043 0.6207 60.0 462.54 537.39 1263.56 1050.1 7.05 9.03 176.09 1915.51 8018.69 0.94 36.7 164.32 2028.46 7884.97 10.8363 0.02 306 1915 84.93 14.2 8.5401
43 34 10.0014 0.2506 100.0 489.05 604.41 1502.34 1307.19 10.52 15.49 394.54 2318.85 8791.55 1.26 45.23 371.7 2388.13 8141.25 8.6151 0.03 370 2319 100.0 28.81 17.1289
43 35 0.0013 0.0015 100.0 518.67 642.37 1585.31 1395.7 14.62 21.6 554.64 2388.02 9066.79 1.3 47.29 521.97 2388.04 8150.67 8.3997 0.03 392 2388 100.0 38.7 23.4326
43 36 10.0038 0.2512 100.0 489.05 604.89 1498.63 1305.88 10.52 15.49 394.74 2318.85 8785.05 1.26 45.22 371.72 2388.06 8143.17 8.5944 0.03 372 2319 100.0 28.74 17.1477
43 37 10.0042 0.25 100.0 489.05 604.52 1497.78 1303.96 10.52 15.49 394.37 2318.83 8790.87 1.26 45.29 371.75 2388.02 8137.41 8.6633 0.03 369 2319 100.0 28.72 17.1799
43 38 0.0006 0.0018 100.0 518.67 642.3 1589.73 1405.29 14.62 21.61 553.84 2388.04 9068.99 1.3 47.32 520.96 2388.02 8144.71 8.3986 0.03 394 2388 100.0 39.05 23.2426
43 39 19.9982 0.7012 100.0 491.19 607.19 1484.01 1242.54 9.35 13.65 335.0 2324.02 8733.38 1.08 44.25 315.8 2388.12 8072.43 9.1922 0.02 365 2324 100.0 24.6 14.7597
43 40 20.0045 0.7014 100.0 491.19 607.13 1485.43 1248.7 9.35 13.66 334.84 2324.03 8737.1 1.08 44.17 315.16 2388.08 8070.06 9.1956 0.02 364 2324 100.0 24.57 14.7216
43 41 9.9999 0.25 100.0 489.05 604.46 1498.38 1300.09 10.52 15.49 395.34 2318.9 8790.98 1.26 45.33 371.79 2388.02 8144.75 8.619 0.03 369 2319 100.0 28.75 17.1645
43 42 0.0023 0.0008 100.0 518.67 642.09 1589.09 1404.97 14.62 21.61 553.99 2388.03 9070.32 1.3 47.35 522.3 2388.06 8148.24 8.4365 0.03 392 2388 100.0 39.05 23.4197
43 43 35.0077 0.8419 100.0 449.44 555.55 1361.02 1120.21 5.48 8.0 194.52 2223.09 8362.78 1.02 41.69 183.12 2388.23 8080.07 9.3265 0.02 333 2223 100.0 14.89 8.9441
43 44 42.0038 0.8403 100.0 445.0 549.18 1346.08 1119.5 3.91 5.72 138.21 2212.11 8334.69 1.02 41.99 129.89 2388.17 8096.09 9.3576 0.02 329 2212 100.0 10.53 6.3546
43 45 0.0017 0.0006 100.0 518.67 642.28 1584.3 1399.67 14.62 21.61 553.94 2388.05 9066.21 1.3 47.14 521.9 2388.03 8149.54 8.3725 0.03 392 2388 100.0 38.76 23.3745
43 46 35.0059 0.8414 100.0 449.44 555.6 1363.18 1126.89 5.48 8.0 194.15 2223.13 8359.57 1.02 41.8 183.3 2388.2 8071.79 9.2866 0.02 333 2223 100.0 14.89 8.9154
43 47 42.0057 0.84 100.0 445.0 549.47 1340.95 1124.11 3.91 5.71 138.55 2212.18 8338.0 1.02 41.89 130.97 2388.19 8095.25 9.3418 0.02 330 2212 100.0 10.64 6.4034
43 48 10.0033 0.25 100.0 489.05 604.16 1498.09 1296.28 10.52 15.49 394.14 2318.82 8785.42 1.26 45.18 371.67 2388.08 8142.4 8.655 0.03 369 2319 100.0 28.56 17.1967
43 49 20.003 0.7013 100.0 491.19 607.18 1486.7 1248.86 9.35 13.65 335.04 2324.01 8734.82 1.08 44.25 315.61 2388.11 8069.26 9.1928 0.02 365 2324 100.0 24.54 14.6748
43 50 42.0071 0.84 100.0 445.0 549.73 1346.26 1127.0 3.91 5.72 139.16 2212.18 8334.19 1.02 41.88 130.89 2388.22 8097.8 9.3566 0.02 329 2212 100.0 10.55 6.3683
43 51 10.0061 0.25 100.0 489.05 604.47 1499.41 1299.21 10.52 15.49 394.44 2318.93 8784.69 1.26 45.01 371.85 2388.05 8145.41 8.6793 0.03 369 2319 100.0 28.59 17.2197
43 52 10.0043 0.25 100.0 489.05 604.5 1498.48 1306.09 10.52 15.49 394.37 2318.88 8799.55 1.26 45.4 371.8 2388.07 8143.62 8.6308 0.03 369 2319 100.0 28.54 17.2377
43 53 35.0002 0.84 100.0 449.44 556.09 1359.21 1126.02 5.48 8.0 194.21 2223.14 8361.03 1.02 41.8 183.3 2388.29 8078.42 9.2792 0.02 333 2223 100.0 14.74 8.9551
43 54 42.0031 0.8416 100.0 445.0 549.69 1351.07 1121.78 3.91 5.71 138.57 2212.15 8331.94 1.02 41.78 130.76 2388.21 8094.28 9.3272 0.02 332 2212 100.0 10.66 6.4583
43 55 25.0001 0.62 60.0 462.54 536.19 1261.13 1044.36 7.05 9.03 175.68 1915.51 8016.13 0.94 36.7 164.44 2028.41 7889.98 10.8976 0.02 306 1915 84.93 14.36 8.6228
43 56 24.9995 0.62 60.0 462.54 536.3 1258.65 1045.05 7.05 9.03 175.73 1915.5 8019.06 0.94 36.67 164.35 2028.41 7884.69 10.8791 0.02 307 1915 84.93 14.41 8.5571
43 57 0.0018 0.0008 100.0 518.67 641.39 1591.05 1404.86 14.62 21.61 554.03 2388.04 9075.06 1.3 47.27 522.29 2388.05 8149.63 8.4492 0.03 393 2388 100.0 38.98 23.4164
43 58 34.9992 0.8415 100.0 449.44 555.16 1366.62 1123.21 5.48 8.0 195.23 2223.14 8362.51 1.02 41.66 182.91 2388.23 8078.68 9.3157 0.02 334 2223 100.0 14.84 8.921
43 59 25.0079 0.62 60.0 462.54 536.52 1252.61 1044.58 7.05 9.03 175.37 1915.54 8011.21 0.94 36.66 165.2 2028.51 7882.25 10.8659 0.02 306 1915 84.93 14.28 8.4384
43 60 41.9993 0.84 100.0 445.0 549.18 1350.98 1121.94 3.91 5.72 138.8 2212.14 8335.3 1.02 41.87 130.46 2388.22 8094.04 9.3366 0.02 327 2212 100.0 10.69 6.4885
43 61 25.0035 0.6215 60.0 462.54 536.54 1258.65 1047.77 7.05 9.03 175.8 1915.54 8018.4 0.94 36.58 164.59 2028.45 7883.74 10.8757 0.02 307 1915 84.93 14.26 8.5402
43 62 10.003 0.2508 100.0 489.05 605.07 1500.25 1304.71 10.52 15.49 395.44 2318.89 8788.21 1.26 45.31 371.75 2388.06 8142.54 8.659 0.03 370 2319 100.0 28.88 17.1937
43 63 25.0068 0.6208 60.0 462.54 536.36 1268.28 1040.78 7.05 9.02 175.95 1915.49 8016.11 0.94 36.7 164.36 2028.44 7885.17 10.8805 0.02 306 1915 84.93 14.52 8.5762
43 64 20.0048 0.7008 100.0 491.19 607.57 1481.74 1244.93 9.35 13.65 335.06 2323.95 8737.5 1.08 44.24 315.34 2388.12 8073.48 9.2218 0.02 366 2324 100.0 24.63 14.6582
43 65 10.0046 0.2513 100.0 489.05 604.43 1493.25 1307.99 10.52 15.49 394.7 2318.84 8792.73 1.26 45.23 371.98 2388.07 8142.52 8.6311 0.03 369 2319 100.0 28.57 17.1084
43 66 42.0021 0.8401 100.0 445.0 549.63 1357.6 1121.08 3.91 5.71 137.47 2212.11 8331.75 1.02 41.98 131.19 2388.2 8094.94 9.3379 0.02 330 2212 100.0 10.62 6.4402
43 67 35.0062 0.8418 100.0 449.44 555.19 1364.65 1123.79 5.48 8.0 194.7 2223.11 8365.75 1.02 41.87 182.51 2388.3 8078.24 9.3113 0.02 335 2223 100.0 14.85 8.8995
43 68 42.0008 0.84 100.0 445.0 549.24 1342.61 1115.33 3.91 5.71 138.78 2212.15 8334.91 1.02 41.95 130.88 2388.28 8098.85 9.3463 0.02 330 2212 100.0 10.64 6.3401
43 69 42.0006 0.8417 100.0 445.0 549.28 1348.64 1121.92 3.91 5.72 138.75 2212.16 8339.55 1.02 41.75 130.91 2388.26 8099.01 9.3197 0.02 331 2212 100.0 10.59 6.457
43 70 0.0013 0.0016 100.0 518.67 642.62 1582.86 1405.22 14.62 21.61 554.56 2388.06 9067.76 1.3 47.15 522.31 2388.03 8148.43 8.4232 0.03 392 2388 100.0 39.03 23.3437
43 71 20.0035 0.7 100.0 491.19 607.01 1483.6 1243.95 9.35 13.66 334.09 2324.01 8738.63 1.08 44.16 314.84 2388.12 8075.28 9.1883 0.02 365 2324 100.0 24.59 14.8064
43 72 20.0009 0.7002 100.0 491.19 607.29 1480.1 1248.34 9.35 13.65 335.09 2323.97 8736.71 1.08 44.25 315.5 2388.12 8073.17 9.2268 0.02 365 2324 100.0 24.46 14.6289
43 73 20.0006 0.7 100.0 491.19 607.26 1481.41 1244.95 9.35 13.65 335.05 2324.01 8732.23 1.08 44.27 315.64 2388.11 8070.26 9.2193 0.02 364 2324 100.0 24.59 14.7363
43 74 42.0052 0.84 100.0 445.0 549.62 1348.95 1122.45 3.91 5.71 138.86 2212.24 8331.43 1.02 42.02 131.02 2388.25 8102.44 9.359 0.02 329 2212 100.0 10.47 6.3304
43 75 0.002 0.0004 100.0 518.67 642.68 1592.54 1399.39 14.62 21.61 554.01 2388.0 9066.95 1.3 47.34 521.48 2388.05 8152.38 8.4474 0.03 393 2388 100.0 38.89 23.3731
43 76 10.0053 0.2512 100.0 489.05 604.76 1499.54 1315.36 10.52 15.49 394.96 2318.87 8792.9 1.26 45.18 371.33 2388.05 8149.27 8.6331 0.03 369 2319 100.0 28.48 17.2375
43 77 34.999 0.842 100.0 449.44 555.58 1360.82 1124.4 5.48 8.0 194.54 2223.18 8359.54 1.02 41.93 183.34 2388.27 8076.39 9.2723 0.02 332 2223 100.0 14.98 8.9681
43 78 25.0005 0.6203 60.0 462.54 536.64 1270.45 1040.7 7.05 9.03 174.93 1915.55 8019.67 0.94 36.46 164.37 2028.48 7884.06 10.8569 0.02 306 1915 84.93 14.17 8.626
43 79 41.9991 0.8417 100.0 445.0 549.62 1359.52 1123.71 3.91 5.72 138.91 2212.21 8335.66 1.02 41.98 130.92 2388.3 8097.29 9.3428 0.02 328 2212 100.0 10.57 6.3229
43 80 42.0077 0.84 100.0 445.0 549.28 1347.29 1127.25 3.91 5.71 138.99 2212.22 8335.61 1.02 41.92 131.11 2388.29 8098.44 9.3573 0.02 330 2212 100.0 10.67 6.337
43 81 42.0055 0.84 100.0 445.0 549.44 1359.31 1123.16 3.91 5.72 137.9 2212.21 8330.2 1.02 41.8 130.63 2388.22 8096.15 9.3621 0.02 331 2212 100.0 10.65 6.3937
43 82 24.999 0.621 60.0 462.54 536.26 1264.83 1043.87 7.05 9.03 175.84 1915.53 8025.61 0.94 36.71 164.79 2028.47 7881.35 10.8762 0.02 306 1915 84.93 14.35 8.5798
43 83 0.0006 0.0 100.0 518.67 641.97 1577.15 1404.04 14.62 21.61 554.02 2388.06 9074.11 1.3 47.33 522.06 2387.99 8150.88 8.4286 0.03 393 2388 100.0 38.93 23.414
43 84 42.0019 0.84 100.0 445.0 549.89 1354.57 1117.26 3.91 5.71 138.44 2212.16 8329.15 1.02 42.0 131.28 2388.28 8100.0 9.3333 0.02 331 2212 100.0 10.51 6.4209
43 85 20.0048 0.7 100.0 491.19 608.16 1484.01 1251.47 9.35 13.65 335.4 2324.02 8733.83 1.08 44.17 314.99 2388.17 8078.32 9.2215 0.02 366 2324 100.0 24.54 14.7936
43 86 25.0066 0.62 60.0 462.54 536.45 1261.7 1049.38 7.05 9.03 176.13 1915.55 8017.52 0.94 36.61 164.7 2028.47 7883.04 10.8899 0.02 305 1915 84.93 14.39 8.5481
43 87 0.0018 0.0016 100.0 518.67 642.58 1586.42 1401.01 14.62 21.61 553.89 2387.99 9073.25 1.3 47.24 521.78 2388.06 8153.34 8.4169 0.03 393 2388 100.0 38.78 23.3433
43 88 35.0004 0.8406 100.0 449.44 556.17 1363.22 1124.2 5.48 8.0 195.74 2223.23 8363.05 1.02 41.92 183.31 2388.31 8073.89 9.3411 0.02 334 2223 100.0 14.91 8.8892
43 89 24.9981 0.62 60.0 462.54 536.6 1263.79 1054.01 7.05 9.03 175.1 1915.59 8023.52 0.94 36.55 164.92 2028.5 7886.24 10.8735 0.02 308 1915 84.93 14.25 8.519
43 90 25.0016 0.6215 60.0 462.54 536.39 1258.15 1049.85 7.05 9.03 176.14 1915.63 8021.54 0.94 36.75 164.59 2028.5 7884.01 10.8889 0.02 307 1915 84.93 14.37 8.6222
43 91 42.0041 0.8418 100.0 445.0 549.17 1351.31 1124.35 3.91 5.72 139.74 2212.12 8334.58 1.02 42.1 130.63 2388.2 8097.39 9.3629 0.02 332 2212 100.0 10.88 6.4325
43 92 42.0064 0.84 100.0 445.0 549.79 1355.54 1126.41 3.91 5.72 138.62 2212.16 8344.27 1.02 42.03 130.53 2388.3 8095.75 9.3584 0.02 331 2212 100.0 10.56 6.3034
43 93 35.0049 0.8411 100.0 449.44 555.67 1361.67 1127.0 5.48 8.0 194.93 2223.21 8366.43 1.02 41.98 182.99 2388.32 8087.37 9.3117 0.02 335 2223 100.0 14.81 8.8358
43 94 10.0055 0.2512 100.0 489.05 604.71 1495.06 1307.17 10.52 15.49 394.64 2318.93 8789.91 1.26 45.23 371.9 2388.09 8140.86 8.6197 0.03 367 2319 100.0 28.63 17.1453
43 95 42.0054 0.8401 100.0 445.0 549.08 1350.89 1119.31 3.91 5.72 138.15 2212.12 8340.62 1.02 42.18 130.19 2388.27 8103.83 9.3482 0.02 332 2212 100.0 10.56 6.3314
43 96 10.0001 0.2513 100.0 489.05 604.5 1507.07 1306.28 10.52 15.49 394.33 2318.9 8799.62 1.26 45.44 371.89 2388.07 8143.14 8.6356 0.03 370 2319 100.0 28.55 17.1328
43 97 35.0069 0.84 100.0 449.44 555.67 1364.4 1127.85 5.48 8.0 194.09 2223.22 8369.94 1.02 41.77 183.87 2388.32 8083.52 9.2939 0.02 334 2223 100.0 14.91 8.9296
43 98 35.0009 0.84 100.0 449.44 555.99 1370.49 1129.0 5.48 8.0 194.91 2223.17 8364.42 1.02 41.86 183.2 2388.35 8080.73 9.282 0.02 334 2223 100.0 14.87 8.9075
43 99 25.0017 0.6204 60.0 462.54 536.38 1259.84 1046.0 7.05 9.03 174.96 1915.56 8011.51 0.94 36.68 164.26 2028.45 7887.38 10.8447 0.02 306 1915 84.93 14.15 8.6354
43 100 10.0063 0.2516 100.0 489.05 604.76 1494.75 1304.96 10.52 15.49 395.44 2318.85 8802.63 1.26 45.32 371.59 2388.13 8148.42 8.614 0.03 368 2319 100.0 28.7 17.1073
43 101 25.0075 0.622 60.0 462.54 536.98 1264.86 1047.99 7.05 9.03 174.69 1915.65 8024.81 0.94 36.66 164.84 2028.51 7883.95 10.8985 0.02 309 1915 84.93 14.33 8.5915
43 102 42.0067 0.8416 100.0 445.0 549.05 1351.7 1120.82 3.91 5.72 138.28 2212.26 8338.82 1.02 42.06 130.85 2388.35 8098.1 9.3499 0.02 330 2212 100.0 10.72 6.3688
43 103 42.0059 0.84 100.0 445.0 549.87 1351.71 1128.28 3.91 5.72 138.8 2212.22 8343.98 1.02 41.91 131.42 2388.38 8099.94 9.3624 0.02 332 2212 100.0 10.71 6.3418
43 104 10.0069 0.25 100.0 489.05 604.47 1500.29 1307.47 10.52 15.49 394.43 2318.89 8809.12 1.26 45.13 371.55 2388.08 8149.1 8.6439 0.03 369 2319 100.0 28.76 17.1776
43 105 42.0017 0.84 100.0 445.0 549.77 1356.12 1125.33 3.91 5.71 139.7 2212.33 8340.69 1.02 41.88 130.34 2388.41 8105.58 9.3286 0.02 329 2212 100.0 10.64 6.4275
43 106 24.9995 0.6209 60.0 462.54 536.67 1261.05 1044.54 7.05 9.03 176.01 1915.63 8028.45 0.94 36.67 164.06 2028.57 7892.28 10.9031 0.02 306 1915 84.93 14.28 8.5882
43 107 20.0016 0.7011 100.0 491.19 607.28 1493.66 1244.4 9.35 13.66 335.24 2324.05 8741.58 1.08 44.26 314.31 2388.2 8073.9 9.2348 0.02 364 2324 100.0 24.43 14.7035
43 108 25.0049 0.62 60.0 462.54 536.77 1260.44 1045.17 7.05 9.03 175.85 1915.62 8025.84 0.94 36.57 164.69 2028.55 7885.9 10.9083 0.02 307 1915 84.93 14.24 8.6126
43 109 10.0051 0.25 100.0 489.05 604.84 1491.3 1311.98 10.52 15.49 395.48 2318.95 8798.02 1.26 45.37 372.02 2388.09 8150.77 8.6293 0.03 369 2319 100.0 28.59 17.23
43 110 25.0061 0.6209 60.0 462.54 536.42 1250.76 1035.65 7.05 9.03 175.17 1915.66 8028.14 0.94 36.74 164.9 2028.54 7888.92 10.9053 0.02 307 1915 84.93 14.27 8.5657
43 111 35.0023 0.8402 100.0 449.44 555.74 1369.47 1125.19 5.48 8.0 195.15 2223.3 8367.37 1.02 41.87 183.38 2388.36 8087.55 9.3065 0.02 334 2223 100.0 14.65 8.9225
43 112 10.0048 0.25 100.0 489.05 604.21 1500.61 1304.74 10.52 15.49 394.6 2318.9 8800.9 1.26 45.4 371.82 2388.1 8143.62 8.6164 0.03 369 2319 100.0 28.46 17.1671
43 113 35.0063 0.84 100.0 449.44 555.84 1367.26 1131.96 5.48 8.0 194.11 2223.27 8369.67 1.02 41.6 183.3 2388.4 8087.01 9.2929 0.02 333 2223 100.0 14.85 8.956
43 114 42.0023 0.841 100.0 445.0 549.34 1346.64 1128.02 3.91 5.72 138.79 2212.26 8347.08 1.02 41.93 130.49 2388.37 8101.04 9.2813 0.02 329 2212 100.0 10.49 6.2652
43 115 42.0006 0.84 100.0 445.0 549.4 1348.12 1124.48 3.91 5.72 138.82 2212.31 8340.55 1.02 42.02 129.85 2388.34 8107.87 9.3783 0.02 330 2212 100.0 10.82 6.3921
43 116 10.0065 0.2504 100.0 489.05 605.08 1500.42 1309.45 10.52 15.49 394.55 2318.94 8800.2 1.26 45.31 371.55 2388.08 8151.44 8.6566 0.03 369 2319 100.0 28.52 17.154
43 117 10.0023 0.25 100.0 489.05 604.53 1497.78 1308.15 10.52 15.49 394.11 2318.87 8800.79 1.26 45.25 371.86 2388.1 8145.68 8.6503 0.03 369 2319 100.0 28.67 17.1469
43 118 35.0027 0.84 100.0 449.44 555.42 1368.98 1132.22 5.48 8.0 194.55 2223.3 8369.54 1.02 41.7 183.02 2388.4 8089.32 9.3553 0.02 333 2223 100.0 14.99 8.8982
43 119 42.0074 0.84 100.0 445.0 549.36 1343.46 1126.36 3.91 5.71 138.19 2212.27 8340.3 1.02 42.08 130.62 2388.42 8099.82 9.3575 0.02 331 2212 100.0 10.66 6.3589
43 120 34.9987 0.8404 100.0 449.44 555.68 1370.65 1128.2 5.48 8.0 194.7 2223.32 8373.93 1.02 41.8 183.47 2388.49 8091.93 9.3227 0.02 336 2223 100.0 14.63 8.8375
43 121 35.0059 0.8415 100.0 449.44 555.52 1367.17 1119.68 5.48 8.0 195.33 2223.32 8370.32 1.02 41.81 183.48 2388.44 8084.74 9.3007 0.02 334 2223 100.0 14.86 8.8415
43 122 10.0016 0.25 100.0 489.05 604.56 1501.09 1305.89 10.52 15.49 394.51 2318.94 8800.53 1.26 45.45 371.75 2388.16 8148.23 8.6298 0.03 370 2319 100.0 28.6 17.0422
43 123 35.0028 0.84 100.0 449.44 555.87 1371.99 1132.71 5.48 8.0 194.31 2223.29 8368.3 1.02 41.73 183.34 2388.36 8089.47 9.2965 0.02 335 2223 100.0 14.87 8.9234
43 124 25.0041 0.62 60.0 462.54 536.79 1257.79 1049.34 7.05 9.03 175.48 1915.73 8029.92 0.94 36.84 164.69 2028.64 7890.28 10.9091 0.02 308 1915 84.93 14.13 8.6109
43 125 34.9982 0.84 100.0 449.44 555.86 1366.44 1128.84 5.48 8.0 194.51 2223.29 8378.12 1.02 41.97 182.69 2388.43 8087.0 9.2981 0.02 335 2223 100.0 14.96 8.9333
43 126 20.0078 0.7 100.0 491.19 607.46 1484.36 1250.28 9.35 13.66 334.91 2324.04 8743.02 1.08 44.35 315.12 2388.33 8077.55 9.2237 0.02 366 2324 100.0 24.54 14.7654
43 127 42.0047 0.84 100.0 445.0 549.57 1361.46 1120.94 3.91 5.72 138.83 2212.32 8354.01 1.02 41.96 130.53 2388.51 8116.71 9.3438 0.02 331 2212 100.0 10.57 6.3552
43 128 19.9997 0.7 100.0 491.19 607.21 1490.66 1251.29 9.35 13.66 334.48 2324.11 8747.86 1.08 44.31 314.69 2388.26 8080.8 9.216 0.02 365 2324 100.0 24.48 14.754
43 129 35.0055 0.8417 100.0 449.44 555.87 1372.25 1129.79 5.48 8.0 194.85 2223.38 8373.35 1.02 41.85 183.55 2388.53 8082.95 9.269 0.02 335 2223 100.0 14.96 8.9346
43 130 35.0022 0.84 100.0 449.44 555.73 1370.56 1125.41 5.48 8.0 195.2 2223.4 8372.13 1.02 41.81 183.02 2388.45 8091.22 9.3286 0.02 333 2223 100.0 14.85 8.8853
43 131 20.0069 0.7011 100.0 491.19 607.81 1481.27 1249.83 9.35 13.66 334.59 2324.11 8745.34 1.08 44.3 314.96 2388.21 8083.89 9.2077 0.02 366 2324 100.0 24.46 14.7212
43 132 10.0049 0.2519 100.0 489.05 605.15 1499.79 1301.08 10.52 15.49 394.62 2318.89 8803.92 1.26 45.42 371.69 2388.09 8154.73 8.6502 0.03 370 2319 100.0 28.49 17.1217
43 133 0.0006 0.0 100.0 518.67 642.4 1591.98 1407.57 14.62 21.61 554.09 2388.04 9078.51 1.3 47.53 521.38 2388.01 8161.94 8.4287 0.03 393 2388 100.0 38.83 23.36
43 134 25.0028 0.62 60.0 462.54 536.65 1258.76 1049.99 7.05 9.03 175.77 1915.73 8031.98 0.94 36.65 164.74 2028.58 7892.43 10.8679 0.02 307 1915 84.93 14.27 8.5075
43 135 0.0017 0.0008 100.0 518.67 642.33 1589.46 1408.77 14.62 21.61 554.06 2388.09 9086.23 1.3 47.45 521.16 2388.05 8160.73 8.4479 0.03 392 2388 100.0 38.94 23.3618
43 136 42.0058 0.8415 100.0 445.0 549.88 1356.3 1121.94 3.91 5.72 138.78 2212.4 8344.6 1.02 41.99 131.11 2388.52 8110.66 9.3632 0.02 331 2212 100.0 10.39 6.3413
43 137 20.0059 0.7007 100.0 491.19 607.02 1489.79 1252.7 9.35 13.65 334.67 2324.08 8750.87 1.08 44.32 314.95 2388.26 8087.38 9.2314 0.02 366 2324 100.0 24.41 14.7126
43 138 42.0012 0.8405 100.0 445.0 548.9 1352.1 1124.85 3.91 5.72 138.97 2212.41 8356.43 1.02 42.01 130.56 2388.58 8116.51 9.3633 0.02 331 2212 100.0 10.68 6.4006
43 139 9.9989 0.25 100.0 489.05 604.54 1499.9 1310.83 10.52 15.49 394.41 2318.97 8808.3 1.26 45.36 371.38 2388.16 8155.34 8.6691 0.03 369 2319 100.0 28.55 17.0869
43 140 0.0011 0.0011 100.0 518.67 642.44 1596.6 1407.2 14.62 21.61 553.85 2388.0 9088.94 1.3 47.37 521.37 2388.05 8163.99 8.4668 0.03 393 2388 100.0 38.72 23.3967
43 141 0.0002 0.0008 100.0 518.67 642.41 1592.27 1409.85 14.62 21.61 554.02 2388.01 9093.63 1.3 47.4 522.1 2388.05 8166.79 8.4172 0.03 392 2388 100.0 38.83 23.3338
43 142 35.0023 0.84 100.0 449.44 555.93 1365.36 1127.38 5.48 8.0 194.1 2223.44 8382.48 1.02 42.04 184.08 2388.59 8100.89 9.3161 0.02 334 2223 100.0 14.87 8.9476
43 143 42.0049 0.84 100.0 445.0 549.71 1355.78 1128.98 3.91 5.72 138.62 2212.46 8360.7 1.02 42.15 131.06 2388.56 8112.39 9.3267 0.02 332 2212 100.0 10.56 6.3829
43 144 0.0019 0.0 100.0 518.67 642.37 1587.14 1407.47 14.62 21.61 553.26 2387.99 9087.44 1.3 47.59 521.45 2388.05 8167.11 8.422 0.03 393 2388 100.0 38.84 23.3239
43 145 0.0003 0.0 100.0 518.67 642.51 1590.59 1409.81 14.62 21.61 553.57 2388.03 9092.95 1.3 47.39 521.09 2388.03 8167.32 8.4584 0.03 394 2388 100.0 38.82 23.3211
43 146 42.0021 0.8419 100.0 445.0 549.61 1350.63 1127.17 3.91 5.72 138.89 2212.46 8360.32 1.03 42.0 130.63 2388.59 8120.47 9.3496 0.02 332 2212 100.0 10.62 6.3441
43 147 25.0029 0.6202 60.0 462.54 536.91 1265.8 1044.34 7.05 9.03 175.53 1915.83 8037.09 0.94 36.53 164.09 2028.79 7903.18 10.9231 0.02 306 1915 84.93 14.12 8.6318
43 148 42.0044 0.8416 100.0 445.0 549.71 1359.38 1128.58 3.91 5.72 138.47 2212.43 8362.52 1.03 42.16 130.54 2388.65 8115.26 9.3525 0.02 332 2212 100.0 10.47 6.4138
43 149 42.0034 0.84 100.0 445.0 549.26 1349.52 1131.41 3.91 5.72 139.34 2212.5 8358.58 1.02 41.94 130.83 2388.67 8116.17 9.3449 0.02 331 2212 100.0 10.43 6.3709
43 150 10.0008 0.2503 100.0 489.05 604.66 1494.54 1310.16 10.52 15.49 393.91 2318.93 8810.47 1.26 45.43 371.16 2388.14 8165.25 8.6693 0.03 370 2319 100.0 28.56 17.0799
43 151 41.9983 0.84 100.0 445.0 549.86 1354.59 1129.46 3.91 5.72 139.24 2212.47 8360.8 1.02 42.18 130.51 2388.66 8122.63 9.3572 0.02 333 2212 100.0 10.65 6.2951
43 152 19.9989 0.7 100.0 491.19 607.19 1490.63 1248.72 9.35 13.66 334.14 2324.16 8758.3 1.08 44.54 315.1 2388.31 8091.27 9.2521 0.02 365 2324 100.0 24.38 14.6924
43 153 25.0073 0.62 60.0 462.54 536.89 1256.91 1047.89 7.05 9.03 175.92 1915.93 8040.52 0.94 36.76 164.56 2028.91 7901.21 10.9058 0.02 307 1915 84.93 14.19 8.4326
43 154 19.9996 0.7006 100.0 491.19 607.48 1482.88 1253.84 9.35 13.66 334.42 2324.17 8761.96 1.07 44.42 314.57 2388.29 8090.93 9.2071 0.02 365 2324 100.0 24.39 14.7269
43 155 42.0061 0.84 100.0 445.0 549.31 1349.68 1124.16 3.91 5.72 139.35 2212.56 8362.49 1.02 41.97 130.67 2388.65 8121.08 9.371 0.02 332 2212 100.0 10.53 6.3729
43 156 0.0019 0.0004 100.0 518.67 642.98 1587.04 1414.26 14.62 21.61 553.53 2388.05 9097.31 1.3 47.36 521.18 2388.03 8175.57 8.4331 0.03 392 2388 100.0 38.72 23.3667
43 157 0.0027 0.0 100.0 518.67 642.38 1590.22 1405.46 14.62 21.61 553.45 2388.04 9100.8 1.3 47.65 521.94 2388.09 8177.47 8.4289 0.03 393 2388 100.0 38.87 23.3227
43 158 20.0043 0.7005 100.0 491.19 607.42 1488.76 1249.2 9.35 13.66 334.19 2324.18 8766.41 1.08 44.51 315.5 2388.28 8096.29 9.21 0.02 366 2324 100.0 24.43 14.7409
43 159 25.001 0.6205 60.0 462.54 536.99 1263.21 1054.13 7.05 9.03 175.66 1915.93 8046.26 0.94 36.92 164.47 2028.84 7908.9 10.8956 0.02 305 1915 84.93 14.35 8.4759
43 160 42.0039 0.8414 100.0 445.0 549.8 1350.95 1127.59 3.91 5.72 139.65 2212.62 8364.34 1.02 42.07 130.3 2388.78 8123.3 9.3495 0.02 331 2212 100.0 10.55 6.3466
43 161 35.0037 0.84 100.0 449.44 555.81 1363.2 1132.32 5.48 8.0 194.2 2223.65 8388.44 1.02 42.17 183.18 2388.87 8105.84 9.3287 0.02 334 2223 100.0 14.8 8.8128
43 162 35.0072 0.84 100.0 449.44 556.24 1369.61 1130.15 5.48 8.0 195.5 2223.66 8391.49 1.02 41.99 183.07 2388.82 8102.38 9.3131 0.02 333 2223 100.0 14.72 8.9376
43 163 34.9988 0.8416 100.0 449.44 555.92 1370.12 1128.11 5.48 8.01 195.15 2223.69 8393.76 1.02 41.98 183.65 2388.83 8103.76 9.3403 0.02 334 2223 100.0 14.9 8.8501
43 164 9.9987 0.25 100.0 489.05 604.68 1496.61 1309.26 10.52 15.49 393.83 2318.97 8828.11 1.26 45.48 371.57 2388.17 8173.18 8.6606 0.03 371 2319 100.0 28.61 17.0662
43 165 19.9984 0.7 100.0 491.19 607.49 1484.21 1256.36 9.35 13.66 334.97 2324.29 8760.57 1.08 44.47 315.44 2388.4 8097.74 9.2371 0.02 366 2324 100.0 24.41 14.6912
43 166 10.0056 0.25 100.0 489.05 604.88 1500.34 1315.08 10.52 15.49 394.6 2318.99 8833.58 1.26 45.52 372.11 2388.1 8173.54 8.6741 0.03 371 2319 100.0 28.49 17.1469
43 167 42.0053 0.84 100.0 445.0 549.89 1357.69 1125.97 3.91 5.72 138.11 2212.7 8366.46 1.03 42.23 130.96 2388.91 8130.57 9.3324 0.02 331 2212 100.0 10.5 6.3843
43 168 0.0016 0.0002 100.0 518.67 642.58 1594.56 1413.88 14.62 21.61 552.71 2388.07 9114.96 1.3 47.56 521.27 2388.04 8182.74 8.4642 0.03 393 2388 100.0 38.68 23.2705
43 169 20.0008 0.7 100.0 491.19 607.94 1485.61 1254.97 9.35 13.66 334.87 2324.3 8781.58 1.08 44.56 314.85 2388.41 8103.68 9.2387 0.02 366 2324 100.0 24.38 14.6799
43 170 0.0005 0.0 100.0 518.67 643.39 1596.82 1409.17 14.62 21.61 553.01 2388.08 9112.95 1.3 47.52 521.86 2388.06 8181.86 8.408 0.03 395 2388 100.0 38.82 23.1824
43 171 20.0038 0.7005 100.0 491.19 607.86 1490.08 1251.64 9.35 13.66 334.43 2324.31 8776.01 1.08 44.47 315.46 2388.5 8108.7 9.2579 0.02 367 2324 100.0 24.36 14.6027
43 172 10.0079 0.2504 100.0 489.05 605.22 1505.36 1309.9 10.52 15.49 394.7 2319.0 8831.17 1.26 45.51 370.77 2388.21 8178.32 8.6389 0.03 369 2319 100.0 28.61 17.0969
43 173 35.0001 0.84 100.0 449.44 555.34 1368.06 1138.32 5.48 8.0 194.4 2223.86 8402.06 1.02 42.07 183.26 2389.04 8115.47 9.3335 0.02 335 2223 100.0 14.61 8.9617
43 174 9.9987 0.2513 100.0 489.05 605.07 1504.91 1310.95 10.52 15.49 394.75 2318.98 8834.75 1.26 45.65 371.38 2388.22 8183.56 8.6935 0.03 371 2319 100.0 28.58 17.1252
43 175 0.003 0.001 100.0 518.67 643.14 1594.3 1413.37 14.62 21.61 553.14 2388.04 9117.34 1.3 47.59 521.75 2388.09 8191.81 8.467 0.03 393 2388 100.0 38.88 23.3161
43 176 25.0004 0.62 60.0 462.54 537.07 1258.0 1057.52 7.05 9.03 174.49 1916.21 8048.9 0.94 36.81 164.11 2029.17 7918.64 10.9372 0.02 308 1915 84.93 14.16 8.5467
43 177 42.0014 0.8419 100.0 445.0 550.05 1357.12 1135.65 3.91 5.72 139.52 2212.96 8379.39 1.02 42.2 131.04 2389.03 8140.06 9.3453 0.02 331 2212 100.0 10.56 6.3384
43 178 0.0025 0.0 100.0 518.67 642.16 1591.27 1408.96 14.62 21.61 552.63 2388.07 9120.69 1.3 47.75 521.08 2388.05 8190.38 8.4604 0.03 394 2388 100.0 38.82 23.2302
43 179 10.0038 0.25 100.0 489.05 604.93 1502.48 1326.49 10.52 15.49 393.96 2319.02 8843.56 1.26 45.61 371.99 2388.22 8189.21 8.712 0.03 370 2319 100.0 28.6 17.0625
43 180 0.0016 0.0005 100.0 518.67 643.23 1596.74 1414.75 14.62 21.61 553.06 2388.03 9117.64 1.3 47.71 521.58 2388.06 8196.19 8.4778 0.03 394 2388 100.0 38.75 23.1848
43 181 42.0036 0.8417 100.0 445.0 550.27 1357.32 1134.23 3.91 5.72 139.26 2212.96 8386.39 1.03 42.37 130.66 2389.19 8147.94 9.3362 0.02 333 2212 100.0 10.5 6.4275
43 182 10.0067 0.25 100.0 489.05 605.16 1508.38 1309.28 10.52 15.5 394.34 2319.03 8846.72 1.26 45.47 371.15 2388.18 8187.8 8.6918 0.03 371 2319 100.0 28.6 16.9927
43 183 25.0013 0.62 60.0 462.54 536.88 1257.91 1051.89 7.05 9.03 174.8 1916.41 8068.42 0.94 36.7 164.58 2029.35 7927.11 10.9542 0.02 307 1915 84.93 14.2 8.7245
43 184 10.0059 0.25 100.0 489.05 605.16 1510.83 1318.04 10.52 15.5 394.65 2319.02 8849.04 1.26 45.58 371.25 2388.28 8194.76 8.6922 0.03 372 2319 100.0 28.41 16.9996
43 185 35.0044 0.8403 100.0 449.44 555.86 1369.04 1133.77 5.48 8.0 194.35 2224.1 8418.84 1.02 41.87 182.74 2389.31 8131.82 9.3532 0.02 336 2223 100.0 14.91 8.8223
43 186 20.0027 0.7008 100.0 491.19 608.38 1489.74 1261.24 9.35 13.66 334.17 2324.5 8796.96 1.07 44.67 314.8 2388.56 8125.53 9.2731 0.02 367 2324 100.0 24.49 14.6218
43 187 20.0035 0.7012 100.0 491.19 608.17 1486.92 1259.8 9.35 13.66 334.35 2324.54 8791.39 1.07 44.51 314.25 2388.62 8123.1 9.2542 0.02 367 2324 100.0 24.45 14.6728
43 188 0.0008 0.0017 100.0 518.67 642.9 1591.3 1425.11 14.62 21.61 552.93 2388.06 9134.01 1.3 47.71 520.41 2388.07 8207.21 8.5076 0.03 395 2388 100.0 38.75 23.2754
43 189 34.9986 0.84 100.0 449.44 555.79 1378.41 1137.18 5.48 8.01 195.0 2224.25 8431.87 1.02 42.02 182.65 2389.4 8133.63 9.3465 0.02 335 2223 100.0 14.93 8.9402
43 190 35.0078 0.8407 100.0 449.44 556.51 1370.97 1130.94 5.48 8.01 194.57 2224.21 8426.04 1.02 42.04 182.77 2389.42 8135.55 9.3283 0.02 337 2223 100.0 14.72 8.872
43 191 10.0067 0.2511 100.0 489.05 605.4 1505.92 1315.97 10.52 15.5 394.0 2319.05 8852.27 1.26 45.72 370.9 2388.31 8200.83 8.7506 0.03 372 2319 100.0 28.6 17.1513
43 192 42.0031 0.84 100.0 445.0 550.33 1360.37 1139.58 3.91 5.72 138.59 2213.25 8401.89 1.03 42.58 130.21 2389.37 8154.0 9.4037 0.02 332 2212 100.0 10.34 6.3365
43 193 24.9995 0.6204 60.0 462.54 536.9 1268.34 1052.7 7.05 9.03 175.44 1916.6 8072.24 0.94 36.86 164.33 2029.6 7940.59 10.9536 0.02 309 1915 84.93 14.36 8.6003
43 194 10.0049 0.25 100.0 489.05 605.43 1505.9 1319.27 10.52 15.5 394.06 2319.04 8855.83 1.26 45.86 371.51 2388.27 8205.25 8.6957 0.03 371 2319 100.0 28.46 17.0997
43 195 20.0058 0.7008 100.0 491.19 608.05 1487.12 1254.79 9.35 13.66 334.12 2324.58 8811.92 1.08 44.47 314.41 2388.72 8146.29 9.2542 0.02 366 2324 100.0 24.27 14.5937
43 196 42.0013 0.84 100.0 445.0 549.86 1366.52 1133.98 3.91 5.72 138.31 2213.29 8422.16 1.03 42.38 130.76 2389.48 8168.84 9.3908 0.02 332 2212 100.0 10.58 6.3375
43 197 42.006 0.84 100.0 445.0 550.37 1358.36 1134.8 3.91 5.72 138.48 2213.38 8403.72 1.03 42.41 130.78 2389.55 8167.58 9.3377 0.02 334 2212 100.0 10.57 6.342
43 198 20.0054 0.7 100.0 491.19 608.37 1491.47 1255.45 9.35 13.66 334.34 2324.6 8812.39 1.07 44.64 314.29 2388.76 8143.94 9.2804 0.03 367 2324 100.0 24.12 14.604
43 199 34.9988 0.84 100.0 449.44 556.67 1374.14 1140.77 5.48 8.01 194.54 2224.52 8447.46 1.02 42.22 182.7 2389.67 8154.64 9.37 0.02 335 2223 100.0 14.74 8.8165
43 200 42.0069 0.8402 100.0 445.0 550.4 1357.81 1140.68 3.91 5.72 138.39 2213.48 8420.62 1.03 42.5 130.48 2389.64 8166.56 9.3664 0.02 333 2212 100.0 10.58 6.422
43 201 25.0069 0.62 60.0 462.54 537.2 1262.5 1059.28 7.05 9.03 174.58 1916.85 8097.22 0.94 36.95 164.2 2029.84 7957.41 10.9886 0.02 309 1915 84.93 14.17 8.5115
43 202 25.0069 0.62 60.0 462.54 537.14 1269.26 1056.43 7.05 9.03 175.26 1916.92 8095.61 0.94 36.84 164.41 2029.89 7947.65 10.9904 0.02 308 1915 84.93 14.25 8.5332
43 203 34.9988 0.8417 100.0 449.44 556.64 1377.97 1145.52 5.48 8.01 194.08 2224.64 8452.24 1.02 42.33 182.66 2389.85 8165.49 9.3804 0.02 337 2223 100.0 14.66 8.8585
43 204 25.0078 0.6214 60.0 462.54 537.59 1274.23 1062.07 7.05 9.03 174.81 1916.97 8095.24 0.94 36.97 164.21 2029.96 7953.78 11.0439 0.02 310 1915 84.93 14.12 8.4091
43 205 42.0013 0.8404 100.0 445.0 550.91 1357.03 1141.94 3.91 5.72 138.76 2213.64 8431.38 1.03 42.56 130.62 2389.78 8186.72 9.357 0.02 332 2212 100.0 10.54 6.2455
43 206 25.0047 0.6213 60.0 462.54 536.78 1266.18 1049.84 7.05 9.03 174.03 1917.04 8098.36 0.94 37.01 164.21 2030.01 7955.7 10.9995 0.02 309 1915 84.93 14.02 8.4828
43 207 24.9993 0.6204 60.0 462.54 537.51 1272.0 1058.98 7.05 9.03 174.83 1917.04 8102.91 0.94 37.07 164.11 2030.05 7957.74 11.0118 0.02 309 1915 84.93 14.22 8.4712
43 208 20.0035 0.7014 100.0 491.19 608.5 1495.86 1274.04 9.35 13.66 333.49 2324.81 8831.39 1.07 44.79 314.5 2388.96 8163.01 9.3583 0.03 369 2324 100.0 24.2 14.5812
43 209 42.0071 0.84 100.0 445.0 550.36 1365.99 1141.16 3.91 5.72 139.76 2213.81 8438.48 1.03 42.44 130.6 2390.01 8199.77 9.3778 0.02 336 2212 100.0 10.7 6.2586
43 210 19.9987 0.7012 100.0 491.19 608.57 1497.16 1267.32 9.35 13.66 332.89 2324.9 8844.13 1.08 44.91 314.43 2389.04 8169.59 9.3005 0.03 370 2324 100.0 24.42 14.5013
43 211 42.0012 0.8411 100.0 445.0 550.63 1369.6 1140.84 3.91 5.72 138.9 2213.8 8448.51 1.03 42.51 130.37 2390.05 8199.27 9.3835 0.02 335 2212 100.0 10.53 6.4041
