9 1 0.0005 -0.0004 100.0 518.67 642.22 1583.46 1398.97 14.62 21.6 556.86 2388.09 9070.67 1.3 47.21 524.63 2388.08 8145.74 8.3212 0.03 393 2388 100.0 39.13 23.462
9 2 -0.0041 0.0001 100.0 518.67 641.81 1580.46 1393.79 14.62 21.6 557.12 2388.12 9060.03 1.3 47.24 524.74 2388.1 8141.84 8.3697 0.03 392 2388 100.0 39.06 23.3787
9 3 0.0003 0.0003 100.0 518.67 642.35 1582.95 1400.76 14.62 21.6 557.11 2388.06 9065.3 1.3 47.48 525.48 2388.08 8139.1 8.377 0.03 392 2388 100.0 39.33 23.44
9 4 0.0004 -0.0003 100.0 518.67 642.58 1585.75 1389.09 14.62 21.6 557.08 2388.12 9060.13 1.3 47.16 524.8 2388.08 8147.54 8.3771 0.03 393 2388 100.0 39.16 23.5005
9 5 -0.0013 -0.0003 100.0 518.67 642.37 1589.62 1398.5 14.62 21.6 557.97 2388.04 9066.33 1.3 47.29 525.03 2388.04 8151.33 8.3698 0.03 392 2388 100.0 39.16 23.4595
9 6 0.0015 0.0004 100.0 518.67 642.1 1585.65 1400.16 14.62 21.6 556.11 2388.11 9061.44 1.3 47.13 524.87 2388.02 8140.16 8.3974 0.03 392 2388 100.0 39.25 23.5179
9 7 -0.0005 -0.0003 100.0 518.67 642.25 1582.22 1398.62 14.62 21.6 556.96 2388.07 9056.69 1.3 47.15 524.36 2388.09 8141.87 8.3702 0.03 392 2388 100.0 39.18 23.4076
9 8 0.0032 0.0002 100.0 518.67 641.76 1583.63 1400.4 14.62 21.6 556.39 2388.04 9065.65 1.3 47.33 524.85 2388.14 8139.54 8.3699 0.03 392 2388 100.0 39.1 23.4447
9 9 -0.0017 0.0005 100.0 518.67 642.44 1587.6 1402.06 14.62 21.6 556.89 2388.08 9060.34 1.3 47.08 524.51 2388.04 8145.27 8.3477 0.03 392 2388 100.0 38.87 23.4324
9 10 0.0004 0.0001 100.0 518.67 642.23 1584.04 1402.18 14.62 21.6 556.55 2388.11 9058.56 1.3 47.23 524.24 2388.05 8144.93 8.4063 0.03 393 2388 100.0 39.09 23.4342
9 11 0.0 -0.0002 100.0 518.67 642.3 1580.84 1404.42 14.62 21.6 556.32 2388.09 9062.58 1.3 47.38 524.15 2388.1 8144.35 8.3054 0.03 390 2388 100.0 39.17 23.5543
9 12 0.0023 -0.0001 100.0 518.67 641.94 1584.25 1403.16 14.62 21.6 555.98 2388.03 9059.05 1.3 47.14 524.07 2388.05 8143.42 8.3996 0.03 392 2388 100.0 39.12 23.495
9 13 -0.0002 0.0002 100.0 518.67 642.24 1590.64 1400.29 14.62 21.6 556.23 2388.11 9061.35 1.3 47.43 524.43 2388.08 8138.34 8.3506 0.03 393 2388 100.0 39.18 23.4428
9 14 -0.0029 -0.0003 100.0 518.67 642.19 1591.14 1399.3 14.62 21.6 557.06 2388.1 9060.34 1.3 47.39 524.83 2388.1 8148.98 8.3527 0.03 391 2388 100.0 39.09 23.5475
9 15 -0.0001 -0.0001 100.0 518.67 642.54 1583.55 1405.49 14.62 21.6 557.04 2388.08 9059.59 1.3 47.23 524.73 2388.13 8146.46 8.355 0.03 392 2388 100.0 39.13 23.5152
9 16 -0.0008 -0.0001 100.0 518.67 642.43 1589.01 1395.9 14.62 21.6 556.64 2388.1 9056.51 1.3 47.23 524.83 2388.09 8149.08 8.3506 0.03 391 2388 100.0 39.1 23.5487
9 17 -0.0006 0.0002 100.0 518.67 642.04 1577.05 1404.26 14.62 21.6 556.8 2388.01 9058.81 1.3 47.41 524.87 2388.08 8144.74 8.3835 0.03 390 2388 100.0 39.37 23.498
9 18 0.0007 0.0 100.0 518.67 642.39 1583.03 1402.34 14.62 21.6 557.35 2388.09 9061.75 1.3 47.18 524.47 2388.09 8146.63 8.3399 0.03 392 2388 100.0 39.21 23.4608
9 19 0.0027 0.0005 100.0 518.67 642.08 1579.04 1394.35 14.62 21.6 556.32 2388.13 9058.25 1.3 47.16 524.47 2388.05 8142.21 8.3316 0.03 392 2388 100.0 39.11 23.5156
9 20 0.0005 0.0004 100.0 518.67 642.25 1587.1 1395.71 14.62 21.6 557.27 2388.09 9057.14 1.3 47.45 525.0 2388.07 8142.72 8.3203 0.03 393 2388 100.0 38.95 23.5592
9 21 0.0006 0.0004 100.0 518.67 642.32 1585.03 1403.84 14.62 21.6 556.89 2388.1 9059.19 1.3 47.19 524.18 2388.07 8149.0 8.3723 0.03 391 2388 100.0 39.27 23.5706
9 22 -0.0004 0.0002 100.0 518.67 642.48 1577.61 1399.59 14.62 21.6 556.85 2388.03 9059.99 1.3 47.2 523.97 2388.11 8148.26 8.3868 0.03 394 2388 100.0 39.38 23.444
9 23 -0.001 0.0005 100.0 518.67 641.89 1577.96 1398.31 14.62 21.6 556.3 2388.01 9064.56 1.3 47.24 524.16 2388.06 8138.77 8.3859 0.03 393 2388 100.0 39.09 23.4444
9 24 0.0035 0.0 100.0 518.67 642.32 1585.19 1398.48 14.62 21.6 556.16 2388.05 9060.46 1.3 47.11 524.61 2388.07 8141.9 8.376 0.03 392 2388 100.0 39.11 23.5685
9 25 0.0018 -0.0004 100.0 518.67 641.33 1586.73 1403.41 14.62 21.6 556.55 2388.07 9064.3 1.3 47.11 524.02 2388.11 8143.77 8.3383 0.03 393 2388 100.0 39.04 23.5292
9 26 -0.0011 0.0003 100.0 518.67 642.41 1590.89 1403.13 14.62 21.6 557.58 2388.09 9073.14 1.3 47.3 525.56 2388.07 8142.88 8.3122 0.03 391 2388 100.0 39.16 23.3622
9 27 0.0039 -0.0001 100.0 518.67 642.89 1587.01 1395.72 14.62 21.6 556.97 2388.09 9063.75 1.3 47.24 525.13 2388.12 8142.76 8.3472 0.03 391 2388 100.0 39.22 23.52
9 28 -0.0015 0.0001 100.0 518.67 642.2 1589.36 1406.02 14.62 21.6 557.25 2388.09 9058.33 1.3 47.39 524.63 2388.05 8143.45 8.3252 0.03 391 2388 100.0 39.16 23.4417
9 29 0.0002 -0.0003 100.0 518.67 641.93 1582.6 1401.94 14.62 21.6 556.46 2388.09 9063.22 1.3 47.22 524.54 2388.02 8142.72 8.3749 0.03 393 2388 100.0 39.14 23.5437
9 30 -0.0008 0.0001 100.0 518.67 641.86 1581.55 1396.51 14.62 21.6 557.4 2388.07 9063.22 1.3 47.19 524.75 2388.08 8146.24 8.3854 0.03 392 2388 100.0 39.15 23.4989
9 31 0.0021 -0.0002 100.0 518.67 642.16 1588.33 1397.82 14.62 21.6 556.57 2388.07 9056.83 1.3 47.17 525.05 2388.07 8143.66 8.3453 0.03 393 2388 100.0 39.2 23.526
9 32 0.0003 0.0004 100.0 518.67 642.1 1582.4 1395.26 14.62 21.6 556.83 2388.05 9065.36 1.3 47.25 524.4 2388.09 8141.15 8.3525 0.03 393 2388 100.0 39.22 23.4903
9 33 0.0017 0.0005 100.0 518.67 642.3 1586.09 1388.22 14.62 21.6 556.37 2388.1 9060.35 1.3 47.45 524.2 2388.14 8145.29 8.3411 0.03 392 2388 100.0 39.16 23.4603
9 34 0.0026 0.0 100.0 518.67 642.09 1581.49 1396.21 14.62 21.6 557.62 2388.07 9067.39 1.3 47.29 524.59 2388.07 8149.57 8.3685 0.03 391 2388 100.0 39.19 23.5449
9 35 0.0036 -0.0002 100.0 518.67 642.15 1588.14 1399.29 14.62 21.6 557.45 2388.12 9056.7 1.3 47.09 524.51 2388.08 8147.87 8.3707 0.03 394 2388 100.0 39.08 23.4639
9 36 0.0008 -0.0004 100.0 518.67 642.55 1580.25 1394.4 14.62 21.6 557.06 2388.1 9061.42 1.3 47.39 525.03 2388.06 8145.39 8.3881 0.03 393 2388 100.0 39.32 23.4422
9 37 -0.0019 0.0002 100.0 518.67 642.81 1585.49 1399.75 14.62 21.6 557.0 2388.1 9052.51 1.3 47.39 524.34 2388.11 8144.43 8.4097 0.03 392 2388 100.0 39.13 23.4742
9 38 -0.0034 -0.0004 100.0 518.67 641.61 1581.89 1395.9 14.62 21.6 556.49 2388.03 9057.82 1.3 47.37 524.45 2388.08 8137.31 8.334 0.03 392 2388 100.0 39.22 23.5559
9 39 -0.0021 -0.0002 100.0 518.67 642.14 1583.51 1397.11 14.62 21.6 557.14 2388.06 9064.66 1.3 47.23 524.81 2388.09 8148.99 8.3781 0.03 393 2388 100.0 39.13 23.6394
9 40 -0.001 0.0005 100.0 518.67 642.49 1590.57 1392.2 14.62 21.6 556.79 2388.08 9056.64 1.3 47.39 525.02 2388.06 8142.99 8.3418 0.03 393 2388 100.0 39.3 23.519
9 41 -0.0001 0.0001 100.0 518.67 642.7 1589.45 1402.43 14.62 21.6 557.13 2388.08 9057.44 1.3 47.14 525.05 2388.07 8149.13 8.3797 0.03 392 2388 100.0 39.06 23.5543
9 42 -0.0018 -0.0002 100.0 518.67 642.11 1582.59 1406.56 14.62 21.6 556.86 2388.11 9067.48 1.3 47.3 524.7 2388.05 8142.08 8.3135 0.03 392 2388 100.0 38.98 23.5144
9 43 -0.0039 -0.0001 100.0 518.67 642.15 1578.91 1399.33 14.62 21.6 556.91 2388.13 9062.12 1.3 47.42 524.73 2388.11 8145.92 8.3606 0.03 392 2388 100.0 39.11 23.5776
9 44 0.0017 0.0 100.0 518.67 642.42 1584.4 1395.38 14.62 21.6 556.38 2388.05 9054.93 1.3 47.02 524.63 2388.1 8144.24 8.3535 0.03 393 2388 100.0 39.18 23.4856
9 45 0.0007 0.0001 100.0 518.67 641.8 1580.01 1401.03 14.62 21.6 557.21 2388.12 9060.58 1.3 47.11 525.25 2388.04 8147.14 8.3514 0.03 392 2388 100.0 39.24 23.497
9 46 0.0015 -0.0003 100.0 518.67 641.96 1590.51 1400.37 14.62 21.6 556.65 2388.11 9061.66 1.3 47.31 524.8 2388.07 8151.58 8.3697 0.03 392 2388 100.0 39.29 23.3763
9 47 0.0026 -0.0004 100.0 518.67 641.83 1581.1 1393.23 14.62 21.6 556.86 2388.06 9056.14 1.3 47.33 524.67 2388.11 8143.18 8.3434 0.03 392 2388 100.0 39.22 23.4792
9 48 -0.0026 -0.0 100.0 518.67 642.23 1589.43 1397.01 14.62 21.6 557.08 2387.98 9070.01 1.3 47.08 524.02 2388.08 8149.99 8.3457 0.03 392 2388 100.0 39.12 23.5554
9 49 0.0045 -0.0003 100.0 518.67 642.04 1579.1 1404.84 14.62 21.6 556.91 2388.11 9059.61 1.3 47.13 524.99 2388.04 8141.68 8.3699 0.03 391 2388 100.0 39.22 23.5315
9 50 0.0028 -0.0005 100.0 518.67 642.03 1581.35 1394.73 14.62 21.6 557.16 2388.06 9069.74 1.3 47.48 524.19 2388.07 8145.6 8.3593 0.03 392 2388 100.0 39.18 23.4518
9 51 0.0019 -0.0004 100.0 518.67 642.41 1580.14 1396.98 14.62 21.6 556.87 2388.04 9058.0 1.3 47.25 524.58 2388.05 8143.74 8.4012 0.03 391 2388 100.0 39.22 23.4459
9 52 0.0018 0.0001 100.0 518.67 642.0 1581.62 1405.76 14.62 21.6 557.12 2388.06 9058.54 1.3 47.36 524.73 2388.13 8140.25 8.3813 0.03 392 2388 100.0 38.91 23.4359
9 53 0.0032 0.0004 100.0 518.67 642.35 1584.51 1401.02 14.62 21.6 556.2 2388.05 9064.62 1.3 47.24 524.24 2388.12 8140.7 8.3726 0.03 392 2388 100.0 39.11 23.5772
9 54 0.0017 0.0005 100.0 518.67 642.24 1586.85 1400.82 14.62 21.6 556.84 2388.13 9058.79 1.3 47.17 524.81 2388.09 8142.27 8.3749 0.03 391 2388 100.0 39.1 23.5022
9 55 0.0022 0.0003 100.0 518.67 641.68 1581.56 1396.23 14.62 21.6 556.06 2388.12 9070.37 1.3 47.23 524.52 2388.02 8144.82 8.387 0.03 392 2388 100.0 38.88 23.4938
9 56 0.0016 -0.0004 100.0 518.67 642.2 1585.21 1396.33 14.62 21.6 556.8 2388.02 9059.44 1.3 47.34 524.8 2388.09 8147.81 8.3533 0.03 392 2388 100.0 39.14 23.3913
9 57 0.001 -0.0001 100.0 518.67 642.39 1583.89 1399.5 14.62 21.6 557.41 2388.06 9056.53 1.3 47.15 524.09 2388.14 8144.76 8.3856 0.03 391 2388 100.0 39.14 23.5393
9 58 0.0018 0.0005 100.0 518.67 641.58 1596.69 1399.07 14.62 21.6 556.56 2388.11 9061.75 1.3 47.32 524.85 2388.06 8146.73 8.3547 0.03 393 2388 100.0 39.15 23.4423
9 59 0.0011 0.0002 100.0 518.67 642.09 1583.23 1398.86 14.62 21.6 558.2 2388.1 9059.58 1.3 47.06 524.87 2388.09 8144.92 8.3316 0.03 392 2388 100.0 39.17 23.58
9 60 0.0011 -0.0001 100.0 518.67 642.36 1585.23 1399.72 14.62 21.6 556.84 2388.03 9060.25 1.3 47.37 524.98 2388.07 8145.91 8.3162 0.03 391 2388 100.0 39.18 23.5385
9 61 -0.0025 0.0 100.0 518.67 641.95 1584.15 1402.17 14.62 21.6 556.72 2388.09 9059.15 1.3 47.17 524.29 2388.15 8142.75 8.3783 0.03 391 2388 100.0 39.09 23.4857
9 62 -0.0023 -0.0004 100.0 518.67 642.15 1577.25 1400.16 14.62 21.6 557.59 2388.03 9077.53 1.3 47.46 525.09 2388.03 8150.46 8.3225 0.03 392 2388 100.0 39.09 23.458
9 63 -0.0004 -0.0004 100.0 518.67 642.77 1582.39 1400.16 14.62 21.6 557.0 2388.14 9062.59 1.3 47.3 525.31 2388.12 8144.08 8.3523 0.03 391 2388 100.0 39.27 23.5978
9 64 -0.0027 -0.0001 100.0 518.67 642.54 1582.84 1403.06 14.62 21.6 556.6 2388.09 9063.25 1.3 47.24 524.45 2388.15 8141.72 8.3529 0.03 393 2388 100.0 39.28 23.4844
9 65 0.0005 -0.0004 100.0 518.67 641.87 1585.06 1402.92 14.62 21.6 556.57 2388.04 9059.11 1.3 47.23 524.67 2388.09 8142.72 8.394 0.03 392 2388 100.0 39.31 23.4346
9 66 -0.0014 0.0001 100.0 518.67 641.89 1589.34 1397.6 14.62 21.6 557.12 2388.06 9054.4 1.3 47.21 524.92 2388.09 8146.38 8.3729 0.03 392 2388 100.0 39.26 23.4959
9 67 -0.0007 0.0003 100.0 518.67 642.72 1590.88 1403.14 14.62 21.6 555.92 2388.07 9069.84 1.3 47.19 524.87 2388.01 8146.46 8.3717 0.03 393 2388 100.0 39.28 23.4791
9 68 -0.0005 -0.0004 100.0 518.67 642.43 1587.57 1396.07 14.62 21.6 556.52 2388.11 9060.63 1.3 47.22 524.52 2388.06 8146.0 8.3579 0.03 392 2388 100.0 38.97 23.4797
9 69 -0.0018 0.0001 100.0 518.67 642.77 1586.38 1395.77 14.62 21.6 556.84 2388.05 9064.68 1.3 47.26 525.04 2388.1 8146.91 8.3149 0.03 392 2388 100.0 39.14 23.5704
9 70 0.0045 0.0002 100.0 518.67 642.6 1584.42 1396.47 14.62 21.6 556.57 2388.11 9067.11 1.3 47.29 524.86 2388.09 8145.18 8.3652 0.03 393 2388 100.0 39.11 23.4563
9 71 0.001 -0.0001 100.0 518.67 642.45 1584.42 1401.7 14.62 21.6 555.87 2388.07 9061.09 1.3 47.23 525.1 2388.09 8140.81 8.3617 0.03 392 2388 100.0 39.2 23.6732
9 72 -0.0031 0.0002 100.0 518.67 642.23 1585.49 1400.18 14.62 21.6 556.71 2388.06 9061.84 1.3 47.22 524.85 2388.06 8138.85 8.3654 0.03 392 2388 100.0 39.13 23.4423
9 73 -0.002 -0.0001 100.0 518.67 642.06 1585.53 1394.84 14.62 21.6 556.24 2388.07 9063.26 1.3 47.32 524.92 2388.05 8146.0 8.3649 0.03 391 2388 100.0 39.08 23.4558
9 74 -0.0018 0.0005 100.0 518.67 641.68 1587.52 1399.65 14.62 21.6 557.39 2388.05 9062.35 1.3 47.37 524.51 2388.06 8134.76 8.3668 0.03 392 2388 100.0 39.02 23.5511
9 75 0.0041 0.0002 100.0 518.67 642.23 1586.48 1392.79 14.62 21.6 556.88 2388.01 9060.89 1.3 47.39 524.84 2388.04 8145.53 8.3731 0.03 393 2388 100.0 39.24 23.574
9 76 0.0015 0.0005 100.0 518.67 642.23 1589.25 1409.93 14.62 21.6 556.26 2388.05 9060.95 1.3 47.36 524.26 2388.01 8141.07 8.3893 0.03 393 2388 100.0 39.3 23.5007
9 77 0.003 -0.0005 100.0 518.67 641.87 1585.47 1399.66 14.62 21.6 556.67 2388.1 9067.91 1.3 47.23 524.61 2388.07 8138.49 8.3621 0.03 392 2388 100.0 39.19 23.4736
9 78 0.0053 0.0001 100.0 518.67 642.12 1580.64 1403.94 14.62 21.6 556.68 2388.04 9060.82 1.3 47.31 524.93 2388.07 8138.79 8.3803 0.03 394 2388 100.0 38.95 23.4965
9 79 0.0016 -0.0002 100.0 518.67 642.78 1586.93 1396.0 14.62 21.6 556.51 2388.13 9060.72 1.3 47.39 524.52 2388.12 8140.55 8.4106 0.03 393 2388 100.0 39.3 23.5669
9 80 -0.0022 0.0001 100.0 518.67 642.3 1582.08 1396.5 14.62 21.6 556.61 2388.06 9063.72 1.3 47.4 524.9 2388.06 8145.92 8.3896 0.03 393 2388 100.0 39.07 23.4949
9 81 0.0031 0.0003 100.0 518.67 642.3 1580.59 1399.51 14.62 21.6 556.64 2388.09 9061.62 1.3 47.17 524.25 2388.03 8137.77 8.3401 0.03 392 2388 100.0 39.17 23.5545
9 82 -0.0009 0.0001 100.0 518.67 641.99 1590.61 1398.16 14.62 21.6 556.75 2388.1 9066.0 1.3 47.32 524.89 2388.1 8152.88 8.3348 0.03 390 2388 100.0 39.32 23.4517
9 83 -0.001 -0.0001 100.0 518.67 641.74 1591.8 1396.17 14.62 21.6 556.93 2388.13 9060.13 1.3 47.31 524.57 2388.12 8146.78 8.3752 0.03 392 2388 100.0 39.14 23.467
9 84 -0.0006 0.0001 100.0 518.67 642.83 1587.31 1400.36 14.62 21.6 556.04 2388.14 9061.47 1.3 47.41 525.27 2388.05 8143.04 8.3397 0.03 393 2388 100.0 39.2 23.5692
9 85 0.0016 -0.0002 100.0 518.67 642.33 1583.93 1396.52 14.62 21.6 556.89 2388.09 9062.5 1.3 47.38 525.05 2388.11 8144.9 8.3414 0.03 393 2388 100.0 39.05 23.447
9 86 0.0036 -0.0 100.0 518.67 642.48 1588.31 1396.38 14.62 21.6 557.74 2388.08 9060.91 1.3 47.19 524.84 2388.09 8145.01 8.3686 0.03 392 2388 100.0 39.12 23.5524
9 87 0.0002 -0.0002 100.0 518.67 642.19 1588.46 1406.51 14.62 21.6 557.66 2388.11 9062.54 1.3 47.27 524.64 2388.12 8147.37 8.385 0.03 393 2388 100.0 39.29 23.5626
9 88 0.0013 -0.0005 100.0 518.67 642.3 1586.0 1407.35 14.62 21.6 556.27 2388.08 9057.12 1.3 47.35 524.64 2388.03 8143.83 8.3962 0.03 390 2388 100.0 39.12 23.5204
9 89 -0.0055 0.0004 100.0 518.67 642.69 1589.13 1406.77 14.62 21.6 556.96 2388.04 9065.23 1.3 47.2 525.72 2388.12 8145.62 8.3689 0.03 391 2388 100.0 39.22 23.5172
9 90 -0.0033 -0.0004 100.0 518.67 641.97 1589.16 1399.66 14.62 21.6 556.9 2388.05 9057.65 1.3 47.37 524.05 2388.05 8143.38 8.3616 0.03 392 2388 100.0 39.21 23.4495
9 91 -0.0014 -0.0004 100.0 518.67 641.65 1585.91 1398.23 14.62 21.6 556.79 2388.03 9059.03 1.3 47.31 524.37 2388.05 8146.1 8.3753 0.03 392 2388 100.0 39.03 23.5379
9 92 -0.0032 0.0 100.0 518.67 642.49 1585.77 1399.17 14.62 21.6 557.18 2388.15 9061.04 1.3 47.24 524.81 2388.08 8148.31 8.3729 0.03 394 2388 100.0 39.1 23.5417
9 93 -0.0015 -0.0003 100.0 518.67 642.29 1585.04 1395.39 14.62 21.6 557.1 2388.02 9063.31 1.3 47.3 524.96 2388.03 8148.41 8.3502 0.03 391 2388 100.0 39.07 23.4988
9 94 -0.0006 0.0004 100.0 518.67 643.01 1589.37 1390.7 14.62 21.6 556.77 2388.08 9064.82 1.3 47.42 525.33 2388.09 8144.16 8.3182 0.03 392 2388 100.0 39.2 23.5246
9 95 0.0007 0.0004 100.0 518.67 642.12 1589.5 1397.01 14.62 21.6 557.06 2388.07 9059.19 1.3 47.31 525.36 2388.07 8142.2 8.3605 0.03 393 2388 100.0 39.09 23.4375
9 96 -0.0002 0.0005 100.0 518.67 642.42 1581.31 1401.4 14.62 21.6 557.79 2388.03 9064.86 1.3 47.45 524.51 2388.06 8149.46 8.365 0.03 393 2388 100.0 39.25 23.3302
9 97 0.002 0.0004 100.0 518.67 642.19 1580.4 1391.94 14.62 21.6 556.4 2388.09 9059.52 1.3 47.27 525.44 2388.1 8143.54 8.3358 0.03 391 2388 100.0 39.2 23.449
9 98 -0.0033 0.0005 100.0 518.67 642.33 1584.53 1393.73 14.62 21.6 557.44 2388.06 9056.97 1.3 47.19 524.69 2388.07 8142.26 8.3618 0.03 391 2388 100.0 39.29 23.5556
9 99 -0.0018 0.0003 100.0 518.67 642.24 1588.74 1400.46 14.62 21.6 557.14 2388.09 9069.63 1.3 47.24 524.36 2388.08 8147.07 8.3741 0.03 392 2388 100.0 39.18 23.4955
9 100 0.0011 0.0005 100.0 518.67 642.77 1580.11 1396.28 14.62 21.6 556.32 2388.06 9063.1 1.3 47.17 524.41 2388.08 8140.39 8.3433 0.03 392 2388 100.0 39.18 23.6211
9 101 -0.0005 0.0005 100.0 518.67 642.64 1582.49 1394.01 14.62 21.6 557.47 2388.05 9066.43 1.3 47.26 524.48 2388.03 8145.38 8.4013 0.03 393 2388 100.0 39.22 23.4811
9 102 0.0025 0.0004 100.0 518.67 642.09 1579.97 1392.77 14.62 21.6 557.32 2388.05 9061.46 1.3 47.38 525.35 2388.12 8144.34 8.3635 0.03 391 2388 100.0 39.03 23.5209
9 103 -0.0016 -0.0004 100.0 518.67 641.83 1595.73 1399.65 14.62 21.6 556.58 2388.1 9066.54 1.3 47.3 525.25 2388.07 8141.93 8.345 0.03 392 2388 100.0 39.32 23.41
9 104 -0.0019 0.0 100.0 518.67 641.86 1580.97 1397.48 14.62 21.6 556.86 2388.05 9059.51 1.3 47.39 524.11 2388.1 8147.29 8.3496 0.03 392 2388 100.0 39.01 23.4994
9 105 0.001 0.0001 100.0 518.67 642.0 1588.82 1402.76 14.62 21.6 557.11 2388.12 9069.08 1.3 47.22 525.49 2388.13 8145.65 8.3563 0.03 391 2388 100.0 39.11 23.5664
9 106 0.0012 0.0003 100.0 518.67 641.79 1579.96 1403.74 14.62 21.6 556.8 2388.08 9062.37 1.3 47.28 524.56 2388.02 8144.95 8.3824 0.03 393 2388 100.0 39.19 23.5103
9 107 -0.0017 -0.0004 100.0 518.67 642.14 1583.97 1402.86 14.62 21.6 557.1 2388.05 9067.39 1.3 47.26 524.49 2388.12 8149.42 8.3383 0.03 392 2388 100.0 39.18 23.5023
9 108 -0.0023 -0.0002 100.0 518.67 642.21 1578.77 1401.82 14.62 21.6 557.38 2388.1 9061.12 1.3 47.3 524.62 2388.1 8146.29 8.331 0.03 392 2388 100.0 39.09 23.5083
9 109 -0.0006 -0.0 100.0 518.67 642.49 1584.18 1400.06 14.62 21.6 557.55 2388.08 9066.61 1.3 47.28 525.32 2388.11 8144.21 8.3626 0.03 394 2388 100.0 39.13 23.4512
9 110 0.0008 0.0001 100.0 518.67 641.73 1578.59 1400.24 14.62 21.6 556.46 2388.12 9066.11 1.3 47.12 524.36 2388.13 8141.51 8.3456 0.03 393 2388 100.0 39.05 23.5095
9 111 0.0002 0.0005 100.0 518.67 641.94 1586.58 1397.07 14.62 21.6 556.33 2388.08 9068.8 1.3 47.33 525.21 2388.04 8151.1 8.3643 0.03 392 2388 100.0 39.21 23.4948
9 112 -0.0053 0.0001 100.0 518.67 641.97 1585.37 1399.31 14.62 21.6 557.58 2388.06 9065.3 1.3 47.22 524.6 2388.08 8149.18 8.3749 0.03 393 2388 100.0 39.05 23.5345
9 113 -0.0001 0.0001 100.0 518.67 642.31 1581.96 1398.28 14.62 21.6 556.68 2388.1 9058.95 1.3 47.04 524.19 2387.99 8142.12 8.3675 0.03 391 2388 100.0 39.32 23.4376
9 114 0.0033 -0.0004 100.0 518.67 642.36 1583.47 1396.23 14.62 21.6 557.39 2388.12 9071.71 1.3 47.29 525.27 2388.09 8138.38 8.3483 0.03 391 2388 100.0 39.36 23.4662
9 115 0.0027 0.0005 100.0 518.67 641.91 1590.83 1396.18 14.62 21.6 556.9 2388.1 9067.19 1.3 47.33 524.75 2388.09 8145.21 8.3506 0.03 392 2388 100.0 39.11 23.4703
9 116 0.002 0.0 100.0 518.67 641.97 1586.2 1402.54 14.62 21.6 557.35 2388.08 9070.94 1.3 47.37 525.22 2388.12 8147.11 8.3774 0.03 391 2388 100.0 39.18 23.5866
9 117 -0.0006 -0.0002 100.0 518.67 642.23 1581.48 1397.06 14.62 21.6 557.15 2388.12 9062.76 1.3 47.39 525.25 2388.08 8142.85 8.3611 0.03 392 2388 100.0 39.16 23.4998
9 118 -0.0021 0.0002 100.0 518.67 642.06 1593.68 1398.81 14.62 21.6 556.95 2388.12 9065.76 1.3 47.16 524.71 2388.11 8150.51 8.3774 0.03 392 2388 100.0 39.27 23.5439
9 119 -0.0001 -0.0 100.0 518.67 642.41 1580.25 1398.51 14.62 21.6 557.23 2388.03 9067.67 1.3 47.09 525.12 2388.15 8145.43 8.3328 0.03 391 2388 100.0 39.05 23.4013
9 120 0.0021 0.0 100.0 518.67 642.04 1591.88 1401.44 14.62 21.6 557.36 2388.1 9063.54 1.3 47.24 525.35 2388.14 8146.29 8.3563 0.03 393 2388 100.0 39.25 23.5182
9 121 0.0018 -0.0001 100.0 518.67 642.6 1579.99 1398.34 14.62 21.6 557.15 2388.11 9064.33 1.3 47.47 524.85 2388.07 8148.12 8.3016 0.03 393 2388 100.0 39.29 23.4695
9 122 0.0029 0.0001 100.0 518.67 642.09 1580.72 1405.53 14.62 21.6 557.19 2388.11 9067.45 1.3 47.22 525.35 2388.09 8148.98 8.3466 0.03 392 2388 100.0 39.21 23.4697
9 123 -0.0027 -0.0004 100.0 518.67 642.0 1587.82 1397.03 14.62 21.6 557.0 2388.09 9061.75 1.3 47.29 524.61 2388.07 8141.11 8.3469 0.03 393 2388 100.0 39.29 23.3886
9 124 0.0011 0.0003 100.0 518.67 642.11 1589.38 1397.48 14.62 21.6 557.66 2388.08 9067.03 1.3 47.23 524.92 2388.11 8147.34 8.355 0.03 393 2388 100.0 39.16 23.5685
9 125 0.0042 0.0001 100.0 518.67 642.48 1585.54 1396.66 14.62 21.6 557.42 2388.1 9064.83 1.3 47.16 524.81 2388.09 8145.64 8.3705 0.03 392 2388 100.0 39.01 23.509
9 126 -0.001 0.0003 100.0 518.67 642.04 1583.99 1398.15 14.62 21.6 557.76 2388.07 9066.33 1.3 47.35 524.83 2388.09 8150.79 8.3761 0.03 392 2388 100.0 39.26 23.5744
9 127 0.0009 0.0005 100.0 518.67 642.4 1586.0 1397.08 14.62 21.6 556.57 2388.08 9058.12 1.3 47.3 524.65 2388.08 8144.25 8.3562 0.03 392 2388 100.0 39.2 23.5195
9 128 -0.001 -0.0 100.0 518.67 642.32 1587.76 1398.83 14.62 21.6 557.04 2388.07 9068.65 1.3 47.22 524.5 2388.05 8143.29 8.3594 0.03 393 2388 100.0 39.19 23.596
9 129 -0.0055 -0.0 100.0 518.67 641.77 1585.84 1398.33 14.62 21.6 557.53 2388.07 9063.35 1.3 47.4 525.26 2388.1 8143.04 8.3577 0.03 393 2388 100.0 39.15 23.4205
9 130 0.0017 -0.0001 100.0 518.67 642.78 1589.91 1406.9 14.62 21.6 556.61 2388.05 9059.12 1.3 47.34 525.23 2388.12 8142.96 8.3509 0.03 393 2388 100.0 39.26 23.4179
9 131 -0.0005 -0.0 100.0 518.67 642.55 1585.23 1397.57 14.62 21.6 557.41 2388.06 9060.26 1.3 47.31 525.2 2388.08 8147.5 8.3628 0.03 392 2388 100.0 39.33 23.4281
9 132 0.0025 0.0001 100.0 518.67 642.35 1583.4 1390.43 14.62 21.6 556.15 2388.09 9058.0 1.3 47.36 525.03 2388.03 8139.43 8.3403 0.03 394 2388 100.0 39.32 23.5445
9 133 0.0017 0.0001 100.0 518.67 642.46 1584.07 1402.34 14.62 21.6 557.84 2388.12 9066.98 1.3 47.51 525.58 2388.11 8148.15 8.3405 0.03 393 2388 100.0 39.34 23.5661
9 134 -0.0033 -0.0003 100.0 518.67 642.25 1590.7 1398.66 14.62 21.6 557.34 2388.11 9066.2 1.3 47.25 525.28 2388.12 8141.76 8.3459 0.03 393 2388 100.0 39.3 23.5006
9 135 -0.0008 0.0004 100.0 518.67 641.87 1587.75 1397.99 14.62 21.6 557.88 2388.13 9068.72 1.3 47.34 525.57 2388.09 8143.72 8.3632 0.03 392 2388 100.0 39.2 23.5894
9 136 -0.0038 0.0003 100.0 518.67 642.12 1585.58 1407.76 14.62 21.6 557.48 2388.08 9064.3 1.3 47.32 525.5 2388.14 8150.25 8.3499 0.03 391 2388 100.0 39.26 23.6207
9 137 -0.0016 -0.0004 100.0 518.67 642.39 1586.95 1406.31 14.62 21.6 557.43 2388.08 9065.73 1.3 47.25 524.97 2388.07 8146.9 8.3444 0.03 392 2388 100.0 39.0 23.5
9 138 0.0023 0.0004 100.0 518.67 641.68 1583.9 1397.67 14.62 21.6 557.17 2388.08 9064.53 1.3 47.34 525.75 2388.04 8145.2 8.3898 0.03 393 2388 100.0 39.21 23.4348
9 139 0.0003 -0.0003 100.0 518.67 642.52 1588.16 1395.56 14.62 21.6 556.99 2388.08 9055.82 1.3 47.46 524.68 2388.12 8143.81 8.373 0.03 392 2388 100.0 39.06 23.5162
9 140 0.0017 0.0002 100.0 518.67 641.61 1583.41 1402.17 14.62 21.6 557.56 2388.03 9065.27 1.3 47.27 525.18 2388.11 8147.29 8.3563 0.03 393 2388 100.0 39.31 23.5318
9 141 0.0011 0.0004 100.0 518.67 643.03 1583.71 1402.0 14.62 21.6 558.02 2388.11 9067.47 1.3 47.41 525.32 2388.1 8142.65 8.3257 0.03 390 2388 100.0 39.15 23.45
9 142 -0.0001 0.0002 100.0 518.67 642.11 1585.56 1398.25 14.62 21.6 557.11 2388.09 9067.74 1.3 47.26 524.51 2388.09 8146.44 8.356 0.03 392 2388 100.0 39.26 23.5839
9 143 0.0026 0.0005 100.0 518.67 642.3 1587.33 1403.98 14.62 21.6 557.8 2388.12 9063.15 1.3 47.33 524.94 2388.05 8143.34 8.3785 0.03 392 2388 100.0 39.07 23.4503
9 144 0.0004 0.0001 100.0 518.67 642.47 1587.7 1395.21 14.62 21.6 557.47 2388.08 9062.81 1.3 47.15 524.65 2388.07 8148.12 8.4112 0.03 393 2388 100.0 39.31 23.4938
9 145 -0.001 -0.0001 100.0 518.67 641.83 1588.12 1400.48 14.62 21.6 557.01 2388.05 9070.74 1.3 47.23 525.12 2388.14 8143.95 8.3588 0.03 390 2388 100.0 39.14 23.5935
9 146 -0.001 -0.0005 100.0 518.67 641.82 1585.97 1400.37 14.62 21.6 557.06 2388.11 9061.98 1.3 47.22 525.36 2388.11 8148.85 8.3722 0.03 392 2388 100.0 39.16 23.4958
9 147 -0.0011 0.0002 100.0 518.67 642.67 1596.08 1400.8 14.62 21.6 557.08 2388.13 9067.69 1.3 47.21 525.27 2388.07 8148.47 8.3592 0.03 391 2388 100.0 39.0 23.5237
9 148 -0.0027 -0.0003 100.0 518.67 642.11 1578.05 1395.35 14.62 21.6 557.51 2388.06 9062.15 1.3 47.18 525.5 2388.06 8145.87 8.3581 0.03 393 2388 100.0 39.16 23.5391
9 149 0.001 0.0 100.0 518.67 642.51 1594.6 1396.5 14.62 21.6 557.47 2388.06 9061.76 1.3 47.19 524.98 2388.12 8144.75 8.3662 0.03 394 2388 100.0 39.37 23.5078
9 150 0.0004 0.0003 100.0 518.67 642.23 1584.92 1393.45 14.62 21.6 557.02 2388.08 9056.1 1.3 47.32 525.11 2388.08 8144.5 8.3643 0.03 392 2388 100.0 39.04 23.4557
9 151 -0.0025 0.0002 100.0 518.67 642.22 1588.11 1397.28 14.62 21.6 557.0 2388.12 9065.99 1.3 47.24 524.58 2388.13 8149.8 8.3446 0.03 392 2388 100.0 39.26 23.5497
9 152 0.0022 0.0 100.0 518.67 641.89 1581.94 1400.98 14.62 21.6 556.73 2388.11 9064.94 1.3 47.43 524.95 2388.07 8147.17 8.3544 0.03 392 2388 100.0 39.16 23.6239
9 153 -0.0007 -0.0003 100.0 518.67 642.35 1583.18 1406.87 14.62 21.6 557.55 2388.11 9059.37 1.3 47.23 525.09 2388.06 8144.2 8.3759 0.03 390 2388 100.0 39.08 23.5051
9 154 -0.0002 0.0002 100.0 518.67 642.17 1579.62 1396.01 14.62 21.6 557.59 2388.09 9063.65 1.3 47.31 525.07 2388.12 8145.97 8.3371 0.03 392 2388 100.0 39.16 23.4895
9 155 0.0015 0.0001 100.0 518.67 641.86 1591.64 1398.21 14.62 21.6 557.99 2388.15 9065.81 1.3 47.37 525.58 2388.1 8145.71 8.3699 0.03 392 2388 100.0 39.18 23.5243
9 156 0.0033 -0.0004 100.0 518.67 641.98 1582.21 1394.17 14.62 21.6 557.36 2388.08 9062.05 1.3 47.48 525.1 2388.11 8141.38 8.3271 0.03 390 2388 100.0 39.18 23.5681
9 157 0.0062 0.0001 100.0 518.67 642.66 1593.48 1403.73 14.62 21.6 557.63 2388.07 9068.64 1.31 47.35 525.07 2388.09 8144.28 8.3593 0.03 393 2388 100.0 39.19 23.5512
9 158 -0.0033 0.0003 100.0 518.67 642.76 1587.26 1400.36 14.62 21.6 557.43 2388.02 9068.3 1.3 47.29 525.39 2388.04 8144.65 8.3842 0.03 392 2388 100.0 39.42 23.5083
9 159 0.001 -0.0005 100.0 518.67 642.3 1585.87 1395.97 14.62 21.6 556.87 2388.09 9066.02 1.3 47.27 524.95 2388.14 8141.49 8.3387 0.03 392 2388 100.0 39.28 23.4597
9 160 0.0035 0.0001 100.0 518.67 642.61 1589.46 1397.5 14.62 21.6 557.61 2388.1 9061.4 1.3 47.1 525.19 2388.09 8145.96 8.3636 0.03 392 2388 100.0 39.27 23.4844
9 161 0.0003 -0.0 100.0 518.67 642.94 1577.53 1400.41 14.62 21.6 557.02 2388.06 9067.09 1.3 47.4 525.11 2388.06 8150.41 8.3113 0.03 394 2388 100.0 39.21 23.5126
9 162 -0.0003 -0.0002 100.0 518.67 642.46 1587.2 1402.08 14.62 21.6 558.0 2388.06 9062.67 1.3 47.28 525.48 2388.09 8147.22 8.3521 0.03 393 2388 100.0 39.2 23.4168
9 163 0.001 0.0005 100.0 518.67 642.58 1586.82 1407.06 14.62 21.6 557.33 2388.07 9069.23 1.3 47.29 525.42 2388.03 8147.99 8.3131 0.03 392 2388 100.0 39.19 23.361
9 164 0.0004 0.0005 100.0 518.67 642.21 1581.29 1401.26 14.62 21.6 558.26 2388.1 9070.24 1.3 47.15 525.03 2388.11 8139.25 8.3429 0.03 392 2388 100.0 39.29 23.5209
9 165 0.0008 -0.0003 100.0 518.67 642.43 1590.33 1393.7 14.62 21.6 558.16 2388.07 9067.28 1.3 47.25 525.53 2388.11 8147.76 8.3459 0.03 391 2388 100.0 39.38 23.4893
9 166 0.0018 0.0 100.0 518.67 642.07 1590.26 1400.92 14.62 21.61 558.09 2388.13 9067.47 1.3 47.34 525.8 2388.11 8143.41 8.3935 0.03 394 2388 100.0 39.09 23.475
9 167 -0.0006 -0.0002 100.0 518.67 642.63 1588.9 1394.37 14.62 21.6 557.31 2388.05 9058.15 1.3 47.17 525.26 2388.12 8144.47 8.3799 0.03 394 2388 100.0 39.15 23.4519
9 168 0.0035 -0.0003 100.0 518.67 642.52 1584.52 1397.9 14.62 21.6 557.23 2388.07 9065.39 1.3 47.35 524.91 2388.04 8149.59 8.3403 0.03 392 2388 100.0 39.18 23.5492
9 169 -0.0005 0.0005 100.0 518.67 642.8 1578.1 1403.06 14.62 21.6 557.12 2388.08 9064.31 1.3 47.35 525.48 2388.04 8147.54 8.3559 0.03 394 2388 100.0 39.11 23.5255
9 170 -0.0018 0.0004 100.0 518.67 642.85 1590.43 1407.88 14.62 21.6 556.76 2388.08 9064.59 1.3 47.29 525.21 2388.05 8144.88 8.3342 0.03 392 2388 100.0 39.31 23.5885
9 171 -0.002 0.0 100.0 518.67 642.28 1587.41 1403.15 14.62 21.6 557.71 2388.15 9065.79 1.3 47.31 525.06 2388.13 8150.01 8.3737 0.03 392 2388 100.0 39.3 23.5493
9 172 -0.0021 0.0 100.0 518.67 642.47 1589.4 1399.3 14.62 21.6 557.66 2388.07 9070.64 1.3 47.2 525.37 2388.11 8151.34 8.3539 0.03 393 2388 100.0 39.21 23.4938
9 173 0.001 0.0 100.0 518.67 642.46 1584.27 1399.92 14.62 21.6 557.39 2388.11 9062.56 1.3 47.18 524.68 2388.07 8142.44 8.3469 0.03 392 2388 100.0 39.07 23.6064
9 174 -0.0002 -0.0002 100.0 518.67 642.18 1580.3 1405.21 14.62 21.6 558.3 2388.12 9072.52 1.3 47.37 525.54 2388.1 8144.8 8.3444 0.03 393 2388 100.0 39.33 23.5451
9 175 -0.0007 0.0002 100.0 518.67 642.65 1585.17 1408.32 14.62 21.6 557.99 2388.08 9068.02 1.3 47.22 525.42 2388.05 8145.93 8.3462 0.03 393 2388 100.0 39.13 23.4728
9 176 -0.0012 0.0001 100.0 518.67 642.27 1590.5 1397.91 14.62 21.6 557.29 2388.1 9063.69 1.3 47.3 525.29 2388.08 8140.36 8.353 0.03 392 2388 100.0 39.26 23.5641
9 177 0.0014 -0.0002 100.0 518.67 641.91 1578.08 1396.36 14.62 21.6 556.19 2388.0 9064.98 1.3 47.34 524.81 2388.04 8147.09 8.3873 0.03 390 2388 100.0 39.17 23.4979
9 178 -0.0021 0.0004 100.0 518.67 642.17 1574.81 1406.2 14.62 21.6 556.92 2388.11 9063.14 1.3 47.49 524.99 2388.06 8148.31 8.3278 0.03 393 2388 100.0 39.24 23.5325
9 179 0.0023 -0.0003 100.0 518.67 642.42 1594.97 1406.34 14.62 21.6 557.2 2388.1 9063.8 1.3 47.31 525.97 2388.13 8151.27 8.3422 0.03 391 2388 100.0 39.3 23.6076
9 180 0.0 -0.0001 100.0 518.67 642.09 1592.86 1399.32 14.62 21.6 558.42 2388.12 9068.83 1.3 47.36 525.11 2388.14 8146.78 8.3599 0.03 392 2388 100.0 39.22 23.616
9 181 -0.0017 -0.0003 100.0 518.67 642.62 1586.77 1408.01 14.62 21.6 558.5 2388.12 9067.31 1.3 47.2 525.8 2388.08 8145.67 8.3375 0.03 392 2388 100.0 39.13 23.4666
9 182 -0.0041 -0.0002 100.0 518.67 642.1 1589.69 1402.53 14.62 21.6 556.72 2388.14 9062.11 1.3 47.29 525.15 2388.0 8146.42 8.3735 0.03 393 2388 100.0 39.29 23.4319
9 183 -0.0018 -0.0002 100.0 518.67 642.55 1586.1 1404.65 14.62 21.6 557.65 2388.1 9063.79 1.3 47.4 525.13 2388.12 8148.85 8.3711 0.03 392 2388 100.0 39.35 23.5241
9 184 -0.0003 -0.0002 100.0 518.67 642.04 1586.04 1400.86 14.62 21.6 557.66 2388.13 9072.17 1.3 47.49 525.77 2388.09 8146.54 8.3994 0.03 393 2388 100.0 39.07 23.4929
9 185 -0.0012 -0.0002 100.0 518.67 642.45 1592.51 1400.76 14.62 21.6 557.29 2388.1 9067.24 1.3 47.26 525.73 2388.17 8149.23 8.385 0.03 393 2388 100.0 39.27 23.5821
9 186 -0.0013 -0.0002 100.0 518.67 642.62 1585.96 1396.29 14.62 21.6 557.29 2388.12 9073.4 1.3 47.32 525.61 2388.06 8148.85 8.3391 0.03 394 2388 100.0 39.22 23.3787
9 187 -0.0037 0.0004 100.0 518.67 642.26 1580.36 1398.61 14.62 21.6 557.99 2388.14 9064.21 1.3 47.37 525.57 2388.14 8150.72 8.3475 0.03 394 2388 100.0 39.3 23.4622
9 188 -0.0008 0.0002 100.0 518.67 641.84 1592.3 1398.63 14.62 21.6 557.2 2388.12 9069.86 1.3 47.48 525.12 2388.13 8147.86 8.3332 0.03 392 2388 100.0 39.14 23.559
9 189 0.0004 -0.0002 100.0 518.67 642.35 1583.8 1408.25 14.62 21.6 557.81 2388.18 9067.75 1.3 47.41 525.94 2388.11 8146.12 8.3247 0.03 393 2388 100.0 39.29 23.5145
9 190 0.0017 0.0003 100.0 518.67 642.62 1585.56 1401.33 14.62 21.6 557.12 2388.08 9067.13 1.3 47.16 524.83 2388.05 8149.46 8.3626 0.03 391 2388 100.0 39.03 23.478
9 191 -0.0003 -0.0003 100.0 518.67 642.04 1586.75 1399.33 14.62 21.6 557.48 2388.13 9060.96 1.3 47.34 525.95 2388.09 8149.61 8.3471 0.03 392 2388 100.0 39.2 23.4901
9 192 -0.0007 -0.0002 100.0 518.67 642.42 1586.66 1395.97 14.62 21.6 557.44 2388.11 9066.69 1.3 47.27 525.13 2388.09 8146.46 8.3597 0.03 392 2388 100.0 39.23 23.538
9 193 0.0015 0.0005 100.0 518.67 642.6 1584.34 1400.31 14.62 21.6 558.01 2388.1 9067.26 1.3 47.29 525.12 2388.07 8142.28 8.3347 0.03 392 2388 100.0 39.08 23.5588
9 194 0.0008 -0.0005 100.0 518.67 642.71 1589.58 1407.75 14.62 21.6 556.71 2388.08 9068.5 1.3 47.08 525.3 2388.05 8146.85 8.3476 0.03 393 2388 100.0 39.24 23.5077
9 195 -0.0016 0.0001 100.0 518.67 641.86 1589.94 1406.15 14.62 21.6 557.27 2388.11 9070.61 1.3 47.47 525.5 2388.07 8154.73 8.3464 0.03 393 2388 100.0 39.28 23.5604
9 196 0.0002 -0.0004 100.0 518.67 641.92 1585.06 1406.03 14.62 21.6 557.32 2388.13 9061.34 1.3 47.45 526.26 2388.16 8148.35 8.3331 0.03 394 2388 100.0 39.28 23.456
9 197 -0.0019 -0.0003 100.0 518.67 642.98 1588.74 1405.52 14.62 21.6 557.32 2388.1 9063.64 1.3 47.41 525.87 2388.06 8142.67 8.3377 0.03 393 2388 100.0 39.04 23.5208
9 198 0.0 0.0004 100.0 518.67 642.38 1586.78 1407.57 14.62 21.6 559.19 2388.1 9071.54 1.3 47.57 526.48 2388.1 8151.76 8.3195 0.03 393 2388 100.0 39.3 23.5807
9 199 0.0008 -0.0 100.0 518.67 642.35 1585.56 1397.87 14.62 21.6 557.91 2388.15 9068.04 1.3 47.33 525.99 2388.06 8153.06 8.3434 0.03 391 2388 100.0 39.15 23.6231
9 200 -0.0034 0.0003 100.0 518.67 641.91 1586.01 1404.83 14.62 21.6 557.42 2388.12 9069.22 1.3 47.32 525.78 2388.14 8142.6 8.3736 0.03 393 2388 100.0 39.17 23.4821
9 201 -0.0042 -0.0004 100.0 518.67 641.95 1592.52 1403.24 14.62 21.6 558.65 2388.14 9069.97 1.3 47.47 525.74 2388.1 8151.62 8.3395 0.03 392 2388 100.0 39.25 23.5551
9 202 -0.0023 0.0 100.0 518.67 642.35 1581.55 1401.13 14.62 21.6 558.58 2388.15 9063.1 1.3 47.4 526.17 2388.17 8144.8 8.3359 0.03 391 2388 100.0 39.32 23.5319
9 203 0.0031 -0.0003 100.0 518.67 642.43 1585.96 1401.87 14.62 21.6 558.06 2388.08 9069.36 1.3 47.46 525.67 2388.1 8141.41 8.3466 0.03 392 2388 100.0 39.12 23.5332
9 204 0.0004 0.0003 100.0 518.67 642.38 1586.05 1396.05 14.62 21.6 558.63 2388.16 9058.69 1.3 47.38 525.33 2388.12 8147.27 8.3495 0.03 392 2388 100.0 39.18 23.5653
9 205 0.0038 -0.0002 100.0 518.67 642.62 1583.51 1400.41 14.62 21.6 557.8 2388.08 9069.54 1.3 47.36 525.28 2388.14 8148.37 8.3318 0.03 393 2388 100.0 39.13 23.5318
9 206 -0.001 -0.0004 100.0 518.67 642.09 1590.37 1397.27 14.62 21.6 557.93 2388.14 9069.04 1.3 47.26 525.4 2388.05 8147.5 8.286 0.03 392 2388 100.0 39.28 23.5511
9 207 -0.0009 -0.0003 100.0 518.67 642.55 1589.57 1405.93 14.62 21.6 557.5 2388.12 9064.95 1.3 47.49 525.79 2388.12 8147.53 8.3427 0.03 393 2388 100.0 39.18 23.5717
9 208 0.0009 0.0004 100.0 518.67 641.99 1581.33 1399.27 14.62 21.6 557.91 2388.18 9062.88 1.3 47.33 525.8 2388.2 8146.53 8.3634 0.03 393 2388 100.0 39.41 23.5003
9 209 -0.0056 -0.0003 100.0 518.67 642.59 1579.69 1398.06 14.62 21.6 557.75 2388.1 9068.95 1.3 47.24 525.49 2388.11 8141.99 8.3244 0.03 392 2388 100.0 39.14 23.5173
9 210 -0.0015 0.0002 100.0 518.67 642.13 1582.71 1398.87 14.62 21.6 558.18 2388.14 9078.29 1.3 47.35 525.97 2388.14 8149.02 8.3521 0.03 391 2388 100.0 39.24 23.4905
9 211 0.0025 -0.0003 100.0 518.67 642.39 1585.35 1402.55 14.62 21.6 558.06 2388.09 9067.34 1.31 47.2 525.89 2388.1 8148.04 8.3458 0.03 393 2388 100.0 39.26 23.439
9 212 -0.0015 -0.0001 100.0 518.67 642.1 1593.97 1402.23 14.62 21.6 557.44 2388.1 9068.27 1.31 47.31 525.56 2388.06 8148.78 8.3529 0.03 392 2388 100.0 39.19 23.5492
9 213 0.0029 0.0003 100.0 518.67 642.07 1583.16 1401.96 14.62 21.6 557.75 2388.1 9065.48 1.3 47.41 525.52 2388.11 8147.89 8.3306 0.03 392 2388 100.0 39.15 23.4966
9 214 0.0003 -0.0004 100.0 518.67 642.64 1584.15 1404.99 14.62 21.6 558.96 2388.1 9066.36 1.3 47.32 525.82 2388.1 8149.81 8.3464 0.03 392 2388 100.0 39.34 23.4612
9 215 -0.0005 0.0004 100.0 518.67 643.34 1588.54 1397.82 14.62 21.6 557.93 2388.09 9069.14 1.3 47.37 525.57 2388.06 8149.22 8.3553 0.03 392 2388 100.0 39.34 23.4304
9 216 -0.0011 -0.0001 100.0 518.67 642.09 1578.12 1402.04 14.62 21.6 558.13 2388.14 9075.87 1.3 47.34 525.81 2388.15 8151.5 8.3292 0.03 392 2388 100.0 39.28 23.588
9 217 -0.0051 -0.0004 100.0 518.67 642.34 1592.86 1401.34 14.62 21.6 557.95 2388.13 9061.5 1.3 47.14 525.88 2388.15 8147.09 8.3383 0.03 392 2388 100.0 39.18 23.5189
9 218 -0.0017 -0.0004 100.0 518.67 642.23 1594.16 1404.66 14.62 21.6 558.09 2388.11 9063.0 1.3 47.46 525.82 2388.15 8151.41 8.3657 0.03 393 2388 100.0 39.43 23.5448
9 219 -0.0017 -0.0002 100.0 518.67 641.82 1589.12 1397.78 14.62 21.6 557.42 2388.07 9070.88 1.3 47.57 526.25 2388.1 8140.96 8.3757 0.03 392 2388 100.0 39.28 23.6044
9 220 -0.005 0.0004 100.0 518.67 642.05 1590.86 1401.84 14.62 21.6 558.23 2388.12 9070.02 1.3 47.37 525.86 2388.1 8150.64 8.3726 0.03 392 2388 100.0 39.27 23.4984
9 221 -0.0014 -0.0002 100.0 518.67 642.2 1593.62 1406.32 14.62 21.6 557.79 2388.07 9076.6 1.3 47.43 526.19 2388.11 8148.22 8.3652 0.03 393 2388 100.0 39.25 23.6424
9 222 -0.0014 0.0004 100.0 518.67 642.52 1589.64 1394.41 14.62 21.6 558.19 2388.12 9073.8 1.3 47.41 526.25 2388.09 8148.4 8.3493 0.03 390 2388 100.0 39.03 23.4431
9 223 -0.0018 0.0 100.0 518.67 642.44 1594.71 1407.45 14.62 21.6 557.97 2388.12 9070.55 1.31 47.32 525.87 2388.13 8153.21 8.3324 0.03 392 2388 100.0 39.23 23.7036
9 224 -0.0003 -0.0 100.0 518.67 642.33 1582.9 1402.74 14.62 21.6 558.15 2388.1 9065.07 1.3 47.52 526.35 2388.14 8149.41 8.3451 0.03 393 2388 100.0 39.21 23.5053
9 225 0.0026 -0.0001 100.0 518.67 642.31 1588.9 1402.44 14.62 21.6 558.75 2388.16 9063.75 1.31 47.44 525.69 2388.08 8147.8 8.3517 0.03 392 2388 100.0 39.08 23.5636
9 226 0.0003 -0.0001 100.0 518.67 642.27 1581.65 1400.05 14.62 21.6 558.91 2388.19 9065.77 1.3 47.32 526.7 2388.11 8147.08 8.3591 0.03 392 2388 100.0 39.21 23.6107
9 227 0.0012 -0.0003 100.0 518.67 641.97 1588.26 1399.74 14.62 21.6 558.22 2388.14 9065.41 1.3 47.33 525.9 2388.13 8152.71 8.3425 0.03 391 2388 100.0 39.25 23.5431
9 228 -0.0054 -0.0001 100.0 518.67 642.29 1593.16 1406.99 14.62 21.6 558.11 2388.09 9066.49 1.3 47.3 525.97 2388.1 8147.94 8.3301 0.03 393 2388 100.0 39.36 23.4463
9 229 -0.0031 -0.0004 100.0 518.67 642.13 1589.32 1412.81 14.62 21.6 558.14 2388.08 9069.29 1.3 47.35 525.89 2388.09 8149.97 8.3142 0.03 393 2388 100.0 39.39 23.4818
9 230 -0.0002 0.0002 100.0 518.67 642.71 1580.76 1401.91 14.62 21.6 558.37 2388.12 9063.41 1.3 47.38 525.81 2388.14 8147.51 8.3464 0.03 392 2388 100.0 39.25 23.4698
9 231 -0.0002 -0.0003 100.0 518.67 642.99 1587.68 1402.79 14.62 21.6 558.21 2388.15 9070.59 1.3 47.44 526.4 2388.15 8146.13 8.28 0.03 393 2388 100.0 39.21 23.4801
9 232 -0.0013 0.0001 100.0 518.67 642.32 1589.19 1404.11 14.62 21.6 557.85 2388.11 9069.66 1.3 47.16 526.11 2388.14 8143.09 8.3478 0.03 394 2388 100.0 39.14 23.5355
9 233 -0.0012 0.0004 100.0 518.67 642.48 1588.37 1407.0 14.62 21.6 558.75 2388.12 9072.24 1.31 47.3 526.15 2388.08 8147.17 8.3315 0.03 393 2388 100.0 39.43 23.6812
9 234 -0.0012 -0.0001 100.0 518.67 642.4 1581.66 1402.62 14.62 21.6 558.74 2388.14 9068.52 1.3 47.5 526.05 2388.18 8149.69 8.371 0.03 392 2388 100.0 39.21 23.5996
9 235 -0.0029 -0.0004 100.0 518.67 642.05 1593.03 1403.09 14.62 21.6 558.86 2388.16 9065.66 1.3 47.44 525.9 2388.17 8147.42 8.3528 0.03 391 2388 100.0 39.29 23.5142
9 236 -0.0045 0.0005 100.0 518.67 642.36 1587.13 1403.76 14.62 21.6 558.78 2388.14 9071.3 1.3 47.5 525.95 2388.09 8154.78 8.3533 0.03 393 2388 100.0 39.24 23.5307
9 237 0.0015 -0.0004 100.0 518.67 642.56 1583.77 1399.27 14.62 21.6 558.42 2388.13 9065.2 1.3 47.66 526.67 2388.14 8148.59 8.3565 0.03 393 2388 100.0 39.24 23.5713
9 238 0.0007 -0.0002 100.0 518.67 642.49 1595.01 1414.4 14.62 21.6 558.34 2388.1 9071.04 1.3 47.36 526.62 2388.08 8149.26 8.3475 0.03 393 2388 100.0 39.2 23.4617
9 239 0.0019 -0.0005 100.0 518.67 641.72 1588.83 1404.5 14.62 21.6 557.95 2388.14 9069.81 1.3 47.47 526.21 2388.15 8147.68 8.3592 0.03 392 2388 100.0 39.22 23.5731
9 240 0.0009 -0.0003 100.0 518.67 643.2 1586.91 1406.96 14.62 21.6 558.42 2388.17 9076.42 1.3 47.41 526.51 2388.11 8154.62 8.3673 0.03 391 2388 100.0 39.27 23.5344
9 241 0.0005 0.0003 100.0 518.67 642.35 1589.44 1405.63 14.62 21.6 559.13 2388.15 9066.9 1.3 47.45 525.57 2388.19 8153.46 8.3634 0.03 392 2388 100.0 39.28 23.5826
9 242 0.0008 0.0001 100.0 518.67 642.01 1584.2 1399.17 14.62 21.6 558.28 2388.09 9064.3 1.3 47.36 525.72 2388.13 8151.64 8.2954 0.03 392 2388 100.0 39.08 23.5295
9 243 0.0025 0.0 100.0 518.67 642.14 1586.51 1411.1 14.62 21.6 558.36 2388.14 9072.61 1.3 47.45 525.99 2388.12 8153.78 8.3635 0.03 392 2388 100.0 39.36 23.5555
9 244 -0.0023 -0.0004 100.0 518.67 643.13 1586.36 1401.3 14.62 21.6 557.78 2388.16 9067.79 1.3 47.36 526.31 2388.11 8150.35 8.3418 0.03 391 2388 100.0 39.34 23.5375
9 245 0.0029 0.0005 100.0 518.67 642.21 1587.01 1401.6 14.62 21.6 558.69 2388.08 9079.56 1.3 47.41 527.21 2388.17 8149.29 8.34 0.03 394 2388 100.0 39.24 23.4769
9 246 0.0031 -0.0003 100.0 518.67 641.81 1582.93 1398.37 14.62 21.6 557.86 2388.09 9075.86 1.3 47.39 525.76 2388.09 8144.58 8.371 0.03 393 2388 100.0 39.28 23.5859
9 247 0.0052 -0.0003 100.0 518.67 642.27 1588.7 1400.91 14.62 21.6 558.48 2388.16 9078.93 1.31 47.22 526.32 2388.15 8153.12 8.3457 0.03 393 2388 100.0 39.23 23.5127
9 248 -0.0002 0.0005 100.0 518.67 642.58 1591.17 1404.66 14.62 21.6 558.86 2388.15 9071.62 1.3 47.41 526.55 2388.16 8153.69 8.3428 0.03 394 2388 100.0 39.34 23.5511
9 249 0.0014 0.0003 100.0 518.67 642.0 1599.22 1407.53 14.62 21.6 558.03 2388.18 9069.11 1.31 47.37 526.97 2388.19 8158.16 8.3584 0.03 392 2388 100.0 39.24 23.6216
9 250 -0.0032 -0.0001 100.0 518.67 642.62 1584.91 1410.55 14.62 21.6 558.77 2388.18 9080.78 1.3 47.33 526.56 2388.18 8144.68 8.3096 0.03 392 2388 100.0 39.32 23.5034
9 251 -0.0032 0.0005 100.0 518.67 642.31 1588.94 1403.61 14.62 21.6 558.18 2388.09 9068.22 1.3 47.33 526.72 2388.1 8150.72 8.371 0.03 393 2388 100.0 39.27 23.6043
9 252 -0.0058 0.0 100.0 518.67 642.61 1579.04 1397.24 14.62 21.6 559.37 2388.15 9074.13 1.31 47.47 527.1 2388.13 8154.52 8.346 0.03 395 2388 100.0 39.05 23.5912
9 253 -0.0023 -0.0004 100.0 518.67 642.59 1590.48 1400.14 14.62 21.6 558.38 2388.14 9068.14 1.31 47.46 526.45 2388.15 8149.43 8.3446 0.03 391 2388 100.0 39.27 23.473
9 254 -0.0023 0.0 100.0 518.67 642.75 1584.15 1408.19 14.62 21.6 558.52 2388.16 9069.22 1.31 47.49 526.46 2388.14 8153.43 8.33 0.03 391 2388 100.0 39.4 23.5749
9 255 -0.0025 0.0005 100.0 518.67 642.29 1585.35 1401.69 14.62 21.6 558.98 2388.2 9073.9 1.31 47.32 526.61 2388.18 8152.23 8.3511 0.03 393 2388 100.0 39.27 23.5421
9 256 0.0021 -0.0 100.0 518.67 641.81 1591.26 1400.58 14.62 21.6 557.78 2388.15 9067.21 1.3 47.36 526.94 2388.14 8151.86 8.3217 0.03 392 2388 100.0 39.24 23.6122
9 257 -0.0006 -0.0001 100.0 518.67 642.16 1580.42 1398.61 14.62 21.6 558.16 2388.15 9066.23 1.31 47.19 526.39 2388.13 8147.65 8.3168 0.03 393 2388 100.0 39.28 23.5922
9 258 0.0024 0.0004 100.0 518.67 642.24 1590.23 1403.16 14.62 21.6 558.84 2388.1 9069.29 1.3 47.2 526.5 2388.11 8156.97 8.3774 0.03 392 2388 100.0 39.3 23.4655
9 259 0.0014 0.0002 100.0 518.67 642.45 1590.66 1400.25 14.62 21.6 559.3 2388.11 9069.36 1.3 47.56 526.15 2388.14 8149.31 8.3579 0.03 393 2388 100.0 39.23 23.5017
9 260 0.0019 0.0005 100.0 518.67 642.63 1588.81 1402.07 14.62 21.6 559.93 2388.11 9075.37 1.3 47.31 526.42 2388.15 8149.13 8.3507 0.03 393 2388 100.0 39.11 23.5558
9 261 -0.0034 -0.0001 100.0 518.67 642.16 1593.94 1401.41 14.62 21.6 559.88 2388.14 9073.66 1.3 47.6 527.03 2388.16 8151.97 8.36 0.03 392 2388 100.0 39.28 23.4309
9 262 -0.0026 0.0003 100.0 518.67 642.83 1582.14 1402.11 14.62 21.6 559.79 2388.15 9074.42 1.31 47.58 526.81 2388.16 8150.76 8.3341 0.03 393 2388 100.0 39.17 23.4937
9 263 -0.0007 0.0005 100.0 518.67 642.46 1586.54 1401.74 14.62 21.6 559.14 2388.14 9076.32 1.31 47.27 526.7 2388.18 8149.68 8.3425 0.03 393 2388 100.0 39.1 23.4802
9 264 -0.0022 0.0005 100.0 518.67 642.31 1590.53 1402.62 14.62 21.6 559.03 2388.17 9074.9 1.3 47.38 526.89 2388.1 8151.67 8.3408 0.03 392 2388 100.0 39.27 23.5673
9 265 -0.0 -0.0004 100.0 518.67 642.53 1588.9 1403.79 14.62 21.6 559.19 2388.17 9074.95 1.31 47.3 526.51 2388.13 8155.36 8.3236 0.03 392 2388 100.0 39.16 23.5774
9 266 -0.0025 -0.0001 100.0 518.67 642.33 1587.73 1398.88 14.62 21.6 559.17 2388.15 9079.02 1.3 47.56 527.15 2388.16 8149.07 8.338 0.03 394 2388 100.0 39.42 23.6727
9 267 -0.0018 0.0002 100.0 518.67 642.48 1585.03 1408.48 14.62 21.6 558.91 2388.11 9062.37 1.31 47.49 526.64 2388.19 8153.36 8.37 0.03 393 2388 100.0 39.2 23.5212
9 268 -0.0028 0.0001 100.0 518.67 642.19 1589.64 1392.6 14.62 21.6 559.47 2388.17 9071.61 1.31 47.55 526.39 2388.17 8148.55 8.3643 0.03 394 2388 100.0 39.17 23.5746
9 269 -0.0035 0.0002 100.0 518.67 642.19 1587.21 1400.81 14.62 21.6 559.39 2388.15 9067.78 1.31 47.54 527.03 2388.14 8153.9 8.3426 0.03 392 2388 100.0 39.37 23.6129
9 270 -0.0016 0.0001 100.0 518.67 642.5 1587.29 1406.42 14.62 21.6 559.87 2388.19 9078.0 1.31 47.48 527.3 2388.19 8151.92 8.2904 0.03 393 2388 100.0 39.34 23.5499
9 271 0.0006 -0.0002 100.0 518.67 642.34 1590.56 1401.11 14.62 21.6 558.93 2388.13 9073.82 1.3 47.49 527.0 2388.12 8155.25 8.3276 0.03 393 2388 100.0 39.07 23.5981
9 272 0.0025 -0.0002 100.0 518.67 642.42 1586.06 1411.68 14.62 21.6 559.58 2388.19 9080.03 1.3 47.59 527.31 2388.16 8154.79 8.3689 0.03 392 2388 100.0 39.5 23.6449
9 273 0.001 0.0003 100.0 518.67 642.37 1592.1 1411.33 14.62 21.6 559.55 2388.18 9083.26 1.31 47.46 527.41 2388.16 8158.09 8.3067 0.03 392 2388 100.0 39.38 23.5056
9 274 -0.0021 0.0002 100.0 518.67 642.33 1595.86 1405.31 14.62 21.6 559.89 2388.18 9071.71 1.31 47.34 526.71 2388.2 8150.54 8.3353 0.03 392 2388 100.0 39.07 23.5013
9 275 -0.0001 -0.0004 100.0 518.67 642.95 1595.67 1401.91 14.62 21.6 560.25 2388.16 9079.46 1.3 47.72 527.1 2388.15 8159.56 8.3084 0.03 393 2388 100.0 39.38 23.554
9 276 -0.0022 -0.0002 100.0 518.67 642.7 1589.94 1405.12 14.62 21.6 559.45 2388.17 9075.52 1.31 47.45 527.66 2388.14 8152.38 8.3424 0.03 394 2388 100.0 39.21 23.5089
9 277 -0.0022 -0.0004 100.0 518.67 642.17 1592.72 1408.26 14.62 21.6 559.46 2388.2 9074.4 1.3 47.5 527.33 2388.16 8157.35 8.3196 0.03 394 2388 100.0 39.14 23.5944
9 278 -0.0014 -0.0004 100.0 518.67 642.37 1595.31 1403.64 14.62 21.6 558.69 2388.15 9075.76 1.31 47.45 527.24 2388.12 8152.08 8.2943 0.03 391 2388 100.0 39.31 23.5365
9 279 0.0041 -0.0002 100.0 518.67 641.99 1589.96 1400.78 14.62 21.6 560.09 2388.18 9074.83 1.31 47.46 527.37 2388.22 8155.36 8.3362 0.03 393 2388 100.0 39.4 23.5945
9 280 0.0004 -0.0 100.0 518.67 642.12 1599.09 1399.13 14.62 21.6 559.36 2388.24 9071.58 1.31 47.5 526.92 2388.15 8156.74 8.3381 0.03 393 2388 100.0 39.4 23.5107
9 281 -0.002 -0.0002 100.0 518.67 642.61 1588.07 1401.33 14.62 21.6 559.41 2388.17 9078.93 1.3 47.23 527.32 2388.15 8153.01 8.3413 0.03 394 2388 100.0 39.35 23.4502
9 282 -0.0001 0.0 100.0 518.67 642.89 1591.92 1407.48 14.62 21.6 560.25 2388.17 9077.95 1.31 47.62 527.71 2388.17 8153.82 8.3203 0.03 395 2388 100.0 39.41 23.5319
9 283 -0.0021 -0.0004 100.0 518.67 642.4 1593.48 1403.24 14.62 21.6 559.61 2388.2 9078.93 1.31 47.45 527.31 2388.13 8154.95 8.3381 0.03 392 2388 100.0 39.43 23.5614
9 284 0.001 0.0003 100.0 518.67 643.21 1589.15 1403.12 14.62 21.6 559.91 2388.12 9076.32 1.31 47.61 527.11 2388.17 8151.57 8.3055 0.03 391 2388 100.0 39.37 23.5748
9 285 0.0021 -0.0001 100.0 518.67 642.33 1584.04 1412.06 14.62 21.6 559.08 2388.19 9078.2 1.31 47.63 527.78 2388.18 8152.75 8.3203 0.03 394 2388 100.0 39.35 23.5198
9 286 0.0007 0.0004 100.0 518.67 642.62 1583.18 1409.18 14.62 21.6 559.83 2388.17 9076.79 1.31 47.68 527.18 2388.21 8150.03 8.332 0.03 393 2388 100.0 39.25 23.5987
9 287 0.0001 -0.0002 100.0 518.67 642.51 1591.88 1410.66 14.62 21.6 559.97 2388.21 9078.46 1.31 47.48 527.51 2388.2 8159.12 8.3306 0.03 392 2388 100.0 39.2 23.6247
9 288 -0.0011 -0.0003 100.0 518.67 642.64 1585.39 1401.88 14.62 21.6 559.61 2388.2 9072.21 1.31 47.47 527.06 2388.13 8148.52 8.3236 0.03 394 2388 100.0 39.22 23.5434
9 289 -0.0006 0.0002 100.0 518.67 642.1 1589.26 1402.5 14.62 21.6 560.04 2388.14 9080.37 1.31 47.54 527.8 2388.2 8152.91 8.3271 0.03 392 2388 100.0 39.46 23.4457
9 290 0.0006 0.0 100.0 518.67 642.32 1591.06 1412.14 14.62 21.6 559.61 2388.23 9089.79 1.31 47.54 527.53 2388.13 8155.79 8.3395 0.03 394 2388 100.0 39.21 23.6306
9 291 0.0042 -0.0004 100.0 518.67 642.22 1593.66 1404.23 14.62 21.6 560.58 2388.2 9078.97 1.31 47.29 527.22 2388.15 8155.68 8.3524 0.03 393 2388 100.0 39.15 23.7604
9 292 -0.0015 0.0002 100.0 518.67 643.08 1585.77 1414.44 14.62 21.6 559.79 2388.21 9084.4 1.31 47.43 528.05 2388.24 8155.7 8.3258 0.03 392 2388 100.0 39.37 23.5599
9 293 0.0021 -0.0001 100.0 518.67 642.06 1591.35 1407.05 14.62 21.6 560.07 2388.15 9082.32 1.31 47.49 527.8 2388.17 8149.07 8.3591 0.03 391 2388 100.0 39.33 23.5463
9 294 0.0018 -0.0004 100.0 518.67 642.72 1593.27 1415.01 14.62 21.6 559.23 2388.17 9076.91 1.31 47.55 528.68 2388.26 8153.58 8.3275 0.03 392 2388 100.0 39.4 23.6246
9 295 -0.0011 0.0001 100.0 518.67 642.4 1591.43 1404.83 14.62 21.6 560.01 2388.21 9079.26 1.31 47.55 528.11 2388.23 8160.25 8.3522 0.03 394 2388 100.0 39.29 23.6375
9 296 -0.0019 -0.0001 100.0 518.67 642.43 1587.02 1403.9 14.62 21.6 560.78 2388.21 9084.22 1.31 47.52 528.0 2388.22 8157.78 8.3228 0.03 394 2388 100.0 39.46 23.5939
9 297 -0.0007 -0.0002 100.0 518.67 643.14 1590.38 1398.78 14.62 21.6 559.52 2388.17 9077.36 1.31 47.73 527.74 2388.16 8153.23 8.3268 0.03 394 2388 100.0 39.2 23.5777
9 298 -0.0009 0.0001 100.0 518.67 642.32 1595.0 1409.9 14.62 21.6 559.76 2388.25 9077.09 1.31 47.52 527.34 2388.15 8158.91 8.3215 0.03 393 2388 100.0 39.24 23.6074
9 299 0.0007 0.0005 100.0 518.67 642.42 1589.3 1407.99 14.62 21.6 560.99 2388.21 9082.85 1.31 47.6 528.32 2388.23 8157.35 8.3057 0.03 393 2388 100.0 39.44 23.6649
9 300 0.0001 -0.0002 100.0 518.67 642.22 1591.41 1405.55 14.62 21.6 560.62 2388.22 9082.59 1.31 47.53 527.88 2388.19 8158.83 8.3623 0.03 394 2388 100.0 39.13 23.5785
9 301 0.0007 -0.0 100.0 518.67 642.68 1586.54 1398.0 14.62 21.6 560.17 2388.2 9082.58 1.31 47.64 527.91 2388.23 8153.48 8.3473 0.03 392 2388 100.0 39.52 23.5902
9 302 0.0029 -0.0 100.0 518.67 642.98 1584.48 1413.07 14.62 21.6 560.06 2388.22 9081.94 1.31 47.63 528.63 2388.24 8160.69 8.3284 0.03 394 2388 100.0 39.19 23.5744
9 303 -0.0034 0.0004 100.0 518.67 642.53 1593.58 1413.33 14.62 21.6 560.78 2388.24 9084.34 1.31 47.52 528.31 2388.19 8154.14 8.3176 0.03 392 2388 100.0 39.09 23.6439
9 304 -0.0036 -0.0003 100.0 518.67 642.56 1592.72 1401.46 14.62 21.6 560.5 2388.25 9077.08 1.31 47.63 528.42 2388.18 8156.15 8.3543 0.03 394 2388 100.0 39.29 23.5715
9 305 0.0001 0.0003 100.0 518.67 642.19 1590.45 1406.28 14.62 21.6 560.93 2388.24 9080.58 1.31 47.73 528.68 2388.22 8161.08 8.3346 0.03 394 2388 100.0 39.32 23.4776
9 306 -0.0011 -0.0002 100.0 518.67 642.52 1589.59 1402.55 14.62 21.6 560.03 2388.25 9087.26 1.31 47.62 528.11 2388.21 8158.95 8.3033 0.03 393 2388 100.0 39.28 23.6633
9 307 0.0004 0.0001 100.0 518.67 642.74 1591.41 1421.38 14.62 21.6 559.92 2388.19 9080.38 1.3 47.36 527.65 2388.2 8152.15 8.3142 0.03 393 2388 100.0 39.27 23.6309
9 308 -0.0011 0.0004 100.0 518.67 643.03 1588.67 1401.29 14.62 21.6 561.19 2388.21 9089.74 1.31 47.43 528.54 2388.24 8156.61 8.2924 0.03 394 2388 100.0 39.44 23.5808
9 309 0.0026 0.0001 100.0 518.67 642.63 1594.7 1408.44 14.62 21.6 560.79 2388.2 9086.38 1.31 47.52 528.31 2388.21 8159.64 8.3321 0.03 394 2388 100.0 39.21 23.6246
9 310 0.0041 -0.0003 100.0 518.67 642.66 1594.31 1407.14 14.62 21.6 561.12 2388.23 9077.85 1.31 47.42 528.69 2388.16 8156.57 8.337 0.03 394 2388 100.0 39.36 23.5498
9 311 -0.0006 -0.0001 100.0 518.67 642.47 1590.26 1401.66 14.62 21.6 561.19 2388.18 9080.32 1.31 47.61 528.69 2388.22 8162.43 8.3025 0.03 392 2388 100.0 39.19 23.6561
9 312 -0.0001 -0.0 100.0 518.67 642.99 1590.07 1401.56 14.62 21.6 560.92 2388.24 9088.05 1.31 47.6 528.43 2388.23 8156.33 8.3049 0.03 392 2388 100.0 39.34 23.5976
9 313 -0.002 -0.0 100.0 518.67 642.5 1587.29 1400.77 14.62 21.6 561.31 2388.2 9081.86 1.31 47.4 528.9 2388.27 8157.54 8.2874 0.03 394 2388 100.0 39.24 23.4877
9 314 0.0017 -0.0004 100.0 518.67 642.66 1593.8 1407.56 14.62 21.6 560.95 2388.25 9082.36 1.31 47.58 528.23 2388.29 8159.7 8.3537 0.03 393 2388 100.0 39.33 23.5906
9 315 -0.0001 0.0002 100.0 518.67 642.58 1587.25 1407.98 14.62 21.6 560.78 2388.19 9079.49 1.31 47.68 528.03 2388.24 8159.19 8.3156 0.03 393 2388 100.0 39.31 23.6097
9 316 0.0019 0.0002 100.0 518.67 642.93 1588.66 1405.97 14.62 21.6 560.64 2388.25 9086.9 1.31 47.39 528.8 2388.21 8161.26 8.314 0.03 395 2388 100.0 39.22 23.5924
9 317 0.0018 0.0001 100.0 518.67 642.76 1591.75 1404.42 14.62 21.6 561.43 2388.26 9078.28 1.31 47.7 528.46 2388.2 8159.42 8.2759 0.03 394 2388 100.0 39.37 23.6104
9 318 -0.0059 0.0005 100.0 518.67 642.56 1593.61 1411.8 14.62 21.6 561.3 2388.22 9076.14 1.31 47.68 528.78 2388.21 8159.6 8.3257 0.03 393 2388 100.0 39.35 23.5654
9 319 -0.0034 -0.0 100.0 518.67 642.55 1592.14 1410.73 14.62 21.6 561.53 2388.26 9090.16 1.31 47.54 528.99 2388.26 8158.3 8.3078 0.03 392 2388 100.0 39.27 23.5357
9 320 0.0011 0.0001 100.0 518.67 642.92 1598.7 1402.79 14.62 21.6 561.59 2388.25 9080.22 1.31 47.63 528.89 2388.22 8160.86 8.3067 0.03 394 2388 100.0 39.33 23.4979
9 321 -0.0023 -0.0003 100.0 518.67 642.39 1590.44 1408.34 14.62 21.6 561.09 2388.23 9082.1 1.31 47.68 529.12 2388.22 8157.42 8.3368 0.03 393 2388 100.0 39.45 23.609
9 322 0.0024 0.0001 100.0 518.67 642.68 1590.92 1405.27 14.62 21.6 562.21 2388.32 9082.73 1.31 47.5 529.27 2388.25 8161.33 8.3159 0.03 396 2388 100.0 39.29 23.5227
9 323 -0.0004 0.0005 100.0 518.67 642.47 1594.11 1411.92 14.62 21.6 560.87 2388.21 9084.44 1.31 47.5 528.94 2388.24 8161.89 8.3485 0.03 393 2388 100.0 39.59 23.5802
9 324 -0.0 -0.0 100.0 518.67 642.61 1588.31 1413.32 14.62 21.6 560.94 2388.24 9087.9 1.31 47.62 528.68 2388.27 8161.98 8.3363 0.03 394 2388 100.0 39.39 23.6734
9 325 0.0013 0.0001 100.0 518.67 642.61 1588.81 1407.91 14.62 21.6 561.4 2388.35 9082.97 1.31 47.54 528.65 2388.22 8162.53 8.3082 0.03 395 2388 100.0 39.39 23.6028
9 326 -0.0019 -0.0003 100.0 518.67 642.57 1593.28 1416.57 14.62 21.6 561.4 2388.27 9086.54 1.31 47.57 529.36 2388.27 8165.03 8.3122 0.03 394 2388 100.0 39.34 23.62
9 327 0.0019 -0.0003 100.0 518.67 642.28 1589.77 1409.7 14.62 21.6 561.43 2388.25 9081.38 1.31 47.69 529.17 2388.25 8158.93 8.2949 0.03 394 2388 100.0 39.46 23.6051
9 328 0.0032 -0.0002 100.0 518.67 643.02 1590.99 1414.25 14.62 21.6 562.2 2388.23 9083.23 1.31 47.64 529.31 2388.23 8163.7 8.3298 0.03 393 2388 100.0 39.47 23.5766
9 329 -0.0012 0.0 100.0 518.67 642.83 1594.33 1405.96 14.62 21.6 562.25 2388.28 9094.66 1.31 47.44 529.26 2388.22 8162.92 8.3061 0.03 393 2388 100.0 39.23 23.5664
9 330 0.0003 -0.0001 100.0 518.67 642.73 1594.62 1408.59 14.62 21.6 561.85 2388.26 9083.03 1.31 47.68 529.98 2388.24 8162.87 8.2981 0.03 395 2388 100.0 39.27 23.6979
9 331 -0.001 0.0005 100.0 518.67 642.71 1592.0 1413.74 14.62 21.6 561.67 2388.3 9085.24 1.31 47.55 529.42 2388.27 8167.41 8.322 0.03 393 2388 100.0 39.49 23.6773
9 332 -0.0023 0.0004 100.0 518.67 642.74 1593.1 1409.9 14.62 21.6 561.84 2388.26 9085.12 1.31 47.22 529.36 2388.28 8166.29 8.2999 0.03 394 2388 100.0 39.36 23.5781
9 333 0.003 -0.0003 100.0 518.67 642.98 1584.46 1415.26 14.62 21.6 561.78 2388.22 9089.81 1.31 47.64 529.37 2388.25 8161.18 8.3271 0.03 393 2388 100.0 39.49 23.6356
9 334 0.0004 -0.0 100.0 518.67 643.37 1591.1 1410.53 14.62 21.6 562.04 2388.27 9086.48 1.31 47.58 530.19 2388.29 8160.81 8.3333 0.03 394 2388 100.0 39.45 23.776
9 335 -0.0014 -0.0002 100.0 518.67 642.69 1597.23 1417.13 14.62 21.6 561.66 2388.28 9090.03 1.31 47.69 530.34 2388.31 8157.04 8.3153 0.03 394 2388 100.0 39.48 23.6391
9 336 -0.0069 -0.0003 100.0 518.67 642.38 1595.42 1408.7 14.62 21.6 561.71 2388.31 9090.43 1.31 47.57 530.0 2388.31 8162.03 8.2994 0.03 393 2388 100.0 39.41 23.6191
9 337 -0.0012 -0.0002 100.0 518.67 642.62 1595.88 1412.65 14.62 21.6 562.09 2388.23 9091.86 1.31 47.66 529.59 2388.29 8165.74 8.3379 0.03 394 2388 100.0 39.29 23.5613
9 338 -0.0006 -0.0004 100.0 518.67 643.25 1593.6 1407.19 14.62 21.6 562.45 2388.34 9086.87 1.31 47.49 530.39 2388.29 8163.71 8.2893 0.03 394 2388 100.0 39.44 23.5963
9 339 0.0023 0.0003 100.0 518.67 642.86 1606.34 1408.94 14.62 21.6 562.29 2388.24 9094.74 1.31 47.68 529.99 2388.25 8163.42 8.3214 0.03 396 2388 100.0 39.52 23.5122
9 340 -0.0018 -0.0004 100.0 518.67 642.56 1589.39 1411.09 14.62 21.6 562.26 2388.27 9089.7 1.31 47.64 529.39 2388.2 8166.48 8.3008 0.03 394 2388 100.0 39.25 23.5609
9 341 -0.0037 -0.0001 100.0 518.67 642.78 1592.77 1414.45 14.62 21.6 562.68 2388.31 9098.83 1.31 47.55 530.32 2388.23 8164.87 8.2838 0.03 393 2388 100.0 39.33 23.6253
9 342 -0.002 0.0001 100.0 518.67 642.97 1590.83 1417.12 14.62 21.6 563.14 2388.26 9088.62 1.31 47.64 529.74 2388.3 8160.88 8.3047 0.03 395 2388 100.0 39.24 23.6341
9 343 0.0004 -0.0005 100.0 518.67 643.05 1595.53 1410.19 14.62 21.6 562.61 2388.33 9086.34 1.31 47.67 530.54 2388.25 8164.43 8.2974 0.03 394 2388 100.0 39.38 23.642
9 344 -0.0002 -0.0001 100.0 518.67 642.82 1596.31 1414.42 14.62 21.6 563.04 2388.3 9092.42 1.31 47.64 530.16 2388.27 8169.1 8.2953 0.03 394 2388 100.0 39.33 23.5618
9 345 -0.0022 -0.0004 100.0 518.67 642.52 1587.23 1419.01 14.62 21.6 562.91 2388.3 9090.93 1.31 47.74 530.15 2388.27 8162.76 8.2815 0.03 395 2388 100.0 39.31 23.6737
9 346 0.0015 0.0005 100.0 518.67 642.32 1597.67 1404.3 14.62 21.6 562.53 2388.33 9091.88 1.31 47.77 530.5 2388.34 8164.56 8.2917 0.03 394 2388 100.0 39.53 23.6673
9 347 0.0023 -0.0001 100.0 518.67 641.77 1595.61 1412.71 14.62 21.6 563.17 2388.35 9090.71 1.31 47.74 530.6 2388.33 8170.79 8.2962 0.03 394 2388 100.0 39.45 23.6658
9 348 -0.004 0.0004 100.0 518.67 643.03 1597.46 1417.48 14.62 21.6 562.17 2388.29 9090.82 1.31 47.63 530.36 2388.32 8166.95 8.2937 0.03 394 2388 100.0 39.63 23.5915
9 349 0.0007 0.0002 100.0 518.67 642.88 1594.14 1416.15 14.62 21.6 563.25 2388.33 9099.48 1.31 47.66 531.02 2388.37 8169.75 8.3151 0.03 395 2388 100.0 39.48 23.5629
9 350 -0.0039 -0.0003 100.0 518.67 642.87 1600.06 1413.74 14.62 21.6 562.91 2388.29 9100.16 1.31 47.68 531.22 2388.31 8171.1 8.2808 0.03 395 2388 100.0 39.41 23.6658
9 351 0.0039 0.0003 100.0 518.67 642.54 1594.49 1409.01 14.62 21.6 563.19 2388.3 9092.02 1.31 47.77 530.63 2388.28 8168.92 8.2923 0.03 396 2388 100.0 39.33 23.6364
9 352 -0.0031 -0.0004 100.0 518.67 642.96 1588.92 1406.02 14.62 21.6 563.82 2388.36 9096.01 1.31 47.88 531.01 2388.31 8170.59 8.3039 0.03 395 2388 100.0 39.43 23.6633
9 353 0.0002 0.0005 100.0 518.67 642.49 1594.18 1415.98 14.62 21.6 563.62 2388.34 9090.03 1.31 47.81 531.27 2388.37 8171.38 8.272 0.03 395 2388 100.0 39.53 23.6842
9 354 -0.0043 -0.0 100.0 518.67 642.52 1599.61 1417.58 14.62 21.6 563.62 2388.35 9100.63 1.31 47.92 531.34 2388.35 8169.71 8.2893 0.03 394 2388 100.0 39.4 23.6423
9 355 -0.0019 -0.0002 100.0 518.67 642.63 1592.46 1418.98 14.62 21.6 562.66 2388.27 9090.71 1.31 47.75 530.83 2388.38 8169.78 8.2889 0.03 394 2388 100.0 39.51 23.7316
9 356 0.0006 -0.0 100.0 518.67 643.24 1593.88 1414.06 14.62 21.6 563.91 2388.31 9102.69 1.31 47.77 531.11 2388.32 8172.43 8.305 0.03 395 2388 100.0 39.39 23.7529
9 357 -0.0005 -0.0004 100.0 518.67 643.04 1592.83 1419.1 14.62 21.6 563.55 2388.29 9102.05 1.31 47.74 530.77 2388.28 8168.64 8.2889 0.03 394 2388 100.0 39.4 23.6527
9 358 0.0011 -0.0003 100.0 518.67 643.2 1591.7 1414.65 14.62 21.6 563.75 2388.28 9095.6 1.31 47.66 531.13 2388.32 8170.66 8.2863 0.03 394 2388 100.0 39.41 23.6541
9 359 -0.0007 -0.0002 100.0 518.67 642.94 1599.98 1417.5 14.62 21.6 563.65 2388.34 9094.03 1.31 47.84 531.62 2388.35 8169.34 8.2946 0.03 394 2388 100.0 39.44 23.5389
9 360 -0.0012 0.0003 100.0 518.67 643.18 1596.41 1421.98 14.62 21.6 563.55 2388.32 9099.72 1.31 47.75 531.48 2388.39 8171.78 8.2958 0.03 395 2388 100.0 39.7 23.6557
9 361 0.0035 0.0001 100.0 518.67 642.61 1601.11 1418.72 14.62 21.6 563.6 2388.45 9100.84 1.31 47.91 532.01 2388.34 8171.4 8.3072 0.03 395 2388 100.0 39.3 23.6766
9 362 0.0008 0.0005 100.0 518.67 643.35 1597.63 1413.95 14.62 21.6 564.54 2388.39 9096.9 1.31 47.79 531.59 2388.35 8172.85 8.2975 0.03 395 2388 100.0 39.44 23.6188
9 363 0.001 -0.0002 100.0 518.67 643.59 1594.17 1417.57 14.62 21.6 563.85 2388.35 9099.69 1.31 47.74 531.87 2388.32 8168.18 8.2744 0.03 395 2388 100.0 39.35 23.6356
9 364 -0.0022 -0.0002 100.0 518.67 642.93 1602.8 1413.84 14.62 21.6 564.34 2388.36 9102.62 1.31 47.9 531.74 2388.39 8167.91 8.289 0.03 396 2388 100.0 39.43 23.6855
9 365 0.002 0.0005 100.0 518.67 642.68 1589.43 1417.29 14.62 21.6 564.55 2388.37 9099.5 1.31 47.91 532.04 2388.37 8173.9 8.2604 0.03 394 2388 100.0 39.54 23.6963
9 366 -0.0024 0.0002 100.0 518.67 643.05 1598.91 1417.18 14.62 21.6 564.66 2388.38 9099.25 1.31 47.8 531.09 2388.32 8176.35 8.2592 0.03 394 2388 100.0 39.35 23.6714
9 367 0.001 0.0004 100.0 518.67 643.08 1598.65 1415.65 14.62 21.6 564.46 2388.33 9106.13 1.31 47.71 531.8 2388.33 8169.91 8.2648 0.03 393 2388 100.0 39.33 23.5777
9 368 -0.001 0.0005 100.0 518.67 642.87 1597.76 1416.65 14.62 21.6 564.5 2388.35 9106.66 1.31 47.91 532.52 2388.36 8175.95 8.2928 0.03 394 2388 100.0 39.45 23.7144
9 369 0.0005 0.0002 100.0 518.67 643.04 1595.32 1413.9 14.62 21.6 564.69 2388.38 9102.9 1.31 47.8 531.79 2388.35 8176.5 8.2999 0.03 395 2388 100.0 39.41 23.7408
9 370 0.002 0.0002 100.0 518.67 643.36 1601.99 1405.55 14.62 21.6 564.94 2388.37 9102.71 1.31 47.82 532.47 2388.3 8174.5 8.2746 0.03 395 2388 100.0 39.55 23.7424
9 371 -0.0008 -0.0002 100.0 518.67 642.56 1594.93 1411.84 14.62 21.6 565.7 2388.38 9107.04 1.31 47.91 532.91 2388.47 8182.65 8.2854 0.03 393 2388 100.0 39.58 23.6857
9 372 0.0005 -0.0002 100.0 518.67 642.8 1588.38 1410.3 14.62 21.6 564.76 2388.39 9102.85 1.31 48.02 532.24 2388.38 8179.74 8.2772 0.03 394 2388 100.0 39.57 23.6427
9 373 -0.0008 0.0002 100.0 518.67 642.84 1593.28 1417.57 14.62 21.6 565.44 2388.36 9103.5 1.31 47.91 533.03 2388.41 8177.2 8.2602 0.03 394 2388 100.0 39.46 23.6597
9 374 0.0004 0.0002 100.0 518.67 642.98 1600.09 1416.75 14.62 21.6 565.41 2388.4 9105.42 1.31 47.88 532.11 2388.35 8175.7 8.256 0.03 395 2388 100.0 39.36 23.7583
9 375 -0.0004 0.0001 100.0 518.67 643.39 1595.07 1421.5 14.62 21.6 564.74 2388.39 9104.35 1.31 48.02 533.17 2388.39 8182.62 8.2887 0.03 395 2388 100.0 39.42 23.6881
9 376 0.0001 -0.0 100.0 518.67 643.31 1598.58 1415.37 14.62 21.6 565.71 2388.39 9108.4 1.31 47.96 533.71 2388.41 8179.39 8.3014 0.03 395 2388 100.0 39.34 23.7493
9 377 -0.0004 0.0004 100.0 518.67 642.83 1585.44 1414.35 14.62 21.6 565.61 2388.38 9107.66 1.31 47.9 532.2 2388.39 8174.46 8.2265 0.03 396 2388 100.0 39.53 23.662
9 378 -0.0014 0.0001 100.0 518.67 642.99 1603.37 1418.02 14.62 21.6 566.17 2388.43 9101.68 1.31 47.9 533.42 2388.42 8183.44 8.2568 0.03 396 2388 100.0 39.53 23.77
9 379 0.0 -0.0003 100.0 518.67 642.72 1601.3 1420.12 14.62 21.6 566.62 2388.43 9107.48 1.31 47.75 533.14 2388.45 8178.48 8.2655 0.03 396 2388 100.0 39.63 23.7731
9 380 0.0017 0.0005 100.0 518.67 642.36 1603.91 1420.44 14.62 21.6 566.13 2388.46 9108.53 1.31 47.81 533.89 2388.44 8177.31 8.2938 0.03 394 2388 100.0 39.5 23.7594
9 381 -0.0023 -0.0001 100.0 518.67 642.95 1595.57 1414.58 14.62 21.6 566.46 2388.46 9109.53 1.31 48.01 534.33 2388.49 8175.08 8.2367 0.03 394 2388 100.0 39.61 23.7106
9 382 -0.0003 0.0002 100.0 518.67 643.06 1591.09 1419.0 14.62 21.6 566.4 2388.4 9105.72 1.31 47.88 533.06 2388.42 8185.48 8.2633 0.03 395 2388 100.0 39.66 23.7477
9 383 0.0003 0.0 100.0 518.67 642.91 1602.61 1422.74 14.62 21.61 565.98 2388.51 9113.21 1.31 47.98 534.56 2388.45 8178.26 8.286 0.03 395 2388 100.0 39.54 23.7218
9 384 -0.0001 0.0005 100.0 518.67 642.99 1603.65 1420.59 14.62 21.6 566.46 2388.44 9117.03 1.31 47.91 534.03 2388.43 8186.41 8.274 0.03 395 2388 100.0 39.43 23.7667
9 385 0.0044 0.0002 100.0 518.67 642.77 1601.32 1422.65 14.62 21.6 566.53 2388.42 9102.54 1.31 48.0 533.58 2388.41 8180.17 8.2483 0.03 395 2388 100.0 39.22 23.7083
9 386 0.0009 -0.0003 100.0 518.67 643.11 1597.53 1414.93 14.62 21.6 566.69 2388.5 9112.48 1.31 48.08 534.12 2388.44 8183.62 8.2418 0.03 398 2388 100.0 39.44 23.7827
9 387 -0.0016 0.0005 100.0 518.67 643.48 1592.05 1424.32 14.62 21.6 566.97 2388.44 9110.3 1.31 48.06 533.83 2388.39 8178.48 8.2665 0.03 395 2388 100.0 39.67 23.6731
9 388 -0.0037 0.0001 100.0 518.67 642.78 1596.06 1424.48 14.62 21.6 567.05 2388.43 9120.2 1.31 48.06 535.01 2388.4 8187.86 8.2897 0.03 397 2388 100.0 39.55 23.694
9 389 0.0004 0.0004 100.0 518.67 643.13 1603.23 1420.86 14.62 21.6 568.04 2388.51 9117.82 1.32 48.15 534.96 2388.5 8183.77 8.2718 0.03 397 2388 100.0 39.66 23.7835
9 390 -0.0006 -0.0001 100.0 518.67 642.61 1600.34 1427.47 14.62 21.61 568.03 2388.49 9115.02 1.31 48.02 534.72 2388.47 8183.65 8.2617 0.03 396 2388 100.0 39.63 23.788
9 391 0.0017 -0.0001 100.0 518.67 643.33 1600.9 1422.68 14.62 21.6 567.57 2388.56 9114.51 1.32 48.14 535.54 2388.49 8187.61 8.2496 0.03 397 2388 100.0 39.57 23.7506
9 392 -0.0007 0.0005 100.0 518.67 643.34 1597.9 1417.99 14.62 21.6 567.2 2388.46 9109.91 1.31 48.0 534.38 2388.46 8190.48 8.2514 0.03 396 2388 100.0 39.62 23.6293
9 393 -0.0033 0.0004 100.0 518.67 643.75 1604.14 1426.16 14.62 21.6 567.62 2388.47 9115.18 1.31 47.97 534.76 2388.47 8186.04 8.2254 0.03 397 2388 100.0 39.61 23.7258
9 394 -0.001 0.0003 100.0 518.67 642.73 1601.47 1415.93 14.62 21.6 567.45 2388.49 9115.75 1.31 47.95 534.99 2388.48 8185.59 8.2608 0.03 394 2388 100.0 39.82 23.6506
9 395 -0.0035 -0.0002 100.0 518.67 643.36 1604.15 1425.65 14.62 21.6 568.33 2388.52 9114.44 1.32 48.07 534.71 2388.49 8190.22 8.2249 0.03 397 2388 100.0 39.7 23.8172
9 396 0.0013 -0.0005 100.0 518.67 643.72 1599.58 1425.46 14.62 21.61 567.61 2388.45 9117.95 1.31 47.93 535.57 2388.53 8184.18 8.2358 0.03 396 2388 100.0 39.65 23.7806
9 397 0.0003 -0.0004 100.0 518.67 643.21 1603.85 1427.59 14.62 21.6 568.53 2388.52 9111.3 1.32 48.24 535.98 2388.51 8188.71 8.228 0.03 397 2388 100.0 39.42 23.8099
9 398 0.0015 0.0004 100.0 518.67 643.36 1598.94 1424.04 14.62 21.6 569.16 2388.44 9124.61 1.31 48.15 535.42 2388.53 8191.29 8.2447 0.03 398 2388 100.0 39.46 23.7853
9 399 0.0011 0.0004 100.0 518.67 643.12 1603.49 1429.16 14.62 21.6 568.37 2388.52 9125.62 1.32 47.9 535.35 2388.53 8192.69 8.2783 0.03 396 2388 100.0 39.71 23.797
9 400 0.001 0.0004 100.0 518.67 642.97 1598.56 1423.0 14.62 21.6 568.88 2388.52 9121.81 1.32 48.25 535.52 2388.45 8188.67 8.2523 0.03 398 2388 100.0 39.78 23.7835
9 401 0.0013 -0.0004 100.0 518.67 643.54 1598.86 1418.65 14.62 21.6 568.65 2388.5 9113.36 1.32 48.1 536.06 2388.54 8192.59 8.2566 0.03 396 2388 100.0 39.62 23.8134
9 402 -0.0002 0.0002 100.0 518.67 643.62 1604.51 1423.99 14.62 21.6 568.58 2388.54 9125.63 1.32 48.22 536.22 2388.48 8191.12 8.2339 0.03 397 2388 100.0 39.5 23.796
9 403 0.0011 0.0003 100.0 518.67 643.0 1601.44 1432.85 14.62 21.61 570.23 2388.56 9120.44 1.32 47.86 536.34 2388.52 8189.35 8.2267 0.03 396 2388 100.0 39.55 23.8554
9 404 -0.0014 -0.0001 100.0 518.67 643.25 1603.73 1427.53 14.62 21.6 568.33 2388.56 9120.91 1.32 48.23 536.21 2388.53 8190.48 8.2263 0.03 396 2388 100.0 39.57 23.7592
9 405 0.0001 -0.0002 100.0 518.67 643.17 1599.77 1424.99 14.62 21.6 569.14 2388.52 9124.63 1.32 48.28 536.32 2388.54 8195.3 8.2275 0.03 397 2388 100.0 39.56 23.894
9 406 0.001 -0.0002 100.0 518.67 643.26 1600.8 1429.76 14.62 21.6 569.3 2388.52 9120.83 1.32 48.2 537.11 2388.51 8193.86 8.2254 0.03 398 2388 100.0 39.72 23.7265
