70 1 42.0066 0.8403 100.0 445.0 549.86 1352.55 1115.19 3.91 5.71 139.15 2212.13 8331.64 1.02 41.84 131.39 2388.19 8097.7 9.3337 0.02 329 2212 100.0 10.48 6.3467
70 2 42.0019 0.8415 100.0 445.0 549.38 1350.52 1121.85 3.91 5.72 139.42 2212.08 8325.63 1.02 41.81 130.92 2388.21 8099.08 9.3318 0.02 329 2212 100.0 10.58 6.3689
70 3 35.0018 0.8419 100.0 449.44 555.06 1359.91 1122.04 5.48 8.0 194.71 2223.17 8357.18 1.02 41.61 182.92 2388.21 8079.53 9.324 0.02 334 2223 100.0 14.88 8.8745
70 4 25.0003 0.621 60.0 462.54 536.09 1261.31 1039.51 7.05 9.03 175.7 1915.53 8020.03 0.94 36.42 165.14 2028.4 7881.84 10.8518 0.02 305 1915 84.93 14.34 8.4898
70 5 35.0056 0.8413 100.0 449.44 555.29 1369.57 1119.92 5.48 8.0 194.06 2223.16 8357.93 1.02 41.63 183.09 2388.21 8077.12 9.2886 0.02 333 2223 100.0 14.86 8.9776
70 6 35.0012 0.84 100.0 449.44 555.36 1359.61 1127.17 5.48 8.0 195.29 2223.12 8357.6 1.02 41.6 183.35 2388.24 8081.29 9.2847 0.02 334 2223 100.0 14.86 8.9538
70 7 35.0022 0.84 100.0 449.44 555.7 1367.48 1123.76 5.48 8.0 195.41 2223.12 8357.24 1.02 41.66 183.11 2388.28 8075.05 9.3011 0.02 332 2223 100.0 14.62 8.9646
70 8 0.0 0.0 100.0 518.67 641.91 1584.13 1400.63 14.62 21.61 554.63 2388.03 9065.09 1.3 47.29 522.53 2388.04 8143.36 8.4032 0.03 391 2388 100.0 39.07 23.3375
70 9 0.002 0.0 100.0 518.67 641.69 1585.74 1400.32 14.62 21.61 554.19 2387.99 9068.8 1.3 47.17 522.49 2388.0 8144.41 8.4077 0.03 392 2388 100.0 39.09 23.4241
70 10 35.0046 0.84 100.0 449.44 555.37 1360.19 1119.65 5.48 8.0 195.22 2223.19 8356.7 1.02 41.72 183.28 2388.24 8075.82 9.2613 0.02 331 2223 100.0 14.86 8.923
70 11 41.9984 0.84 100.0 445.0 549.09 1348.24 1123.9 3.91 5.71 138.68 2212.1 8327.43 1.02 41.83 130.64 2388.23 8094.93 9.3648 0.02 329 2212 100.0 10.66 6.3856
70 12 42.0055 0.84 100.0 445.0 548.75 1351.0 1121.33 3.91 5.72 139.29 2212.18 8334.92 1.02 41.89 130.68 2388.23 8091.44 9.316 0.02 329 2212 100.0 10.71 6.3087
70 13 10.0062 0.25 100.0 489.05 603.81 1499.25 1301.04 10.52 15.49 395.63 2318.79 8792.87 1.26 45.06 371.83 2388.06 8140.51 8.6788 0.03 367 2319 100.0 28.58 17.2834
70 14 42.0043 0.84 100.0 445.0 549.04 1355.72 1120.68 3.91 5.72 138.92 2212.13 8331.09 1.02 41.84 130.76 2388.21 8092.62 9.3554 0.02 331 2212 100.0 10.64 6.2649
70 15 42.0051 0.84 100.0 445.0 549.32 1358.7 1117.21 3.91 5.72 138.38 2212.16 8329.24 1.02 41.82 131.24 2388.24 8096.18 9.3576 0.02 330 2212 100.0 10.63 6.4949
70 16 10.0017 0.2511 100.0 489.05 604.65 1490.58 1297.11 10.52 15.49 394.53 2318.84 8789.71 1.26 45.11 372.2 2388.02 8139.74 8.6276 0.03 367 2319 100.0 28.8 17.2186
70 17 42.0049 0.84 100.0 445.0 549.67 1354.67 1118.47 3.91 5.72 139.32 2212.13 8329.58 1.02 41.93 130.62 2388.23 8091.23 9.3323 0.02 330 2212 100.0 10.79 6.4243
70 18 42.006 0.84 100.0 445.0 549.38 1351.07 1118.86 3.91 5.72 139.21 2212.07 8333.01 1.02 41.85 130.86 2388.26 8095.76 9.3468 0.02 329 2212 100.0 10.58 6.3846
70 19 35.0063 0.84 100.0 449.44 555.41 1359.93 1129.08 5.48 8.0 194.72 2223.08 8350.57 1.02 41.77 184.1 2388.2 8076.49 9.2803 0.02 334 2223 100.0 14.82 8.9838
70 20 0.0008 0.0 100.0 518.67 642.41 1583.88 1396.42 14.62 21.61 554.57 2388.04 9072.54 1.3 47.18 522.52 2388.0 8146.75 8.3843 0.03 394 2388 100.0 39.12 23.4161
70 21 19.9984 0.701 100.0 491.19 607.08 1482.12 1243.84 9.35 13.65 335.08 2323.93 8735.91 1.08 44.02 315.61 2388.08 8071.02 9.2321 0.02 364 2324 100.0 24.5 14.8374
70 22 19.9991 0.7011 100.0 491.19 607.5 1476.1 1241.16 9.35 13.65 335.08 2323.95 8737.81 1.08 44.29 315.22 2388.09 8073.77 9.1715 0.02 364 2324 100.0 24.69 14.7499
70 23 25.0003 0.6214 60.0 462.54 536.6 1257.32 1039.42 7.05 9.02 174.84 1915.52 8024.61 0.94 36.42 165.02 2028.45 7883.58 10.875 0.02 306 1915 84.93 14.17 8.628
70 24 35.0044 0.8404 100.0 449.44 555.07 1366.1 1122.6 5.48 8.0 194.66 2223.13 8357.33 1.02 41.77 183.01 2388.23 8073.45 9.2921 0.02 333 2223 100.0 14.83 8.9097
70 25 42.004 0.84 100.0 445.0 549.05 1355.48 1123.21 3.91 5.71 139.28 2212.04 8330.91 1.02 42.02 130.09 2388.24 8096.51 9.3375 0.02 330 2212 100.0 10.7 6.3601
70 26 35.0012 0.8408 100.0 449.44 555.55 1363.73 1121.11 5.48 8.0 194.79 2223.12 8362.57 1.02 41.74 183.49 2388.26 8075.9 9.2967 0.02 332 2223 100.0 14.9 8.9125
70 27 10.0015 0.2516 100.0 489.05 604.49 1493.67 1303.32 10.52 15.49 394.25 2318.83 8785.95 1.26 45.05 371.86 2388.03 8141.1 8.6384 0.03 367 2319 100.0 28.7 17.1219
70 28 20.0072 0.7005 100.0 491.19 606.78 1478.49 1241.59 9.35 13.66 335.17 2323.92 8734.18 1.08 44.13 315.12 2388.11 8072.09 9.2067 0.02 365 2324 100.0 24.66 14.7773
70 29 20.0018 0.701 100.0 491.19 607.16 1487.31 1245.82 9.35 13.65 334.81 2323.92 8733.21 1.08 44.24 315.3 2388.06 8071.51 9.1591 0.02 363 2324 100.0 24.62 14.6876
70 30 42.0028 0.8411 100.0 445.0 549.36 1342.07 1118.06 3.91 5.72 138.82 2212.17 8331.09 1.02 41.91 130.91 2388.25 8102.6 9.3048 0.02 329 2212 100.0 10.66 6.3464
70 31 9.9995 0.2514 100.0 489.05 604.12 1491.64 1299.98 10.52 15.49 395.33 2318.87 8787.16 1.26 45.15 372.05 2387.98 8145.11 8.6216 0.03 369 2319 100.0 28.46 17.2528
70 32 35.0055 0.8417 100.0 449.44 555.78 1358.44 1128.52 5.48 8.0 194.57 2223.18 8360.12 1.02 41.82 183.65 2388.29 8075.39 9.2847 0.02 333 2223 100.0 14.87 8.8643
70 33 20.0069 0.7009 100.0 491.19 607.04 1475.9 1241.61 9.35 13.65 334.89 2323.97 8741.09 1.08 44.18 315.17 2388.12 8068.57 9.1769 0.02 365 2324 100.0 24.58 14.7063
70 34 0.0015 0.0 100.0 518.67 641.98 1585.35 1398.08 14.62 21.61 554.36 2388.04 9070.88 1.3 47.17 522.26 2388.01 8146.59 8.4147 0.03 392 2388 100.0 38.84 23.3641
70 35 0.0021 0.0008 100.0 518.67 642.22 1585.69 1391.86 14.62 21.61 554.91 2387.98 9067.4 1.3 47.18 522.26 2388.02 8143.72 8.3736 0.03 393 2388 100.0 38.97 23.4437
70 36 20.0 0.7 100.0 491.19 606.81 1485.2 1243.39 9.35 13.65 335.03 2323.92 8728.73 1.08 44.21 315.77 2388.15 8068.79 9.1944 0.02 365 2324 100.0 24.58 14.7465
70 37 10.0058 0.25 100.0 489.05 604.24 1498.64 1306.34 10.52 15.49 395.8 2318.83 8796.54 1.26 45.18 372.14 2388.07 8143.3 8.656 0.03 368 2319 100.0 28.71 17.1878
70 38 41.9989 0.84 100.0 445.0 549.87 1348.49 1126.22 3.91 5.71 138.58 2212.15 8336.14 1.02 41.97 130.46 2388.21 8093.61 9.3062 0.02 330 2212 100.0 10.74 6.3946
70 39 42.0056 0.8415 100.0 445.0 549.05 1350.88 1120.29 3.91 5.72 138.8 2212.16 8335.66 1.02 41.89 131.25 2388.26 8098.94 9.32 0.02 331 2212 100.0 10.68 6.3758
70 40 35.0037 0.8402 100.0 449.44 555.15 1363.33 1123.34 5.48 8.0 194.52 2223.12 8366.81 1.02 41.69 183.52 2388.2 8075.55 9.3203 0.02 332 2223 100.0 14.99 8.9465
70 41 42.0007 0.84 100.0 445.0 549.47 1350.83 1118.56 3.91 5.72 138.95 2212.15 8333.43 1.02 41.91 130.92 2388.22 8097.26 9.3503 0.02 331 2212 100.0 10.74 6.3731
70 42 35.0011 0.84 100.0 449.44 555.53 1360.58 1127.32 5.48 8.0 194.46 2223.13 8354.48 1.02 41.82 183.65 2388.27 8079.45 9.3013 0.02 334 2223 100.0 14.98 8.9926
70 43 19.9981 0.7 100.0 491.19 607.35 1481.49 1248.69 9.35 13.66 335.21 2323.97 8735.09 1.08 44.12 315.55 2388.07 8073.5 9.1861 0.02 363 2324 100.0 24.53 14.7007
70 44 19.9995 0.7018 100.0 491.19 607.15 1485.79 1248.92 9.35 13.65 335.26 2323.99 8728.11 1.08 44.16 315.8 2388.07 8068.97 9.1873 0.02 364 2324 100.0 24.52 14.7585
70 45 41.9993 0.84 100.0 445.0 548.84 1347.46 1121.49 3.91 5.72 139.03 2212.14 8328.05 1.02 41.93 130.65 2388.2 8091.45 9.3612 0.02 331 2212 100.0 10.41 6.3151
70 46 25.002 0.6217 60.0 462.54 536.66 1255.42 1043.9 7.05 9.02 175.98 1915.53 8022.07 0.94 36.62 164.84 2028.4 7879.51 10.8562 0.02 305 1915 84.93 14.4 8.6369
70 47 25.0036 0.62 60.0 462.54 536.34 1260.01 1046.95 7.05 9.03 175.74 1915.53 8019.79 0.94 36.83 164.83 2028.41 7880.95 10.8825 0.02 307 1915 84.93 14.46 8.7563
70 48 42.0047 0.8402 100.0 445.0 549.41 1351.38 1119.45 3.91 5.71 139.04 2212.18 8337.76 1.02 41.83 130.71 2388.21 8092.13 9.3359 0.02 331 2212 100.0 10.7 6.3757
70 49 20.0004 0.7003 100.0 491.19 607.25 1484.36 1247.5 9.35 13.66 334.82 2323.91 8731.81 1.08 44.34 315.63 2388.12 8069.69 9.2199 0.02 365 2324 100.0 24.7 14.6989
70 50 41.9983 0.8405 100.0 445.0 549.59 1348.69 1119.63 3.91 5.72 138.5 2212.14 8322.28 1.02 42.14 130.39 2388.24 8092.4 9.3547 0.02 329 2212 100.0 10.74 6.3644
70 51 0.0014 0.0008 100.0 518.67 641.83 1581.48 1401.93 14.62 21.61 554.44 2388.02 9065.01 1.3 47.22 522.61 2387.97 8150.53 8.4171 0.03 394 2388 100.0 38.95 23.3404
70 52 10.0074 0.2513 100.0 489.05 604.64 1503.67 1303.04 10.52 15.49 394.81 2318.88 8795.24 1.26 45.2 372.08 2388.04 8140.65 8.6323 0.03 369 2319 100.0 28.88 17.2302
70 53 19.9984 0.7011 100.0 491.19 607.33 1485.01 1250.5 9.35 13.66 335.75 2323.96 8734.01 1.08 44.26 315.27 2388.05 8069.29 9.1978 0.02 365 2324 100.0 24.44 14.7871
70 54 0.0029 0.002 100.0 518.67 642.09 1582.18 1399.16 14.62 21.61 554.14 2388.03 9066.9 1.3 47.17 522.21 2387.99 8154.39 8.3894 0.03 393 2388 100.0 38.93 23.4925
70 55 19.9981 0.7016 100.0 491.19 607.21 1478.99 1232.52 9.35 13.65 334.98 2323.96 8735.09 1.08 44.29 315.29 2388.13 8070.5 9.1764 0.02 365 2324 100.0 24.52 14.7001
70 56 10.0034 0.25 100.0 489.05 604.31 1494.02 1303.6 10.52 15.49 394.86 2318.87 8783.5 1.26 45.15 372.26 2387.99 8135.68 8.6134 0.03 370 2319 100.0 28.81 17.194
70 57 42.0023 0.84 100.0 445.0 549.51 1353.19 1120.63 3.91 5.71 139.03 2212.14 8328.92 1.02 41.95 130.85 2388.23 8093.82 9.3259 0.02 330 2212 100.0 10.6 6.3898
70 58 0.0021 0.0 100.0 518.67 642.62 1586.12 1396.13 14.62 21.61 553.94 2388.01 9067.9 1.3 47.27 522.25 2388.02 8145.64 8.4081 0.03 391 2388 100.0 38.93 23.3279
70 59 20.006 0.7 100.0 491.19 607.53 1474.63 1243.4 9.35 13.65 335.54 2324.01 8734.47 1.07 44.33 315.52 2388.08 8063.2 9.1999 0.02 364 2324 100.0 24.48 14.7973
70 60 19.9999 0.7016 100.0 491.19 607.48 1482.44 1242.6 9.35 13.65 334.86 2323.99 8741.99 1.07 44.31 315.15 2388.1 8079.22 9.1989 0.02 365 2324 100.0 24.63 14.6675
70 61 42.0074 0.8411 100.0 445.0 549.45 1350.5 1113.27 3.91 5.71 138.54 2212.09 8334.41 1.02 41.96 131.24 2388.21 8098.07 9.3318 0.02 330 2212 100.0 10.68 6.382
70 62 25.0049 0.62 60.0 462.54 536.66 1266.0 1045.18 7.05 9.03 175.42 1915.53 8019.33 0.94 36.47 164.75 2028.42 7880.86 10.9354 0.02 306 1915 84.93 14.34 8.5662
70 63 0.0003 0.0017 100.0 518.67 641.95 1581.55 1391.7 14.62 21.61 553.64 2388.02 9064.88 1.3 47.33 522.38 2388.0 8140.15 8.3954 0.03 394 2388 100.0 39.06 23.3084
70 64 0.0007 0.0002 100.0 518.67 642.1 1590.7 1402.32 14.62 21.61 554.72 2387.99 9069.09 1.3 47.24 522.89 2388.04 8148.1 8.4441 0.03 393 2388 100.0 39.0 23.354
70 65 41.9995 0.84 100.0 445.0 548.99 1352.44 1126.9 3.91 5.72 138.31 2212.1 8333.51 1.02 41.96 130.41 2388.27 8100.55 9.3336 0.02 329 2212 100.0 10.65 6.3482
70 66 25.0002 0.6214 60.0 462.54 536.55 1260.56 1043.18 7.05 9.03 175.25 1915.49 8016.78 0.94 36.57 164.8 2028.44 7885.49 10.8705 0.02 306 1915 84.93 14.46 8.7011
70 67 42.001 0.84 100.0 445.0 549.39 1354.7 1125.4 3.91 5.72 138.77 2212.12 8332.59 1.02 41.82 130.67 2388.21 8096.55 9.331 0.02 332 2212 100.0 10.73 6.4479
70 68 20.0003 0.7 100.0 491.19 607.85 1486.78 1240.07 9.35 13.65 334.45 2324.04 8729.71 1.08 44.25 315.67 2388.08 8070.04 9.183 0.02 363 2324 100.0 24.69 14.689
70 69 34.9984 0.8414 100.0 449.44 555.06 1360.02 1124.43 5.48 8.0 195.09 2223.12 8351.87 1.02 41.71 183.44 2388.23 8075.97 9.2759 0.02 332 2223 100.0 14.98 8.9211
70 70 25.0024 0.62 60.0 462.54 536.59 1263.22 1045.08 7.05 9.02 175.41 1915.52 8014.58 0.94 36.69 164.46 2028.42 7881.33 10.8777 0.02 306 1915 84.93 14.32 8.5646
70 71 10.0045 0.25 100.0 489.05 604.68 1491.63 1308.54 10.52 15.49 393.97 2318.84 8783.44 1.26 45.26 371.91 2388.04 8138.14 8.6172 0.03 370 2319 100.0 28.63 17.1764
70 72 0.0006 0.0005 100.0 518.67 642.08 1579.83 1397.35 14.62 21.61 554.72 2387.96 9066.99 1.3 47.24 521.92 2387.99 8144.78 8.3925 0.03 393 2388 100.0 38.85 23.3305
70 73 0.0022 0.0 100.0 518.67 642.57 1583.79 1393.86 14.62 21.61 554.42 2388.04 9065.9 1.3 47.3 522.06 2388.06 8145.2 8.4023 0.03 391 2388 100.0 39.09 23.5078
70 74 41.9981 0.8401 100.0 445.0 549.24 1354.57 1123.46 3.91 5.72 138.57 2212.13 8324.85 1.02 41.86 131.4 2388.26 8093.97 9.3329 0.02 329 2212 100.0 10.64 6.273
70 75 42.0032 0.84 100.0 445.0 549.29 1346.9 1123.55 3.91 5.71 139.56 2212.0 8330.98 1.02 41.84 130.73 2388.2 8093.66 9.3018 0.02 329 2212 100.0 10.74 6.431
70 76 35.0062 0.84 100.0 449.44 555.83 1365.29 1117.03 5.48 8.0 195.04 2223.14 8362.43 1.02 41.55 183.22 2388.28 8078.67 9.2866 0.02 333 2223 100.0 15.04 9.0115
70 77 25.0054 0.6201 60.0 462.54 536.99 1257.32 1041.55 7.05 9.03 175.71 1915.52 8019.84 0.94 36.53 165.3 2028.46 7883.58 10.8792 0.02 306 1915 84.93 14.13 8.6335
70 78 10.0067 0.25 100.0 489.05 604.81 1500.83 1305.46 10.52 15.49 394.41 2318.9 8792.49 1.26 45.09 372.05 2388.1 8143.37 8.6161 0.03 367 2319 100.0 28.68 17.1823
70 79 25.0021 0.62 60.0 462.54 537.29 1255.51 1047.61 7.05 9.03 175.07 1915.51 8017.15 0.94 36.75 164.75 2028.43 7882.72 10.9117 0.02 307 1915 84.93 14.26 8.5953
70 80 0.0001 0.0 100.0 518.67 642.9 1586.25 1411.24 14.62 21.61 554.27 2387.99 9069.54 1.3 47.37 522.11 2388.01 8149.31 8.3901 0.03 392 2388 100.0 38.85 23.2854
70 81 35.0019 0.8411 100.0 449.44 555.44 1361.34 1124.42 5.48 8.0 194.38 2223.13 8353.91 1.02 41.86 183.33 2388.19 8080.79 9.3096 0.02 333 2223 100.0 14.76 8.8657
70 82 34.9993 0.8411 100.0 449.44 556.05 1364.37 1123.44 5.48 8.0 194.59 2223.15 8361.68 1.02 41.68 183.63 2388.27 8079.68 9.2767 0.02 334 2223 100.0 14.94 8.9414
70 83 0.0009 0.0 100.0 518.67 642.44 1586.95 1406.02 14.62 21.61 554.14 2388.02 9072.9 1.3 47.44 522.09 2388.06 8145.74 8.389 0.03 393 2388 100.0 38.86 23.3702
70 84 0.0026 0.0 100.0 518.67 642.89 1591.17 1405.19 14.62 21.61 554.33 2387.99 9064.73 1.3 47.34 522.07 2388.06 8143.39 8.4092 0.03 391 2388 100.0 38.93 23.3076
70 85 35.0074 0.84 100.0 449.44 555.89 1368.33 1123.86 5.48 8.0 194.96 2223.1 8361.67 1.02 41.78 183.29 2388.26 8074.59 9.3274 0.02 334 2223 100.0 14.77 8.9697
70 86 42.0033 0.84 100.0 445.0 549.41 1352.09 1127.21 3.91 5.72 138.51 2212.13 8336.8 1.02 42.36 130.84 2388.23 8097.68 9.3831 0.02 329 2212 100.0 10.66 6.3512
70 87 42.0008 0.84 100.0 445.0 549.34 1353.91 1125.0 3.91 5.72 139.41 2212.1 8326.7 1.02 42.01 130.67 2388.23 8100.29 9.3321 0.02 331 2212 100.0 10.74 6.4363
70 88 0.0004 0.0017 100.0 518.67 642.26 1583.59 1399.19 14.62 21.61 554.1 2388.0 9073.49 1.3 47.32 522.35 2388.06 8152.97 8.3987 0.03 392 2388 100.0 39.0 23.3826
70 89 42.0068 0.84 100.0 445.0 549.23 1353.52 1123.24 3.91 5.71 139.41 2212.15 8336.71 1.02 42.05 130.76 2388.18 8096.72 9.3244 0.02 330 2212 100.0 10.57 6.3891
70 90 24.9992 0.6218 60.0 462.54 537.12 1256.47 1040.57 7.05 9.03 176.0 1915.5 8013.9 0.94 36.75 164.57 2028.45 7887.51 10.8683 0.02 307 1915 84.93 14.14 8.5171
70 91 42.0003 0.84 100.0 445.0 549.62 1360.49 1120.84 3.91 5.72 139.08 2212.18 8338.38 1.02 41.99 131.2 2388.24 8104.95 9.3152 0.02 330 2212 100.0 10.81 6.3663
70 92 42.005 0.8416 100.0 445.0 549.13 1358.18 1116.59 3.91 5.72 138.49 2212.13 8334.28 1.02 41.86 130.51 2388.22 8100.24 9.3302 0.02 330 2212 100.0 10.69 6.49
70 93 24.999 0.62 60.0 462.54 536.87 1263.21 1040.7 7.05 9.03 175.18 1915.53 8014.08 0.94 36.57 164.64 2028.4 7888.47 10.8671 0.02 308 1915 84.93 14.26 8.5629
70 94 20.0026 0.7 100.0 491.19 607.12 1492.49 1247.41 9.35 13.65 335.58 2323.98 8732.7 1.08 44.36 315.29 2388.16 8067.78 9.1862 0.02 363 2324 100.0 24.52 14.7356
70 95 35.0031 0.8419 100.0 449.44 556.05 1362.01 1129.56 5.48 8.0 194.46 2223.13 8356.86 1.02 41.9 183.83 2388.22 8080.05 9.3038 0.02 334 2223 100.0 14.97 8.8419
70 96 0.0016 0.0 100.0 518.67 642.66 1582.36 1397.46 14.62 21.6 553.57 2388.02 9074.32 1.3 47.31 522.33 2388.04 8146.03 8.387 0.03 392 2388 100.0 39.0 23.3469
70 97 25.0079 0.62 60.0 462.54 536.76 1253.45 1043.77 7.05 9.03 175.85 1915.54 8012.38 0.94 36.7 164.54 2028.39 7881.47 10.8834 0.02 308 1915 84.93 14.25 8.6649
70 98 25.0043 0.62 60.0 462.54 536.7 1266.6 1050.73 7.05 9.03 175.65 1915.49 8015.05 0.94 36.6 165.33 2028.35 7882.92 10.9202 0.02 307 1915 84.93 14.19 8.5331
70 99 25.0047 0.62 60.0 462.54 536.75 1256.52 1050.82 7.05 9.03 175.39 1915.5 8013.29 0.94 36.68 164.84 2028.41 7883.47 10.8748 0.02 307 1915 84.93 14.45 8.5694
70 100 35.0005 0.84 100.0 449.44 555.96 1363.79 1126.48 5.48 8.0 193.99 2223.1 8363.65 1.02 41.83 182.95 2388.25 8082.94 9.3294 0.02 334 2223 100.0 14.82 8.828
70 101 25.0044 0.62 60.0 462.54 536.88 1263.08 1045.4 7.05 9.03 175.62 1915.52 8026.73 0.94 36.52 164.25 2028.39 7885.82 10.8762 0.02 307 1915 84.93 14.22 8.6587
70 102 0.0016 0.0 100.0 518.67 642.34 1588.96 1404.57 14.62 21.61 554.06 2388.05 9067.19 1.3 47.4 521.35 2388.02 8148.1 8.4116 0.03 392 2388 100.0 38.76 23.3324
70 103 35.0002 0.84 100.0 449.44 555.35 1372.85 1125.63 5.48 8.0 193.94 2223.15 8367.21 1.02 41.76 182.7 2388.26 8077.18 9.3288 0.02 335 2223 100.0 14.88 8.9928
70 104 35.007 0.84 100.0 449.44 555.95 1359.59 1132.74 5.48 8.0 194.28 2223.13 8365.83 1.02 41.8 183.31 2388.2 8076.32 9.3203 0.02 332 2223 100.0 14.78 8.9799
70 105 10.0006 0.2511 100.0 489.05 605.0 1495.05 1302.53 10.52 15.49 394.95 2318.91 8783.05 1.26 45.32 372.02 2388.1 8137.4 8.6127 0.03 369 2319 100.0 28.52 17.1685
70 106 0.0021 0.0002 100.0 518.67 642.35 1586.58 1402.89 14.62 21.6 553.63 2388.04 9077.9 1.3 47.5 522.02 2388.07 8152.42 8.4161 0.03 393 2388 100.0 38.98 23.4327
70 107 10.0025 0.25 100.0 489.05 604.45 1501.34 1306.43 10.52 15.49 394.75 2318.87 8789.77 1.26 45.36 371.71 2388.06 8144.31 8.6645 0.03 369 2319 100.0 28.66 17.1737
70 108 35.0003 0.8401 100.0 449.44 555.51 1364.21 1127.97 5.48 8.0 194.52 2223.15 8368.16 1.02 41.88 183.17 2388.24 8078.11 9.3213 0.02 334 2223 100.0 15.13 8.885
70 109 0.0019 0.0016 100.0 518.67 642.09 1588.35 1406.24 14.62 21.61 553.91 2388.04 9068.31 1.3 47.32 522.03 2388.02 8143.67 8.4154 0.03 392 2388 100.0 38.98 23.3542
70 110 35.0064 0.84 100.0 449.44 555.74 1366.34 1126.84 5.48 8.0 194.73 2223.11 8363.02 1.02 41.78 182.84 2388.23 8078.98 9.2949 0.02 334 2223 100.0 14.84 8.958
70 111 20.0064 0.7 100.0 491.19 607.45 1477.16 1244.53 9.35 13.66 334.84 2323.99 8739.98 1.08 44.16 315.03 2388.2 8078.03 9.2233 0.02 363 2324 100.0 24.47 14.6847
70 112 34.9983 0.8416 100.0 449.44 555.29 1365.77 1130.91 5.48 8.0 195.01 2223.16 8359.25 1.02 41.92 182.37 2388.25 8076.54 9.3297 0.02 334 2223 100.0 15.02 8.9572
70 113 25.0003 0.6202 60.0 462.54 536.65 1258.0 1045.83 7.05 9.03 175.59 1915.53 8021.08 0.94 36.77 164.76 2028.39 7883.4 10.8731 0.02 308 1915 84.93 14.28 8.5782
70 114 20.0005 0.7 100.0 491.19 607.69 1479.46 1246.51 9.35 13.66 334.27 2323.94 8739.31 1.08 44.07 314.9 2388.14 8073.89 9.2 0.02 365 2324 100.0 24.41 14.6442
70 115 42.0035 0.84 100.0 445.0 549.73 1351.3 1126.79 3.91 5.72 138.77 2212.1 8335.85 1.02 42.08 130.79 2388.2 8097.56 9.3651 0.02 329 2212 100.0 10.55 6.4794
70 116 0.0023 0.0 100.0 518.67 641.93 1589.33 1408.31 14.62 21.61 553.72 2388.01 9075.41 1.3 47.45 521.36 2388.08 8149.95 8.4506 0.03 393 2388 100.0 38.93 23.4247
70 117 24.9987 0.62 60.0 462.54 536.93 1265.83 1043.78 7.05 9.03 175.34 1915.5 8023.08 0.94 36.8 164.65 2028.42 7877.49 10.9145 0.02 308 1915 84.93 14.46 8.5153
70 118 10.0024 0.2501 100.0 489.05 604.86 1505.72 1304.5 10.52 15.49 394.61 2318.94 8798.53 1.26 45.59 371.09 2388.11 8144.52 8.6661 0.03 370 2319 100.0 28.41 17.1526
70 119 0.002 0.001 100.0 518.67 642.28 1583.57 1407.33 14.62 21.61 553.31 2388.09 9078.36 1.3 47.31 521.98 2388.07 8151.09 8.3997 0.03 392 2388 100.0 38.92 23.3784
70 120 24.9996 0.62 60.0 462.54 536.6 1262.61 1047.83 7.05 9.03 175.47 1915.54 8022.58 0.94 36.69 164.95 2028.47 7883.45 10.9124 0.02 307 1915 84.93 14.28 8.491
70 121 19.9985 0.7 100.0 491.19 607.74 1484.63 1250.36 9.35 13.66 334.98 2324.03 8729.77 1.08 44.46 314.72 2388.13 8069.93 9.2065 0.02 365 2324 100.0 24.38 14.7814
70 122 24.9997 0.62 60.0 462.54 536.57 1265.6 1046.23 7.05 9.03 175.48 1915.53 8016.55 0.94 36.71 164.53 2028.37 7884.45 10.9348 0.02 308 1915 84.93 14.46 8.4476
70 123 42.0017 0.84 100.0 445.0 549.62 1346.96 1124.87 3.91 5.71 139.0 2212.05 8324.27 1.02 42.03 130.24 2388.13 8098.4 9.3429 0.02 330 2212 100.0 10.56 6.4074
70 124 20.0019 0.7 100.0 491.19 607.25 1491.26 1252.79 9.35 13.66 335.08 2324.03 8735.36 1.08 44.35 314.99 2388.17 8064.12 9.2388 0.02 365 2324 100.0 24.56 14.7483
70 125 35.0014 0.8419 100.0 449.44 556.02 1361.36 1140.05 5.48 8.0 194.15 2223.18 8359.37 1.02 42.04 183.45 2388.18 8074.28 9.3408 0.02 333 2223 100.0 14.85 8.7909
70 126 42.0003 0.8418 100.0 445.0 549.76 1351.18 1128.26 3.91 5.72 139.02 2212.12 8330.91 1.02 42.02 130.74 2388.16 8095.73 9.3541 0.02 331 2212 100.0 10.57 6.3483
70 127 0.0026 0.0 100.0 518.67 642.44 1583.15 1407.94 14.62 21.61 553.07 2388.02 9064.5 1.3 47.46 521.59 2388.1 8143.63 8.4274 0.03 391 2388 100.0 38.82 23.3127
70 128 10.0043 0.2513 100.0 489.05 604.42 1504.01 1315.03 10.52 15.49 394.29 2318.94 8791.92 1.26 45.4 371.34 2388.18 8141.74 8.6562 0.03 371 2319 100.0 28.65 17.2014
70 129 42.0001 0.84 100.0 445.0 549.3 1353.82 1129.82 3.91 5.72 138.72 2212.05 8335.46 1.02 42.02 130.91 2388.15 8100.38 9.3675 0.02 330 2212 100.0 10.67 6.3984
70 130 41.9986 0.84 100.0 445.0 549.42 1348.72 1129.04 3.91 5.71 138.42 2212.08 8331.74 1.02 42.23 130.86 2388.19 8088.54 9.361 0.02 331 2212 100.0 10.6 6.3011
70 131 35.0072 0.84 100.0 449.44 555.66 1363.04 1135.38 5.48 8.0 194.7 2223.14 8355.38 1.02 42.01 183.35 2388.25 8076.0 9.3145 0.02 334 2223 100.0 14.69 8.7942
70 132 42.002 0.8415 100.0 445.0 549.66 1353.74 1126.33 3.91 5.72 137.81 2212.09 8335.58 1.02 42.05 130.5 2388.13 8096.18 9.3545 0.02 331 2212 100.0 10.57 6.3599
70 133 42.0043 0.8403 100.0 445.0 549.58 1353.69 1128.33 3.91 5.72 138.51 2212.06 8331.67 1.02 42.17 130.78 2388.16 8093.7 9.3545 0.02 331 2212 100.0 10.68 6.3696
70 134 42.0074 0.8414 100.0 445.0 550.02 1356.4 1126.43 3.91 5.72 138.77 2211.98 8336.06 1.02 42.34 130.99 2388.12 8094.59 9.3812 0.02 332 2212 100.0 10.47 6.3486
70 135 10.002 0.252 100.0 489.05 604.71 1501.58 1316.46 10.52 15.5 395.05 2318.9 8789.81 1.26 45.58 371.79 2388.16 8138.3 8.6441 0.03 370 2319 100.0 28.71 17.1501
70 136 42.0012 0.84 100.0 445.0 549.38 1358.65 1125.22 3.91 5.71 139.01 2212.09 8331.95 1.02 42.26 130.38 2388.13 8092.13 9.3718 0.02 330 2212 100.0 10.71 6.3624
70 137 19.9989 0.7 100.0 491.19 607.66 1488.28 1246.02 9.35 13.65 334.64 2324.08 8732.49 1.07 44.25 315.11 2388.16 8071.5 9.2638 0.02 366 2324 100.0 24.5 14.5407
70 138 42.0045 0.8413 100.0 445.0 550.24 1359.38 1128.77 3.91 5.72 138.6 2212.07 8325.51 1.02 42.21 130.37 2388.15 8097.18 9.3672 0.02 330 2212 100.0 10.56 6.2809
70 139 0.001 0.0 100.0 518.67 642.74 1590.35 1407.47 14.62 21.61 552.75 2388.04 9072.1 1.3 47.6 520.98 2388.09 8149.1 8.4168 0.03 393 2388 100.0 38.71 23.2829
70 140 25.0037 0.622 60.0 462.54 536.8 1262.09 1051.35 7.05 9.03 175.59 1915.52 8030.51 0.94 36.91 164.26 2028.39 7882.12 10.925 0.02 307 1915 84.93 14.25 8.542
70 141 0.0028 0.0011 100.0 518.67 642.98 1590.96 1411.79 14.62 21.61 553.21 2388.13 9063.59 1.3 47.7 520.63 2388.15 8147.93 8.447 0.03 392 2388 100.0 38.73 23.3334
70 142 0.0026 0.0017 100.0 518.67 643.08 1590.1 1408.27 14.62 21.61 553.67 2388.13 9069.19 1.3 47.64 521.22 2388.11 8151.53 8.4372 0.03 393 2388 100.0 38.9 23.3135
70 143 20.0075 0.7 100.0 491.19 608.01 1485.84 1262.0 9.35 13.66 334.52 2324.06 8741.42 1.07 44.57 314.72 2388.11 8067.76 9.2397 0.02 365 2324 100.0 24.53 14.6804
70 144 0.0005 0.0 100.0 518.67 642.31 1591.76 1413.16 14.62 21.61 553.17 2388.13 9064.72 1.3 47.73 521.22 2388.16 8144.19 8.4438 0.03 394 2388 100.0 38.81 23.2017
70 145 10.0072 0.2504 100.0 489.05 605.22 1500.03 1310.45 10.52 15.49 394.32 2318.97 8793.58 1.26 45.59 370.9 2388.22 8138.12 8.6791 0.03 371 2319 100.0 28.51 16.9998
70 146 0.0018 0.0 100.0 518.67 642.62 1591.98 1407.26 14.62 21.61 553.54 2388.08 9070.52 1.3 47.51 520.9 2388.11 8144.58 8.4747 0.03 394 2388 100.0 38.96 23.1896
70 147 41.9984 0.8409 100.0 445.0 550.24 1354.03 1135.97 3.91 5.72 138.83 2212.07 8335.54 1.02 42.31 130.2 2388.13 8097.54 9.3943 0.02 331 2212 100.0 10.6 6.3084
70 148 20.0046 0.7013 100.0 491.19 607.87 1488.34 1258.06 9.35 13.66 334.37 2324.07 8736.47 1.08 44.58 315.1 2388.19 8068.09 9.2692 0.02 367 2324 100.0 24.43 14.8048
70 149 42.006 0.8408 100.0 445.0 549.63 1353.29 1123.57 3.91 5.72 138.25 2211.97 8335.61 1.02 42.3 130.82 2388.11 8091.97 9.3511 0.02 331 2212 100.0 10.66 6.2283
70 150 25.0048 0.62 60.0 462.54 536.61 1261.07 1049.97 7.05 9.03 175.48 1915.42 8020.09 0.94 36.83 164.52 2028.41 7881.04 10.9364 0.02 309 1915 84.93 14.26 8.6788
70 151 10.0003 0.25 100.0 489.05 604.9 1504.79 1318.18 10.52 15.49 394.46 2318.98 8788.12 1.26 45.66 371.16 2388.16 8137.42 8.6704 0.03 371 2319 100.0 28.4 17.1373
70 152 20.0003 0.7019 100.0 491.19 607.86 1485.98 1255.29 9.35 13.66 333.65 2324.04 8736.52 1.08 44.57 314.55 2388.27 8068.95 9.2506 0.02 366 2324 100.0 24.26 14.5501
70 153 42.0066 0.8407 100.0 445.0 550.23 1356.9 1140.6 3.91 5.72 138.42 2212.0 8332.88 1.02 42.23 130.82 2388.1 8094.75 9.3839 0.02 332 2212 100.0 10.71 6.3834
70 154 10.0023 0.2507 100.0 489.05 605.23 1511.25 1319.13 10.52 15.49 393.65 2318.99 8792.36 1.26 45.69 371.28 2388.22 8143.83 8.7031 0.03 370 2319 100.0 28.48 17.0367
70 155 42.0027 0.84 100.0 445.0 549.86 1366.69 1137.64 3.91 5.72 138.65 2211.98 8325.6 1.02 42.31 130.58 2388.15 8091.88 9.4431 0.02 332 2212 100.0 10.44 6.4274
70 156 42.0 0.8407 100.0 445.0 549.96 1358.8 1133.49 3.91 5.72 138.64 2212.02 8345.63 1.02 42.25 130.51 2388.12 8090.85 9.3927 0.02 331 2212 100.0 10.52 6.2486
70 157 20.0044 0.7007 100.0 491.19 607.36 1486.51 1258.39 9.35 13.66 334.79 2324.06 8735.78 1.07 44.62 314.5 2388.16 8068.84 9.2606 0.02 367 2324 100.0 24.41 14.5876
70 158 25.0052 0.6202 60.0 462.54 537.1 1266.7 1060.34 7.05 9.03 174.42 1915.47 8023.43 0.94 37.16 164.38 2028.31 7879.87 10.9468 0.02 308 1915 84.93 14.25 8.5411
70 159 42.0059 0.8415 100.0 445.0 549.8 1361.46 1131.55 3.91 5.72 138.5 2212.03 8335.79 1.02 42.35 130.27 2388.08 8092.13 9.3784 0.02 333 2212 100.0 10.47 6.3396
70 160 42.0078 0.84 100.0 445.0 550.27 1358.52 1134.4 3.91 5.72 139.13 2212.02 8330.35 1.02 42.32 130.48 2388.06 8092.49 9.4334 0.02 333 2212 100.0 10.6 6.2478
70 161 10.0072 0.25 100.0 489.05 605.93 1505.76 1321.35 10.52 15.5 393.78 2319.1 8796.6 1.26 45.98 371.0 2388.25 8138.43 8.7124 0.03 370 2319 100.0 28.68 16.9844
70 162 35.0031 0.84 100.0 449.44 556.5 1370.22 1128.73 5.48 8.0 194.0 2223.09 8367.02 1.02 42.22 182.84 2388.16 8076.08 9.4105 0.02 337 2223 100.0 14.91 8.9042
70 163 10.003 0.2505 100.0 489.05 605.76 1503.14 1321.54 10.52 15.5 393.57 2319.07 8789.23 1.26 45.66 371.06 2388.25 8136.32 8.7123 0.03 372 2319 100.0 28.37 16.9753
70 164 0.0011 0.0 100.0 518.67 643.67 1592.82 1420.54 14.62 21.61 552.13 2388.12 9073.64 1.3 47.84 520.56 2388.13 8145.09 8.4435 0.03 395 2388 100.0 38.72 23.2531
70 165 0.001 0.0004 100.0 518.67 643.8 1597.84 1417.54 14.62 21.61 552.42 2388.22 9062.0 1.3 47.91 520.18 2388.22 8144.38 8.4876 0.03 394 2388 100.0 38.44 23.0896
70 166 0.0006 0.0006 100.0 518.67 643.0 1594.61 1415.3 14.62 21.61 552.03 2388.23 9067.44 1.3 47.82 520.34 2388.2 8145.26 8.4665 0.03 393 2388 100.0 38.63 23.1505
70 167 0.002 0.0007 100.0 518.67 643.44 1596.73 1416.84 14.62 21.61 552.15 2388.19 9063.51 1.3 48.05 520.47 2388.2 8144.6 8.4896 0.03 395 2388 100.0 38.48 23.1644
70 168 25.0057 0.621 60.0 462.54 536.97 1266.71 1057.52 7.05 9.03 175.2 1915.49 8026.54 0.94 37.22 164.48 2028.36 7884.35 10.9315 0.02 307 1915 84.93 14.23 8.4876
70 169 25.0047 0.62 60.0 462.54 536.89 1269.56 1059.67 7.05 9.03 175.4 1915.5 8019.61 0.94 37.11 163.67 2028.32 7881.5 10.9892 0.02 309 1915 84.93 14.2 8.4638
70 170 25.0043 0.622 60.0 462.54 537.13 1266.81 1067.14 7.05 9.03 175.04 1915.45 8022.32 0.94 37.39 163.97 2028.33 7889.5 10.9558 0.02 310 1915 84.93 14.34 8.5821
70 171 10.0064 0.2517 100.0 489.05 605.47 1515.3 1322.15 10.52 15.5 393.73 2319.12 8785.63 1.26 45.69 370.71 2388.3 8135.92 8.7032 0.03 372 2319 100.0 28.25 17.1017
70 172 42.001 0.8414 100.0 445.0 550.33 1362.81 1134.15 3.91 5.72 137.89 2211.93 8336.29 1.02 42.4 130.02 2387.95 8087.0 9.4639 0.02 334 2212 100.0 10.54 6.273
70 173 41.9987 0.84 100.0 445.0 549.91 1365.59 1138.9 3.91 5.72 138.65 2211.9 8333.71 1.02 42.6 130.37 2388.0 8090.22 9.4223 0.02 333 2212 100.0 10.5 6.2559
70 174 9.9987 0.2518 100.0 489.05 605.86 1513.45 1316.83 10.52 15.5 392.68 2319.12 8789.7 1.26 46.01 370.45 2388.32 8133.24 8.7096 0.03 371 2319 100.0 28.21 17.049
70 175 10.0066 0.2506 100.0 489.05 605.94 1521.48 1327.62 10.52 15.5 393.04 2319.13 8795.94 1.26 45.92 370.43 2388.3 8137.98 8.7158 0.03 372 2319 100.0 28.26 17.105
70 176 42.0037 0.8406 100.0 445.0 550.61 1364.2 1140.02 3.91 5.72 138.86 2211.94 8336.95 1.02 42.41 130.09 2388.0 8090.65 9.4551 0.02 334 2212 100.0 10.38 6.2811
70 177 42.0021 0.84 100.0 445.0 550.93 1364.37 1147.38 3.91 5.72 138.64 2211.87 8334.41 1.02 42.64 130.08 2387.91 8085.27 9.4505 0.02 332 2212 100.0 10.28 6.2203
70 178 42.007 0.8402 100.0 445.0 549.96 1364.42 1143.31 3.91 5.72 137.92 2211.94 8333.66 1.02 42.41 130.27 2387.97 8088.99 9.4666 0.02 332 2212 100.0 10.54 6.3374
70 179 41.9988 0.84 100.0 445.0 550.17 1360.79 1144.93 3.91 5.72 138.23 2211.89 8333.52 1.02 42.62 130.18 2387.97 8085.35 9.4693 0.02 333 2212 100.0 10.61 6.209
70 180 20.0064 0.7 100.0 491.19 608.29 1494.02 1276.01 9.35 13.66 332.84 2324.14 8733.11 1.07 45.01 313.92 2388.29 8070.16 9.3415 0.03 366 2324 100.0 24.31 14.4576
70 181 10.0075 0.2502 100.0 489.05 605.63 1509.28 1323.68 10.52 15.5 392.9 2319.17 8787.62 1.26 46.08 370.61 2388.38 8130.75 8.7345 0.03 372 2319 100.0 28.31 17.0166
70 182 10.0069 0.2514 100.0 489.05 605.72 1511.92 1337.11 10.52 15.5 393.01 2319.16 8783.44 1.26 46.17 370.06 2388.42 8131.45 8.7348 0.03 373 2319 100.0 28.44 17.0098
70 183 35.0037 0.84 100.0 449.44 556.43 1374.16 1152.41 5.48 8.0 193.86 2223.02 8355.24 1.02 42.52 182.71 2388.12 8069.52 9.4565 0.02 336 2223 100.0 14.79 8.8208
70 184 20.0 0.701 100.0 491.19 608.05 1498.0 1272.21 9.35 13.66 332.55 2324.2 8738.67 1.08 45.02 314.35 2388.3 8063.71 9.3311 0.03 369 2324 100.0 24.24 14.4251
70 185 0.0003 0.0017 100.0 518.67 644.13 1598.05 1426.79 14.62 21.61 551.04 2388.24 9064.79 1.3 48.02 519.67 2388.29 8136.76 8.5222 0.03 397 2388 100.0 38.62 23.241
141 1 20.0051 0.7 100.0 491.19 607.32 1487.29 1241.18 9.35 13.65 335.17 2323.87 8719.36 1.08 44.22 314.87 2388.06 8064.67 9.1856 0.02 362 2324 100.0 24.63 14.8143
141 2 0.0024 0.0017 100.0 518.67 642.66 1587.07 1399.47 14.62 21.61 554.66 2388.06 9057.41 1.3 47.2 521.91 2388.07 8135.46 8.3781 0.03 392 2388 100.0 38.83 23.3854
141 3 20.0029 0.7008 100.0 491.19 607.05 1476.79 1243.95 9.35 13.66 335.19 2324.0 8730.05 1.08 44.12 315.82 2388.07 8066.6 9.1784 0.02 364 2324 100.0 24.44 14.7528
141 4 42.0023 0.84 100.0 445.0 549.4 1353.82 1122.08 3.91 5.71 139.07 2211.92 8320.96 1.02 41.68 130.84 2387.98 8083.49 9.3708 0.02 331 2212 100.0 10.53 6.4081
141 5 42.0006 0.8402 100.0 445.0 549.73 1345.21 1122.99 3.91 5.72 138.57 2211.93 8321.55 1.02 42.03 129.92 2388.01 8085.48 9.3469 0.02 331 2212 100.0 10.79 6.4503
141 6 35.0029 0.8415 100.0 449.44 555.31 1369.37 1126.13 5.48 8.0 194.76 2222.93 8352.63 1.02 41.75 183.92 2388.01 8054.85 9.3125 0.02 335 2223 100.0 14.78 8.9632
141 7 35.0043 0.84 100.0 449.44 555.46 1357.92 1131.59 5.48 8.0 194.55 2222.91 8340.35 1.02 41.85 182.97 2388.02 8063.78 9.2849 0.02 335 2223 100.0 14.9 8.9261
141 8 24.9988 0.6219 60.0 462.54 536.57 1260.99 1047.65 7.05 9.03 175.57 1915.3 8004.99 0.94 36.62 164.59 2028.23 7873.7 10.8611 0.02 306 1915 84.93 14.19 8.6213
141 9 10.0018 0.2516 100.0 489.05 604.87 1501.54 1307.88 10.52 15.49 394.39 2318.85 8775.63 1.26 45.28 371.77 2388.07 8128.29 8.6119 0.03 368 2319 100.0 28.53 17.1408
141 10 42.0038 0.8414 100.0 445.0 549.63 1352.13 1118.85 3.91 5.72 138.45 2211.94 8311.74 1.02 41.79 131.27 2387.98 8085.93 9.3182 0.02 331 2212 100.0 10.69 6.3016
141 11 0.0015 0.0 100.0 518.67 641.9 1586.33 1395.68 14.62 21.61 554.23 2388.07 9050.37 1.3 47.29 522.68 2388.0 8138.13 8.3964 0.03 390 2388 100.0 38.83 23.4544
141 12 20.0039 0.7 100.0 491.19 607.7 1484.45 1248.67 9.35 13.65 335.03 2323.91 8732.18 1.08 44.26 315.37 2388.04 8061.77 9.1731 0.02 364 2324 100.0 24.61 14.8685
141 13 9.9983 0.2511 100.0 489.05 604.74 1491.21 1298.74 10.52 15.49 395.06 2318.94 8782.1 1.26 45.12 372.27 2388.1 8134.52 8.604 0.03 369 2319 100.0 28.72 17.1581
141 14 20.0011 0.701 100.0 491.19 606.93 1477.39 1249.96 9.35 13.65 334.56 2323.95 8727.42 1.07 44.25 314.63 2388.04 8057.89 9.1925 0.02 366 2324 100.0 24.41 14.71
141 15 10.0067 0.2509 100.0 489.05 604.28 1495.97 1297.77 10.52 15.49 394.27 2318.88 8774.39 1.26 45.12 372.29 2388.1 8136.13 8.6481 0.03 367 2319 100.0 28.62 17.1752
141 16 10.0063 0.25 100.0 489.05 604.22 1502.54 1305.35 10.52 15.49 394.77 2318.89 8780.35 1.26 45.26 371.98 2388.06 8135.31 8.6349 0.03 368 2319 100.0 28.69 17.1319
141 17 25.0042 0.6203 60.0 462.54 536.65 1259.6 1043.03 7.05 9.03 175.12 1915.3 8008.05 0.94 36.69 164.44 2028.2 7876.79 10.8884 0.02 306 1915 84.93 14.37 8.6229
141 18 42.0058 0.8401 100.0 445.0 549.52 1349.11 1127.78 3.91 5.71 138.57 2211.89 8316.33 1.02 41.95 130.88 2387.98 8082.43 9.3485 0.02 332 2212 100.0 10.62 6.3593
141 19 42.0019 0.84 100.0 445.0 549.24 1351.24 1128.21 3.91 5.72 138.54 2211.91 8317.25 1.02 41.96 130.79 2387.97 8078.29 9.3451 0.02 331 2212 100.0 10.67 6.4364
141 20 0.001 0.0017 100.0 518.67 642.05 1584.76 1400.46 14.62 21.61 554.18 2388.09 9056.98 1.3 47.2 522.49 2388.03 8134.5 8.4302 0.03 392 2388 100.0 39.01 23.3286
141 21 35.0005 0.8417 100.0 449.44 555.57 1364.54 1129.52 5.48 8.0 194.68 2222.98 8349.25 1.02 41.91 183.36 2388.02 8060.82 9.2793 0.02 335 2223 100.0 14.85 8.8985
141 22 42.0042 0.84 100.0 445.0 548.96 1355.13 1116.98 3.91 5.72 139.22 2211.97 8328.59 1.02 41.88 130.95 2388.01 8085.18 9.3249 0.02 330 2212 100.0 10.87 6.3283
141 23 10.0075 0.25 100.0 489.05 604.56 1500.42 1299.12 10.52 15.49 394.43 2318.89 8776.98 1.26 45.29 371.72 2388.12 8125.25 8.6081 0.03 368 2319 100.0 28.64 17.2204
141 24 35.0015 0.84 100.0 449.44 555.62 1362.69 1120.51 5.48 8.0 194.52 2222.93 8354.39 1.02 41.75 183.92 2388.04 8065.44 9.2946 0.02 331 2223 100.0 14.99 8.9777
141 25 25.0069 0.62 60.0 462.54 536.35 1263.55 1043.19 7.05 9.02 175.74 1915.33 8016.5 0.94 36.72 164.32 2028.26 7873.06 10.8618 0.02 307 1915 84.93 14.3 8.4981
141 26 42.0038 0.84 100.0 445.0 549.15 1351.08 1120.85 3.91 5.72 138.7 2211.89 8323.32 1.02 41.97 131.01 2388.0 8082.01 9.3384 0.02 329 2212 100.0 10.65 6.4068
141 27 0.0001 0.0 100.0 518.67 642.18 1588.66 1407.66 14.62 21.61 553.41 2388.06 9053.27 1.3 47.35 522.11 2388.09 8136.63 8.3788 0.03 393 2388 100.0 38.88 23.419
141 28 0.0005 0.0019 100.0 518.67 642.44 1585.21 1400.85 14.62 21.61 554.1 2388.07 9055.98 1.3 47.23 521.72 2387.99 8138.95 8.3841 0.03 391 2388 100.0 38.94 23.3583
141 29 9.999 0.2509 100.0 489.05 604.09 1490.42 1307.06 10.52 15.49 394.94 2318.86 8777.55 1.26 45.15 371.97 2388.06 8129.45 8.6412 0.03 369 2319 100.0 28.6 17.3193
141 30 42.0064 0.8404 100.0 445.0 549.4 1350.18 1123.61 3.91 5.72 138.54 2211.92 8333.65 1.02 41.94 130.59 2387.98 8080.21 9.3512 0.02 331 2212 100.0 10.57 6.345
141 31 9.9997 0.25 100.0 489.05 604.28 1497.25 1310.89 10.52 15.49 394.64 2318.83 8777.32 1.26 45.26 372.01 2388.07 8132.96 8.6336 0.03 367 2319 100.0 28.64 17.2419
141 32 19.9993 0.7004 100.0 491.19 607.89 1486.76 1246.51 9.35 13.66 334.59 2323.98 8720.68 1.08 44.3 315.35 2388.14 8063.46 9.2138 0.02 365 2324 100.0 24.6 14.693
141 33 0.0017 0.0007 100.0 518.67 642.66 1587.18 1401.34 14.62 21.61 554.39 2388.06 9049.85 1.3 47.49 522.22 2388.07 8136.14 8.4695 0.03 392 2388 100.0 39.08 23.289
141 34 34.9981 0.8404 100.0 449.44 555.65 1366.14 1122.21 5.48 8.0 194.62 2222.93 8346.7 1.02 41.77 183.65 2388.04 8068.2 9.2842 0.02 333 2223 100.0 14.8 8.9872
141 35 42.0028 0.8406 100.0 445.0 548.9 1355.59 1126.53 3.91 5.72 138.46 2211.96 8323.76 1.02 41.74 130.65 2388.04 8083.24 9.3036 0.02 331 2212 100.0 10.7 6.4174
141 36 10.0 0.25 100.0 489.05 604.99 1500.38 1305.62 10.52 15.49 395.1 2318.92 8777.8 1.26 45.28 371.39 2388.08 8130.59 8.6156 0.03 370 2319 100.0 28.52 17.1481
141 37 35.0006 0.842 100.0 449.44 555.51 1360.31 1126.8 5.48 8.0 193.91 2222.98 8346.11 1.02 41.82 182.8 2388.05 8065.21 9.2733 0.02 334 2223 100.0 14.86 9.0507
141 38 35.0074 0.8414 100.0 449.44 555.3 1360.89 1129.23 5.48 8.0 194.81 2222.99 8350.45 1.02 41.76 183.06 2388.04 8069.36 9.3097 0.02 334 2223 100.0 14.97 8.8594
141 39 0.0029 0.0 100.0 518.67 641.37 1574.18 1401.43 14.62 21.61 554.5 2388.04 9061.87 1.3 47.48 522.39 2388.05 8143.33 8.3931 0.03 392 2388 100.0 39.1 23.3474
141 40 41.998 0.84 100.0 445.0 549.09 1348.46 1119.99 3.91 5.72 139.22 2211.89 8319.72 1.02 41.89 130.78 2388.01 8088.7 9.35 0.02 330 2212 100.0 10.65 6.4186
141 41 19.9997 0.7 100.0 491.19 607.1 1483.52 1243.39 9.35 13.65 334.03 2323.94 8718.49 1.08 44.26 314.51 2388.08 8062.11 9.2283 0.02 363 2324 100.0 24.37 14.603
141 42 42.0027 0.84 100.0 445.0 549.31 1349.54 1117.1 3.91 5.71 138.84 2211.89 8309.19 1.02 41.93 130.69 2387.96 8082.13 9.3374 0.02 330 2212 100.0 10.48 6.3026
141 43 35.0076 0.84 100.0 449.44 555.2 1359.3 1125.78 5.48 8.0 194.79 2222.92 8353.35 1.02 41.88 183.13 2388.0 8062.66 9.2904 0.02 333 2223 100.0 14.74 8.8648
141 44 42.0064 0.8401 100.0 445.0 549.22 1357.13 1118.84 3.91 5.72 138.76 2211.97 8318.22 1.02 41.77 130.61 2388.02 8084.36 9.3574 0.02 330 2212 100.0 10.55 6.3913
141 45 35.005 0.8412 100.0 449.44 555.74 1359.68 1122.28 5.48 8.0 194.83 2222.96 8345.81 1.02 41.99 183.81 2388.04 8070.98 9.3228 0.02 332 2223 100.0 15.09 8.939
141 46 25.0032 0.62 60.0 462.54 536.91 1258.61 1041.59 7.05 9.02 175.73 1915.36 8016.14 0.94 36.57 164.5 2028.25 7872.34 10.8733 0.02 306 1915 84.93 14.37 8.6496
141 47 42.0054 0.8403 100.0 445.0 549.1 1353.57 1123.47 3.91 5.72 138.66 2211.92 8319.99 1.02 42.14 130.59 2388.05 8080.69 9.3683 0.02 332 2212 100.0 10.62 6.3446
141 48 10.0045 0.25 100.0 489.05 604.38 1502.25 1305.37 10.52 15.49 394.74 2318.87 8777.13 1.26 45.28 372.1 2388.07 8131.93 8.6309 0.03 368 2319 100.0 28.53 17.0954
141 49 10.0038 0.25 100.0 489.05 604.55 1492.76 1305.09 10.52 15.49 395.69 2318.87 8776.36 1.26 45.45 372.12 2388.11 8127.91 8.6773 0.03 367 2319 100.0 28.64 17.1628
141 50 42.0039 0.84 100.0 445.0 549.88 1349.51 1121.51 3.91 5.72 139.25 2211.89 8319.26 1.02 41.89 130.29 2388.02 8081.43 9.3759 0.02 329 2212 100.0 10.78 6.3405
141 51 10.0069 0.2515 100.0 489.05 604.22 1497.49 1303.75 10.52 15.49 394.59 2318.87 8782.85 1.26 45.4 372.12 2388.04 8134.49 8.651 0.03 369 2319 100.0 28.68 17.1586
141 52 20.0005 0.7015 100.0 491.19 607.21 1484.56 1252.14 9.35 13.65 335.29 2323.97 8722.98 1.08 44.34 315.62 2388.06 8060.89 9.1828 0.02 365 2324 100.0 24.32 14.6891
141 53 10.0016 0.2506 100.0 489.05 604.71 1501.82 1305.38 10.52 15.49 394.72 2318.86 8777.41 1.26 45.37 371.69 2388.04 8127.4 8.6551 0.03 369 2319 100.0 28.71 17.197
141 54 35.004 0.84 100.0 449.44 555.41 1367.38 1115.96 5.48 8.0 195.39 2222.97 8350.5 1.02 41.84 183.25 2388.04 8066.46 9.2999 0.02 333 2223 100.0 14.78 8.9358
141 55 42.0067 0.84 100.0 445.0 549.27 1346.37 1124.73 3.91 5.71 139.17 2211.89 8317.62 1.02 41.94 130.62 2387.94 8080.68 9.3198 0.02 331 2212 100.0 10.68 6.3467
141 56 35.0021 0.84 100.0 449.44 555.67 1367.05 1126.53 5.48 8.0 194.04 2222.97 8344.08 1.02 41.82 183.23 2388.03 8066.75 9.2459 0.02 334 2223 100.0 14.99 8.9477
141 57 0.0014 0.0007 100.0 518.67 642.53 1590.61 1402.75 14.62 21.61 553.47 2388.13 9049.15 1.3 47.39 522.03 2388.1 8136.58 8.406 0.03 393 2388 100.0 38.86 23.3825
141 58 10.0057 0.25 100.0 489.05 604.57 1497.58 1306.2 10.52 15.49 394.62 2318.92 8784.38 1.26 45.35 372.17 2388.11 8130.47 8.6578 0.03 369 2319 100.0 28.49 17.2452
141 59 20.008 0.7 100.0 491.19 606.91 1478.97 1244.37 9.35 13.66 335.25 2323.91 8728.34 1.08 44.37 315.22 2388.06 8062.89 9.2054 0.02 365 2324 100.0 24.35 14.6444
141 60 42.0055 0.8417 100.0 445.0 549.36 1350.48 1120.03 3.91 5.71 138.87 2211.89 8320.57 1.02 42.02 130.79 2387.92 8084.32 9.3225 0.02 330 2212 100.0 10.78 6.2434
141 61 41.9998 0.8409 100.0 445.0 549.43 1357.65 1112.74 3.91 5.71 138.76 2211.92 8314.25 1.02 41.85 130.64 2388.02 8082.78 9.3528 0.02 329 2212 100.0 10.66 6.4113
141 62 35.0021 0.84 100.0 449.44 556.03 1356.81 1127.88 5.48 8.0 195.28 2222.93 8344.9 1.02 41.89 183.69 2388.07 8069.08 9.3118 0.02 333 2223 100.0 14.86 8.9217
141 63 41.9996 0.8413 100.0 445.0 549.45 1350.65 1132.6 3.91 5.72 139.45 2211.83 8316.26 1.02 42.06 130.97 2387.92 8084.06 9.3696 0.02 331 2212 100.0 10.59 6.3707
141 64 24.9997 0.62 60.0 462.54 536.75 1265.4 1044.34 7.05 9.03 175.72 1915.28 8010.55 0.94 36.78 164.74 2028.17 7871.89 10.8581 0.02 307 1915 84.93 14.31 8.5221
141 65 0.0023 0.0019 100.0 518.67 642.29 1589.55 1401.4 14.62 21.61 554.04 2388.11 9050.54 1.3 47.21 521.74 2388.03 8134.04 8.3877 0.03 392 2388 100.0 38.91 23.2874
141 66 9.9984 0.251 100.0 489.05 604.78 1499.37 1297.7 10.52 15.49 394.72 2318.91 8780.89 1.26 45.36 371.39 2388.11 8128.78 8.6404 0.03 370 2319 100.0 28.73 17.1589
141 67 20.0055 0.7005 100.0 491.19 606.88 1479.89 1251.05 9.35 13.65 334.66 2323.97 8729.61 1.08 44.16 315.37 2388.05 8062.37 9.2149 0.02 364 2324 100.0 24.48 14.7009
141 68 20.0006 0.7 100.0 491.19 606.92 1487.26 1251.02 9.35 13.66 335.58 2323.92 8725.36 1.08 44.35 314.62 2388.15 8060.23 9.2164 0.02 364 2324 100.0 24.48 14.7671
141 69 10.0041 0.2512 100.0 489.05 604.65 1492.63 1297.76 10.52 15.49 394.92 2318.9 8781.7 1.26 45.22 371.63 2388.08 8129.05 8.6237 0.03 369 2319 100.0 28.59 17.0695
141 70 0.0017 0.0005 100.0 518.67 642.12 1592.09 1402.11 14.62 21.61 554.14 2388.08 9058.67 1.3 47.27 521.44 2388.07 8129.78 8.4328 0.03 393 2388 100.0 38.99 23.3185
141 71 0.0002 0.0006 100.0 518.67 643.25 1592.59 1397.69 14.62 21.61 553.95 2388.08 9054.51 1.3 47.3 522.3 2388.08 8134.52 8.4279 0.03 393 2388 100.0 38.87 23.4309
141 72 0.0001 0.0 100.0 518.67 641.62 1584.53 1406.85 14.62 21.61 553.01 2388.06 9057.63 1.3 47.4 522.05 2388.04 8136.94 8.3915 0.03 390 2388 100.0 39.02 23.3594
141 73 10.0062 0.2516 100.0 489.05 604.68 1502.87 1304.28 10.52 15.49 394.65 2318.91 8775.09 1.26 45.27 371.79 2388.13 8130.69 8.6429 0.03 370 2319 100.0 28.52 17.1252
141 74 0.0001 0.0 100.0 518.67 642.52 1584.13 1407.88 14.62 21.61 553.2 2388.09 9049.47 1.3 47.45 521.14 2388.04 8135.8 8.4661 0.03 393 2388 100.0 38.88 23.2879
141 75 34.9987 0.8413 100.0 449.44 554.86 1362.48 1135.54 5.48 8.0 195.51 2222.94 8346.54 1.02 41.64 183.32 2388.07 8065.81 9.3293 0.02 333 2223 100.0 14.98 8.9008
141 76 0.0012 0.0 100.0 518.67 642.73 1589.66 1405.91 14.62 21.61 553.3 2387.99 9054.68 1.3 47.35 521.99 2388.09 8136.07 8.4724 0.03 393 2388 100.0 38.73 23.2867
141 77 42.0062 0.8414 100.0 445.0 550.18 1352.49 1126.72 3.91 5.72 138.3 2211.89 8319.26 1.02 42.02 130.35 2388.02 8080.39 9.3804 0.02 330 2212 100.0 10.66 6.2609
141 78 41.9985 0.84 100.0 445.0 549.79 1351.22 1127.1 3.91 5.72 138.86 2211.84 8325.77 1.02 42.18 131.13 2387.96 8079.85 9.3876 0.02 331 2212 100.0 10.8 6.27
141 79 41.9999 0.84 100.0 445.0 550.21 1346.4 1126.2 3.91 5.72 138.49 2211.95 8320.05 1.02 42.13 130.84 2388.05 8087.76 9.3371 0.02 330 2212 100.0 10.78 6.3102
141 80 42.0022 0.8402 100.0 445.0 549.69 1347.43 1130.74 3.91 5.71 139.18 2211.91 8321.64 1.02 41.97 130.04 2387.95 8086.65 9.3623 0.02 333 2212 100.0 10.64 6.3536
141 81 0.0009 0.0 100.0 518.67 642.39 1580.02 1411.94 14.62 21.61 553.87 2388.06 9054.78 1.3 47.53 522.06 2388.07 8132.98 8.4119 0.03 393 2388 100.0 38.77 23.4502
141 82 42.0023 0.8411 100.0 445.0 550.02 1354.33 1126.37 3.91 5.72 138.6 2211.89 8322.04 1.02 41.84 131.11 2387.92 8083.03 9.3593 0.02 331 2212 100.0 10.53 6.4194
141 83 9.9995 0.2507 100.0 489.05 604.44 1497.06 1310.76 10.52 15.49 395.1 2318.91 8777.52 1.26 45.3 371.43 2388.1 8134.36 8.6509 0.03 370 2319 100.0 28.71 17.0911
141 84 35.0011 0.8409 100.0 449.44 555.6 1365.07 1128.25 5.48 8.0 195.18 2222.95 8350.63 1.02 41.96 182.63 2388.06 8067.39 9.341 0.02 335 2223 100.0 14.91 8.8137
141 85 41.9981 0.8414 100.0 445.0 548.99 1354.3 1126.86 3.91 5.72 138.92 2211.87 8321.53 1.02 41.79 130.38 2387.99 8088.82 9.3996 0.02 330 2212 100.0 10.65 6.3217
141 86 42.0044 0.84 100.0 445.0 549.35 1351.32 1129.2 3.91 5.72 138.31 2211.93 8325.33 1.02 42.07 130.63 2387.96 8084.08 9.3771 0.02 330 2212 100.0 10.43 6.4309
141 87 25.0001 0.62 60.0 462.54 536.56 1258.98 1047.8 7.05 9.03 175.91 1915.36 8012.21 0.94 36.74 164.67 2028.22 7874.83 10.8995 0.02 306 1915 84.93 14.35 8.5503
141 88 9.9989 0.2518 100.0 489.05 604.98 1499.5 1308.93 10.52 15.49 395.05 2318.93 8776.82 1.26 45.25 371.42 2388.09 8131.61 8.6446 0.03 371 2319 100.0 28.52 17.2177
141 89 0.0028 0.0 100.0 518.67 642.95 1590.19 1403.59 14.62 21.61 553.46 2388.05 9058.26 1.3 47.35 521.2 2388.05 8138.6 8.384 0.03 392 2388 100.0 38.92 23.3318
141 90 41.9994 0.8419 100.0 445.0 549.4 1352.6 1124.14 3.91 5.72 138.57 2211.89 8327.74 1.02 41.99 130.86 2387.97 8085.74 9.3613 0.02 331 2212 100.0 10.58 6.4228
141 91 10.0062 0.2519 100.0 489.05 604.58 1506.67 1312.55 10.52 15.49 394.49 2318.95 8777.24 1.26 45.28 371.87 2388.14 8127.39 8.6918 0.03 370 2319 100.0 28.51 17.1886
141 92 10.0066 0.2505 100.0 489.05 604.56 1498.07 1303.48 10.52 15.49 395.27 2318.92 8785.01 1.26 45.35 372.14 2388.11 8126.87 8.6727 0.03 370 2319 100.0 28.71 17.0595
141 93 42.0024 0.8403 100.0 445.0 549.76 1353.16 1119.59 3.91 5.72 138.21 2211.87 8320.75 1.02 42.02 130.38 2387.9 8087.26 9.3962 0.02 329 2212 100.0 10.73 6.3035
141 94 9.9993 0.2503 100.0 489.05 604.3 1504.78 1312.19 10.52 15.49 394.18 2318.93 8780.24 1.26 45.31 371.26 2388.09 8128.72 8.684 0.03 369 2319 100.0 28.59 17.116
141 95 0.0006 0.0015 100.0 518.67 642.48 1589.57 1402.78 14.62 21.61 553.74 2388.13 9056.95 1.3 47.6 521.33 2388.08 8137.72 8.4198 0.03 393 2388 100.0 38.88 23.337
141 96 10.0054 0.252 100.0 489.05 605.02 1508.73 1305.2 10.52 15.49 394.57 2318.94 8778.1 1.26 45.29 370.96 2388.13 8132.64 8.6435 0.03 369 2319 100.0 28.63 17.1237
141 97 10.0015 0.2508 100.0 489.05 605.32 1500.66 1313.76 10.52 15.49 394.58 2318.98 8780.32 1.26 45.48 371.15 2388.1 8124.56 8.6545 0.03 369 2319 100.0 28.75 17.1473
141 98 25.006 0.6217 60.0 462.54 536.34 1263.84 1050.18 7.05 9.03 175.16 1915.33 8013.55 0.94 36.83 164.77 2028.23 7873.62 10.923 0.02 307 1915 84.93 14.31 8.4986
141 99 42.0037 0.8402 100.0 445.0 550.2 1362.91 1127.74 3.91 5.71 139.46 2211.92 8319.61 1.02 42.16 130.79 2387.93 8086.78 9.3697 0.02 331 2212 100.0 10.41 6.3823
141 100 25.0073 0.6212 60.0 462.54 536.91 1259.64 1043.9 7.05 9.03 174.92 1915.31 8011.73 0.94 36.86 164.92 2028.24 7875.0 10.9082 0.02 306 1915 84.93 14.15 8.5514
141 101 0.0008 0.0001 100.0 518.67 642.99 1595.68 1406.83 14.62 21.61 553.5 2388.08 9047.93 1.3 47.48 521.65 2388.12 8138.06 8.4263 0.03 395 2388 100.0 38.89 23.2544
141 102 9.9996 0.25 100.0 489.05 605.08 1495.5 1307.34 10.52 15.49 394.11 2318.97 8781.57 1.26 45.4 371.66 2388.15 8129.83 8.6452 0.03 369 2319 100.0 28.53 17.1299
141 103 25.0066 0.6215 60.0 462.54 536.8 1259.05 1054.88 7.05 9.03 175.77 1915.29 8006.32 0.94 36.74 164.82 2028.2 7870.18 10.8908 0.02 308 1915 84.93 14.38 8.6224
141 104 0.0025 0.0 100.0 518.67 642.4 1589.54 1404.41 14.62 21.61 553.33 2388.1 9057.31 1.3 47.58 520.91 2388.06 8133.36 8.4152 0.03 393 2388 100.0 38.76 23.3534
141 105 0.0023 0.0 100.0 518.67 642.58 1595.03 1406.22 14.62 21.61 553.47 2388.09 9059.46 1.3 47.51 520.95 2388.1 8136.15 8.398 0.03 393 2388 100.0 38.67 23.2452
141 106 20.0058 0.7 100.0 491.19 607.09 1487.12 1252.83 9.35 13.66 334.98 2324.0 8727.5 1.07 44.59 314.58 2388.12 8062.4 9.2431 0.02 364 2324 100.0 24.48 14.6119
141 107 19.999 0.7 100.0 491.19 607.83 1486.53 1250.59 9.35 13.65 334.27 2324.02 8715.55 1.08 44.53 314.92 2388.1 8062.59 9.2772 0.02 365 2324 100.0 24.43 14.5998
141 108 42.0057 0.84 100.0 445.0 549.62 1355.83 1130.33 3.91 5.71 138.86 2211.92 8324.22 1.02 42.28 130.54 2388.02 8087.12 9.3679 0.02 330 2212 100.0 10.62 6.4071
141 109 20.007 0.7012 100.0 491.19 607.83 1484.24 1251.92 9.35 13.66 334.06 2323.98 8727.21 1.08 44.36 314.71 2388.02 8057.28 9.2602 0.02 365 2324 100.0 24.46 14.5194
141 110 35.0037 0.84 100.0 449.44 555.83 1365.77 1129.76 5.48 8.0 194.45 2222.94 8339.19 1.02 41.96 182.87 2388.04 8071.97 9.3595 0.02 335 2223 100.0 14.99 8.8881
141 111 25.0043 0.62 60.0 462.54 537.24 1263.97 1049.55 7.05 9.03 174.96 1915.3 8010.95 0.94 36.87 164.91 2028.2 7873.89 10.9194 0.02 308 1915 84.93 14.23 8.5652
141 112 41.9988 0.84 100.0 445.0 549.91 1346.79 1131.64 3.91 5.71 138.65 2211.89 8317.25 1.02 42.1 130.58 2387.95 8075.34 9.3793 0.02 332 2212 100.0 10.46 6.4581
141 113 41.9988 0.8412 100.0 445.0 550.0 1355.99 1127.85 3.91 5.71 138.74 2211.89 8322.17 1.02 42.08 130.56 2387.93 8084.63 9.3563 0.02 331 2212 100.0 10.53 6.3393
141 114 0.0029 0.0 100.0 518.67 641.95 1590.6 1404.62 14.62 21.61 552.68 2388.1 9056.35 1.3 47.59 520.95 2388.17 8130.33 8.4062 0.03 394 2388 100.0 38.96 23.3602
141 115 0.0019 0.0009 100.0 518.67 643.26 1590.46 1410.92 14.62 21.61 553.37 2388.12 9060.56 1.3 47.56 520.75 2388.1 8136.73 8.4191 0.03 393 2388 100.0 38.67 23.2616
141 116 35.0036 0.8418 100.0 449.44 555.82 1372.44 1132.33 5.48 8.0 194.2 2222.95 8350.31 1.02 42.03 182.43 2387.96 8066.38 9.3445 0.02 333 2223 100.0 14.9 8.932
141 117 0.0014 0.0 100.0 518.67 642.54 1595.89 1411.01 14.62 21.61 553.56 2388.13 9055.04 1.3 47.63 520.64 2388.15 8140.44 8.4684 0.03 395 2388 100.0 38.85 23.228
141 118 42.0002 0.8402 100.0 445.0 549.98 1357.22 1127.94 3.91 5.71 138.8 2211.87 8324.56 1.02 42.12 130.62 2387.87 8085.32 9.3863 0.02 332 2212 100.0 10.72 6.2859
141 119 10.0028 0.2507 100.0 489.05 604.95 1508.64 1312.28 10.52 15.49 394.09 2319.0 8776.06 1.26 45.46 371.44 2388.14 8131.37 8.6495 0.03 370 2319 100.0 28.36 17.1113
141 120 0.0005 0.0007 100.0 518.67 642.85 1602.48 1412.88 14.62 21.61 553.21 2388.16 9057.07 1.3 47.7 521.05 2388.17 8135.7 8.4139 0.03 392 2388 100.0 38.67 23.3325
141 121 24.9994 0.62 60.0 462.54 536.77 1269.01 1057.69 7.05 9.03 174.59 1915.38 8020.16 0.94 37.01 164.15 2028.22 7874.04 10.9141 0.02 309 1915 84.93 14.41 8.5541
141 122 0.0001 0.0 100.0 518.67 643.07 1587.58 1405.12 14.62 21.61 552.63 2388.13 9059.56 1.3 47.53 521.13 2388.1 8139.62 8.4128 0.03 394 2388 100.0 38.69 23.1982
141 123 35.0026 0.84 100.0 449.44 556.16 1362.01 1137.03 5.48 8.0 193.8 2222.92 8351.09 1.02 42.15 183.58 2387.94 8065.12 9.3432 0.02 335 2223 100.0 14.83 8.7756
141 124 41.9998 0.8413 100.0 445.0 549.91 1356.17 1129.72 3.91 5.72 138.33 2211.8 8324.08 1.02 42.32 130.46 2387.87 8083.71 9.3834 0.02 330 2212 100.0 10.55 6.3336
141 125 35.0003 0.84 100.0 449.44 556.26 1367.95 1134.69 5.48 8.0 194.38 2222.9 8344.5 1.02 42.0 183.38 2387.99 8071.79 9.3162 0.02 334 2223 100.0 14.99 8.785
141 126 20.0068 0.7005 100.0 491.19 607.6 1489.68 1257.82 9.35 13.66 333.96 2323.99 8721.04 1.08 44.5 314.24 2388.15 8056.61 9.2476 0.03 365 2324 100.0 24.36 14.5214
141 127 35.0015 0.8412 100.0 449.44 555.77 1366.84 1130.81 5.48 8.0 193.93 2222.99 8349.05 1.02 42.09 182.77 2387.99 8059.4 9.3496 0.02 334 2223 100.0 14.58 8.903
141 128 20.0041 0.7 100.0 491.19 607.89 1485.45 1255.7 9.35 13.66 334.29 2324.02 8731.28 1.08 44.57 314.69 2388.17 8059.93 9.2371 0.03 366 2324 100.0 24.44 14.5671
141 129 34.9992 0.8415 100.0 449.44 556.13 1371.76 1132.65 5.48 8.0 194.12 2222.94 8354.83 1.02 42.07 182.81 2388.04 8066.19 9.3463 0.02 334 2223 100.0 14.85 8.8567
141 130 10.0009 0.25 100.0 489.05 604.91 1501.63 1314.02 10.52 15.49 394.73 2318.97 8780.84 1.26 45.86 371.24 2388.22 8127.68 8.7005 0.03 371 2319 100.0 28.5 17.1099
141 131 41.9999 0.8403 100.0 445.0 549.98 1352.81 1133.57 3.91 5.71 138.01 2211.79 8317.56 1.02 42.42 130.62 2387.82 8084.49 9.3874 0.02 331 2212 100.0 10.6 6.3579
141 132 0.0028 0.0018 100.0 518.67 642.99 1589.92 1415.97 14.62 21.61 552.62 2388.18 9057.57 1.3 47.78 520.95 2388.16 8134.86 8.4469 0.03 393 2388 100.0 38.72 23.2986
141 133 25.0041 0.62 60.0 462.54 537.24 1264.48 1050.75 7.05 9.03 175.24 1915.26 8012.12 0.94 36.81 164.41 2028.21 7875.3 10.9224 0.02 307 1915 84.93 14.21 8.5057
141 134 24.9997 0.62 60.0 462.54 537.12 1263.14 1055.8 7.05 9.03 174.9 1915.35 8015.97 0.94 36.82 164.53 2028.23 7875.52 10.9308 0.02 308 1915 84.93 14.1 8.5693
141 135 0.0029 0.0 100.0 518.67 642.61 1591.67 1414.11 14.62 21.61 552.54 2388.18 9057.24 1.3 47.8 520.39 2388.18 8129.49 8.4839 0.03 395 2388 100.0 38.64 23.189
141 136 25.0015 0.62 60.0 462.54 536.73 1264.1 1060.45 7.05 9.03 175.59 1915.24 7999.93 0.94 37.0 163.73 2028.17 7876.06 10.9355 0.02 307 1915 84.93 14.2 8.47
141 137 20.0051 0.7 100.0 491.19 607.44 1489.08 1257.76 9.35 13.66 333.79 2324.06 8727.66 1.08 44.56 314.36 2388.2 8058.93 9.2696 0.02 367 2324 100.0 24.2 14.5166
141 138 35.0004 0.84 100.0 449.44 556.59 1369.96 1132.17 5.48 8.0 194.67 2222.89 8353.57 1.02 42.31 183.02 2388.02 8066.05 9.4127 0.02 335 2223 100.0 14.87 8.9025
141 139 9.9985 0.2503 100.0 489.05 605.02 1505.47 1315.77 10.52 15.5 393.17 2319.08 8786.52 1.26 45.69 371.47 2388.26 8133.45 8.6898 0.03 370 2319 100.0 28.31 17.0665
141 140 34.9982 0.84 100.0 449.44 556.13 1367.2 1142.09 5.48 8.0 194.58 2222.89 8352.32 1.02 42.1 182.51 2387.99 8061.27 9.3694 0.02 336 2223 100.0 14.77 8.9034
141 141 42.0011 0.84 100.0 445.0 549.84 1350.04 1132.68 3.91 5.72 137.94 2211.75 8326.24 1.02 42.43 130.58 2387.77 8077.78 9.3907 0.02 333 2212 100.0 10.43 6.3424
141 142 20.0005 0.7 100.0 491.19 607.82 1481.91 1259.85 9.35 13.66 333.58 2324.06 8724.25 1.08 44.7 314.49 2388.22 8059.97 9.3004 0.02 366 2324 100.0 24.51 14.6167
141 143 20.0051 0.7012 100.0 491.19 607.82 1492.09 1260.75 9.35 13.66 333.7 2324.0 8723.46 1.08 44.68 314.65 2388.12 8058.96 9.2775 0.03 368 2324 100.0 24.36 14.6498
141 144 35.0029 0.84 100.0 449.44 555.67 1368.55 1136.74 5.48 8.0 193.61 2222.88 8348.08 1.02 42.25 182.81 2388.03 8064.8 9.3385 0.02 337 2223 100.0 14.86 8.897
141 145 0.0004 0.0 100.0 518.67 642.86 1597.58 1422.9 14.62 21.61 552.34 2388.19 9056.72 1.3 47.96 520.4 2388.24 8133.61 8.4524 0.03 395 2388 100.0 38.75 23.2321
141 146 20.0026 0.7 100.0 491.19 608.19 1485.68 1265.78 9.35 13.66 333.64 2324.03 8728.14 1.08 44.7 314.25 2388.25 8061.0 9.307 0.03 367 2324 100.0 24.22 14.6891
141 147 25.0056 0.62 60.0 462.54 536.51 1266.05 1054.7 7.05 9.03 175.32 1915.3 8010.77 0.94 37.12 164.2 2028.17 7879.08 10.9678 0.02 308 1915 84.93 14.17 8.4565
141 148 25.0028 0.62 60.0 462.54 536.56 1277.54 1054.88 7.05 9.03 175.52 1915.28 8013.34 0.94 37.08 164.53 2028.23 7871.83 10.9636 0.02 310 1915 84.93 14.12 8.4755
141 149 35.0004 0.84 100.0 449.44 556.0 1372.65 1142.82 5.48 8.0 193.86 2222.94 8354.43 1.02 42.24 182.57 2387.97 8060.9 9.4043 0.02 336 2223 100.0 14.68 8.861
141 150 20.0071 0.7 100.0 491.19 607.71 1496.01 1267.51 9.35 13.66 334.22 2324.11 8728.88 1.07 44.88 313.23 2388.29 8059.07 9.2598 0.03 367 2324 100.0 24.41 14.653
141 151 35.0028 0.8405 100.0 449.44 556.75 1365.96 1147.08 5.48 8.0 193.49 2222.87 8349.93 1.02 42.41 182.43 2387.95 8059.45 9.3995 0.02 335 2223 100.0 14.74 8.801
141 152 35.0055 0.8409 100.0 449.44 556.43 1370.63 1144.61 5.48 8.0 194.12 2222.9 8344.86 1.02 42.37 182.97 2387.95 8061.02 9.3991 0.02 336 2223 100.0 14.63 8.8901
141 153 25.0075 0.6218 60.0 462.54 536.81 1268.68 1067.55 7.05 9.03 175.12 1915.25 8014.28 0.94 37.36 163.8 2028.15 7870.86 10.9894 0.02 309 1915 84.93 14.07 8.5365
141 154 10.0046 0.2515 100.0 489.05 605.53 1508.68 1331.54 10.52 15.5 392.73 2319.11 8782.74 1.26 45.96 370.64 2388.36 8122.07 8.7005 0.03 372 2319 100.0 28.32 16.9255
141 155 24.9991 0.6209 60.0 462.54 537.06 1271.5 1064.65 7.05 9.03 174.8 1915.27 8005.2 0.94 37.1 164.52 2028.16 7875.11 10.9979 0.02 307 1915 84.93 14.24 8.6269
141 156 42.0074 0.8415 100.0 445.0 550.09 1356.5 1138.37 3.91 5.72 139.24 2211.66 8320.9 1.02 42.56 130.63 2387.72 8077.82 9.4444 0.02 334 2212 100.0 10.46 6.3258
141 157 0.0005 0.0 100.0 518.67 643.83 1607.61 1427.83 14.62 21.61 551.7 2388.26 9061.45 1.3 48.05 520.3 2388.26 8126.23 8.5531 0.03 395 2388 100.0 38.4 22.9839
141 158 42.0007 0.8401 100.0 445.0 550.37 1368.95 1139.92 3.91 5.72 137.32 2211.67 8323.32 1.02 42.79 130.63 2387.71 8080.57 9.4565 0.02 334 2212 100.0 10.52 6.2291
141 159 35.0022 0.8419 100.0 449.44 556.6 1381.52 1149.19 5.48 8.0 193.56 2222.83 8346.06 1.02 42.42 182.39 2387.93 8068.21 9.4122 0.02 337 2223 100.0 14.91 8.8775
141 160 25.0043 0.6206 60.0 462.54 537.43 1272.69 1061.81 7.05 9.03 174.68 1915.17 8018.24 0.94 37.34 164.24 2028.11 7870.21 11.027 0.02 310 1915 84.93 14.01 8.5145
141 161 20.0075 0.7016 100.0 491.19 608.47 1491.56 1266.94 9.35 13.66 333.07 2324.17 8721.75 1.07 45.06 314.28 2388.19 8061.74 9.3284 0.03 368 2324 100.0 24.15 14.6244
141 162 20.0044 0.7002 100.0 491.19 608.73 1494.65 1275.48 9.35 13.66 333.38 2324.16 8723.91 1.07 45.1 313.78 2388.29 8054.94 9.2928 0.03 369 2324 100.0 24.15 14.5166
141 163 0.0019 0.0003 100.0 518.67 643.72 1602.56 1429.85 14.62 21.61 551.08 2388.29 9055.27 1.3 48.37 519.14 2388.31 8125.93 8.495 0.03 395 2388 100.0 38.58 23.1498
234 1 0.0029 0.0 100.0 518.67 642.83 1588.46 1409.3 14.62 21.61 553.18 2388.07 9054.21 1.3 47.39 521.95 2388.09 8127.17 8.4323 0.03 394 2388 100.0 39.11 23.277
234 2 25.0054 0.6212 60.0 462.54 536.06 1265.59 1045.43 7.05 9.03 175.87 1915.18 8003.42 0.94 36.62 164.89 2028.08 7866.33 10.885 0.02 308 1915 84.93 14.28 8.4752
234 3 42.0016 0.84 100.0 445.0 549.82 1351.49 1126.7 3.91 5.71 139.41 2211.69 8313.92 1.02 42.12 130.61 2387.84 8079.55 9.3846 0.02 330 2212 100.0 10.73 6.3889
234 4 42.0021 0.8404 100.0 445.0 549.19 1355.56 1127.22 3.91 5.71 138.26 2211.69 8309.64 1.02 42.23 130.42 2387.82 8075.5 9.3708 0.02 329 2212 100.0 10.72 6.3016
234 5 10.0046 0.2512 100.0 489.05 604.49 1501.6 1306.12 10.52 15.49 395.03 2318.95 8771.98 1.26 45.37 371.42 2388.13 8126.68 8.6385 0.03 369 2319 100.0 28.54 17.185
234 6 42.0024 0.84 100.0 445.0 548.86 1348.31 1127.34 3.91 5.71 138.61 2211.73 8310.87 1.02 42.1 130.13 2387.75 8073.84 9.3764 0.02 330 2212 100.0 10.64 6.403
234 7 42.0019 0.84 100.0 445.0 549.99 1354.98 1124.38 3.91 5.71 139.14 2211.75 8314.41 1.02 42.13 130.6 2387.9 8077.79 9.3955 0.02 328 2212 100.0 10.38 6.3936
234 8 0.003 0.0 100.0 518.67 642.1 1593.06 1408.87 14.62 21.61 554.32 2388.04 9045.16 1.3 47.26 521.34 2388.12 8122.5 8.4136 0.03 393 2388 100.0 38.82 23.3581
234 9 20.0035 0.7 100.0 491.19 607.57 1491.51 1251.48 9.35 13.65 334.62 2323.92 8715.67 1.08 44.42 315.01 2388.04 8052.2 9.1843 0.02 363 2324 100.0 24.45 14.7091
234 10 42.0039 0.8415 100.0 445.0 549.73 1351.74 1127.15 3.91 5.71 139.07 2211.73 8311.59 1.02 42.18 129.91 2387.84 8075.11 9.3661 0.02 332 2212 100.0 10.48 6.2517
234 11 0.001 0.0 100.0 518.67 642.7 1586.02 1407.66 14.62 21.61 553.82 2388.04 9050.06 1.3 47.61 521.51 2388.11 8126.59 8.429 0.03 393 2388 100.0 39.05 23.3876
234 12 0.0011 0.0 100.0 518.67 642.8 1589.05 1410.93 14.62 21.61 554.25 2388.07 9052.71 1.3 47.37 521.91 2388.13 8123.9 8.4464 0.03 393 2388 100.0 38.68 23.344
234 13 19.9996 0.7 100.0 491.19 607.15 1487.65 1257.39 9.35 13.66 334.75 2323.95 8716.56 1.08 44.3 314.79 2388.06 8054.6 9.2322 0.02 364 2324 100.0 24.4 14.6108
234 14 20.0078 0.7 100.0 491.19 607.72 1485.65 1251.85 9.35 13.66 334.72 2323.92 8718.99 1.08 44.4 315.66 2388.01 8054.32 9.217 0.02 366 2324 100.0 24.46 14.6455
234 15 25.0001 0.621 60.0 462.54 536.29 1259.09 1045.99 7.05 9.02 175.01 1915.25 8004.15 0.94 36.73 164.92 2028.06 7871.95 10.8878 0.02 306 1915 84.93 14.2 8.5218
234 16 0.0023 0.0006 100.0 518.67 642.08 1581.62 1402.53 14.62 21.61 553.06 2388.14 9051.79 1.3 47.55 521.43 2388.11 8130.9 8.4647 0.03 392 2388 100.0 38.77 23.2836
234 17 42.0021 0.84 100.0 445.0 549.1 1355.94 1127.33 3.91 5.72 138.68 2211.7 8319.08 1.02 42.03 130.89 2387.8 8075.39 9.3227 0.02 331 2212 100.0 10.63 6.4063
234 18 10.0027 0.25 100.0 489.05 604.84 1493.27 1306.7 10.52 15.49 394.54 2318.93 8769.69 1.26 45.47 371.23 2388.19 8124.55 8.6449 0.03 369 2319 100.0 28.49 17.1798
234 19 10.0022 0.2502 100.0 489.05 605.01 1502.71 1311.94 10.52 15.49 394.74 2318.9 8759.18 1.26 45.32 371.36 2388.19 8121.92 8.6215 0.03 369 2319 100.0 28.63 17.1722
234 20 0.0009 0.0009 100.0 518.67 642.33 1583.72 1402.75 14.62 21.61 553.05 2388.15 9045.04 1.3 47.43 521.88 2388.06 8127.73 8.3992 0.03 392 2388 100.0 38.86 23.2352
234 21 9.9997 0.2511 100.0 489.05 604.7 1493.5 1304.54 10.52 15.49 394.83 2318.97 8762.52 1.26 45.4 371.44 2388.17 8120.82 8.6388 0.03 369 2319 100.0 28.52 17.2434
234 22 41.9996 0.8413 100.0 445.0 549.53 1353.63 1127.07 3.91 5.72 138.4 2211.78 8308.7 1.02 42.07 130.18 2387.77 8071.1 9.4161 0.02 329 2212 100.0 10.6 6.4679
234 23 42.0048 0.8404 100.0 445.0 549.44 1349.07 1133.42 3.91 5.71 138.75 2211.72 8309.2 1.02 42.0 130.65 2387.81 8078.5 9.3761 0.02 330 2212 100.0 10.48 6.2551
234 24 42.0004 0.8415 100.0 445.0 549.67 1357.84 1131.69 3.91 5.71 138.66 2211.81 8312.34 1.02 42.05 130.93 2387.83 8077.01 9.3625 0.02 331 2212 100.0 10.48 6.3128
234 25 20.0018 0.7 100.0 491.19 607.69 1483.94 1249.31 9.35 13.66 334.22 2323.94 8716.48 1.08 44.46 315.09 2388.04 8055.79 9.2475 0.02 366 2324 100.0 24.51 14.6822
234 26 20.0075 0.7013 100.0 491.19 607.01 1487.53 1249.85 9.35 13.65 334.29 2323.91 8705.24 1.08 44.43 315.5 2388.07 8056.67 9.1754 0.02 364 2324 100.0 24.43 14.6307
234 27 34.9991 0.84 100.0 449.44 555.48 1360.63 1137.27 5.48 8.0 194.91 2222.77 8340.65 1.02 41.96 183.34 2387.83 8052.32 9.3336 0.02 334 2223 100.0 14.94 8.9773
234 28 10.003 0.2505 100.0 489.05 604.58 1497.47 1310.55 10.52 15.49 394.16 2318.91 8770.22 1.26 45.46 371.33 2388.1 8121.68 8.6523 0.03 367 2319 100.0 28.44 17.1809
234 29 20.0033 0.7 100.0 491.19 607.75 1477.48 1254.01 9.35 13.66 334.48 2323.9 8719.31 1.08 44.27 314.53 2388.01 8056.02 9.1908 0.02 364 2324 100.0 24.39 14.6338
234 30 42.0058 0.8411 100.0 445.0 549.22 1348.06 1124.17 3.91 5.71 138.44 2211.73 8309.82 1.02 42.18 130.71 2387.77 8077.03 9.3513 0.02 331 2212 100.0 10.46 6.3664
234 31 10.004 0.25 100.0 489.05 604.84 1502.46 1312.46 10.52 15.49 394.88 2318.94 8765.84 1.26 45.5 371.4 2388.11 8119.2 8.6539 0.03 369 2319 100.0 28.51 17.1627
234 32 10.0005 0.25 100.0 489.05 604.83 1492.26 1308.77 10.52 15.49 394.26 2318.9 8767.34 1.26 45.53 371.74 2388.14 8122.12 8.6441 0.03 366 2319 100.0 28.5 17.1646
234 33 20.0071 0.7008 100.0 491.19 607.37 1478.77 1249.47 9.35 13.65 334.84 2323.96 8713.81 1.08 44.39 314.99 2388.07 8055.04 9.2363 0.02 365 2324 100.0 24.46 14.6856
234 34 41.9995 0.8406 100.0 445.0 549.39 1352.36 1125.76 3.91 5.71 138.37 2211.74 8311.68 1.02 42.09 130.51 2387.8 8080.9 9.3683 0.02 330 2212 100.0 10.57 6.4331
234 35 24.9993 0.62 60.0 462.54 536.7 1258.58 1041.99 7.05 9.02 176.34 1915.2 7999.82 0.94 36.7 164.87 2028.04 7868.65 10.8736 0.02 306 1915 84.93 14.38 8.4777
234 36 34.9991 0.84 100.0 449.44 555.46 1364.07 1132.84 5.48 8.0 194.52 2222.77 8341.96 1.02 41.78 182.81 2387.87 8057.49 9.3483 0.02 334 2223 100.0 14.86 8.9148
234 37 0.0024 0.0001 100.0 518.67 642.44 1588.09 1409.52 14.62 21.61 553.79 2388.14 9047.38 1.3 47.65 521.59 2388.12 8127.65 8.4572 0.03 392 2388 100.0 39.1 23.3846
234 38 35.0011 0.84 100.0 449.44 555.66 1362.54 1123.95 5.48 8.0 194.91 2222.77 8339.32 1.02 41.86 182.81 2387.86 8060.5 9.349 0.02 334 2223 100.0 14.75 8.9653
234 39 0.0029 0.0 100.0 518.67 642.45 1588.51 1403.88 14.62 21.61 553.82 2388.13 9047.82 1.3 47.5 521.73 2388.13 8130.86 8.435 0.03 392 2388 100.0 38.84 23.1686
234 40 41.9994 0.8401 100.0 445.0 549.21 1354.64 1123.96 3.91 5.72 138.35 2211.73 8313.69 1.02 41.92 130.13 2387.81 8077.88 9.359 0.02 331 2212 100.0 10.49 6.2783
234 41 0.003 0.0011 100.0 518.67 643.29 1585.95 1406.23 14.62 21.61 553.1 2388.04 9051.65 1.3 47.55 521.63 2388.09 8124.83 8.4393 0.03 394 2388 100.0 38.85 23.3633
234 42 42.0054 0.8402 100.0 445.0 549.47 1353.16 1120.83 3.91 5.71 138.74 2211.74 8311.74 1.02 42.22 130.67 2387.78 8076.76 9.3603 0.02 331 2212 100.0 10.54 6.3631
234 43 42.0028 0.84 100.0 445.0 549.18 1352.05 1130.26 3.91 5.71 138.01 2211.65 8304.29 1.02 41.95 130.84 2387.78 8075.62 9.3908 0.02 331 2212 100.0 10.83 6.4011
234 44 25.0043 0.62 60.0 462.54 536.42 1262.99 1041.45 7.05 9.03 175.78 1915.2 7998.41 0.94 36.66 164.55 2028.08 7864.56 10.8697 0.02 309 1915 84.93 14.41 8.57
234 45 25.0055 0.62 60.0 462.54 537.05 1261.71 1041.36 7.05 9.03 175.66 1915.18 7999.44 0.94 36.6 164.61 2028.03 7866.57 10.8781 0.02 307 1915 84.93 14.44 8.5494
234 46 25.0057 0.6201 60.0 462.54 536.6 1263.4 1052.15 7.05 9.02 174.77 1915.22 8004.77 0.94 36.79 164.65 2028.1 7868.97 10.8844 0.02 307 1915 84.93 14.28 8.5437
234 47 41.9998 0.84 100.0 445.0 549.82 1354.04 1129.21 3.91 5.72 138.29 2211.7 8312.38 1.02 42.25 130.84 2387.83 8078.23 9.3655 0.02 330 2212 100.0 10.63 6.3911
234 48 42.0009 0.84 100.0 445.0 549.73 1360.59 1127.46 3.91 5.72 138.98 2211.73 8312.05 1.02 42.24 130.86 2387.82 8075.16 9.4125 0.02 329 2212 100.0 10.53 6.3824
234 49 25.0066 0.6214 60.0 462.54 536.88 1260.57 1052.49 7.05 9.03 175.63 1915.18 8002.3 0.94 36.77 164.91 2028.05 7869.38 10.8949 0.02 305 1915 84.93 14.44 8.5435
234 50 20.0057 0.7 100.0 491.19 606.89 1477.22 1255.77 9.35 13.66 334.95 2323.94 8716.44 1.08 44.41 314.84 2388.06 8050.03 9.2107 0.02 366 2324 100.0 24.66 14.6918
234 51 20.0037 0.7008 100.0 491.19 607.18 1489.18 1254.53 9.35 13.66 334.42 2323.94 8712.59 1.08 44.44 315.24 2388.07 8060.33 9.2293 0.02 367 2324 100.0 24.47 14.7057
234 52 25.0046 0.62 60.0 462.54 537.37 1262.11 1051.32 7.05 9.03 175.04 1915.21 8006.71 0.94 36.71 164.45 2028.09 7864.08 10.9247 0.02 307 1915 84.93 14.27 8.6547
234 53 0.0021 0.0 100.0 518.67 642.73 1588.78 1413.16 14.62 21.61 553.54 2388.11 9049.55 1.3 47.42 521.41 2388.12 8127.95 8.4198 0.03 392 2388 100.0 38.9 23.2674
234 54 24.9981 0.6212 60.0 462.54 537.3 1266.16 1047.12 7.05 9.02 175.48 1915.16 8005.0 0.94 36.68 164.46 2028.06 7870.64 10.9216 0.02 307 1915 84.93 14.15 8.5859
234 55 20.0003 0.7 100.0 491.19 606.44 1481.49 1252.05 9.35 13.65 334.88 2323.95 8715.94 1.08 44.45 314.4 2388.09 8053.69 9.1852 0.02 368 2324 100.0 24.52 14.6671
234 56 25.0032 0.6211 60.0 462.54 537.0 1261.84 1049.79 7.05 9.03 175.21 1915.2 8001.92 0.94 36.73 164.86 2028.12 7864.38 10.8685 0.02 306 1915 84.93 14.26 8.5974
234 57 35.0019 0.84 100.0 449.44 556.04 1364.32 1128.03 5.48 8.0 194.65 2222.74 8345.65 1.02 41.92 183.28 2387.82 8060.28 9.3003 0.02 334 2223 100.0 14.78 8.8834
234 58 42.0023 0.8402 100.0 445.0 550.27 1352.98 1128.98 3.91 5.71 138.09 2211.7 8313.09 1.02 42.07 130.11 2387.79 8074.9 9.3475 0.02 331 2212 100.0 10.75 6.3182
234 59 0.0011 0.0004 100.0 518.67 642.6 1583.81 1405.65 14.62 21.61 554.32 2388.13 9046.06 1.3 47.54 521.46 2388.14 8133.83 8.4298 0.03 393 2388 100.0 38.88 23.3024
234 60 0.0025 0.0 100.0 518.67 643.11 1589.14 1409.47 14.62 21.61 553.9 2388.13 9049.9 1.3 47.67 521.2 2388.15 8133.08 8.4198 0.03 392 2388 100.0 38.72 23.1541
234 61 35.0046 0.8412 100.0 449.44 555.69 1362.6 1131.24 5.48 8.0 194.47 2222.83 8338.61 1.02 41.98 182.65 2387.91 8056.45 9.3196 0.02 334 2223 100.0 14.88 8.9162
234 62 10.0045 0.2505 100.0 489.05 604.93 1504.02 1313.09 10.52 15.49 394.66 2318.92 8770.88 1.26 45.45 370.87 2388.12 8120.14 8.642 0.03 370 2319 100.0 28.71 17.1036
234 63 10.0011 0.25 100.0 489.05 604.92 1498.44 1309.21 10.52 15.49 394.58 2318.91 8770.04 1.26 45.52 371.41 2388.14 8124.35 8.6743 0.03 370 2319 100.0 28.62 17.0366
234 64 35.0035 0.84 100.0 449.44 555.83 1365.02 1128.74 5.48 8.0 193.92 2222.77 8340.55 1.02 41.8 183.14 2387.87 8067.82 9.3265 0.02 335 2223 100.0 14.9 8.8351
234 65 35.0068 0.8404 100.0 449.44 555.59 1365.21 1131.16 5.48 8.0 194.17 2222.82 8350.27 1.02 42.07 182.93 2387.89 8059.8 9.33 0.02 333 2223 100.0 14.9 8.9231
234 66 20.0026 0.7007 100.0 491.19 607.77 1485.77 1258.11 9.35 13.66 334.94 2323.92 8718.03 1.08 44.5 314.9 2388.05 8049.84 9.2133 0.03 365 2324 100.0 24.39 14.8155
234 67 25.0055 0.62 60.0 462.54 536.6 1262.0 1049.08 7.05 9.02 175.79 1915.24 8000.83 0.94 36.74 164.14 2028.1 7866.65 10.941 0.02 307 1915 84.93 14.37 8.595
234 68 42.003 0.84 100.0 445.0 549.48 1350.79 1128.24 3.91 5.72 138.53 2211.73 8318.05 1.02 42.37 129.88 2387.83 8072.99 9.3575 0.02 329 2212 100.0 10.61 6.4331
234 69 34.9982 0.8412 100.0 449.44 555.77 1362.57 1133.69 5.48 8.0 194.56 2222.87 8343.29 1.02 42.05 183.22 2387.93 8059.19 9.3173 0.02 335 2223 100.0 15.0 8.9867
234 70 35.0068 0.8413 100.0 449.44 555.53 1370.12 1125.17 5.48 8.0 194.84 2222.83 8342.97 1.02 42.08 183.02 2387.92 8062.75 9.2952 0.02 334 2223 100.0 14.67 8.9245
234 71 0.0007 0.0 100.0 518.67 642.96 1591.26 1409.62 14.62 21.61 553.12 2388.15 9045.66 1.3 47.38 521.18 2388.05 8130.35 8.4683 0.03 393 2388 100.0 38.78 23.2847
234 72 20.0079 0.7005 100.0 491.19 607.65 1480.13 1247.57 9.35 13.66 334.57 2323.92 8714.5 1.08 44.39 315.16 2388.06 8059.05 9.2193 0.02 365 2324 100.0 24.5 14.6891
234 73 35.0028 0.8401 100.0 449.44 556.37 1371.91 1125.34 5.48 8.0 194.01 2222.78 8339.92 1.02 42.0 183.42 2387.86 8061.21 9.32 0.02 335 2223 100.0 14.96 8.9388
234 74 0.0027 0.0016 100.0 518.67 642.62 1591.7 1403.45 14.62 21.61 553.11 2388.17 9047.9 1.3 47.45 521.3 2388.12 8123.58 8.4421 0.03 394 2388 100.0 38.85 23.4215
234 75 25.0068 0.6214 60.0 462.54 536.9 1265.9 1054.29 7.05 9.03 175.72 1915.19 8004.59 0.94 36.8 164.32 2028.06 7862.27 10.8964 0.02 306 1915 84.93 14.28 8.5
234 76 35.0073 0.8415 100.0 449.44 555.22 1368.65 1138.01 5.48 8.0 195.04 2222.83 8337.25 1.02 42.04 182.97 2387.9 8063.16 9.3418 0.02 334 2223 100.0 14.84 8.9806
234 77 35.0068 0.8409 100.0 449.44 555.91 1365.49 1126.61 5.48 8.0 193.83 2222.84 8337.13 1.02 41.95 182.47 2387.87 8060.34 9.3245 0.02 333 2223 100.0 14.68 8.9663
234 78 0.002 0.0 100.0 518.67 642.38 1584.34 1409.11 14.62 21.61 553.22 2388.11 9050.77 1.3 47.69 521.65 2388.11 8124.49 8.4389 0.03 392 2388 100.0 38.91 23.3599
234 79 20.0076 0.7005 100.0 491.19 607.6 1482.91 1250.91 9.35 13.66 335.11 2323.91 8712.41 1.08 44.57 314.71 2388.09 8057.87 9.1937 0.02 365 2324 100.0 24.56 14.6991
234 80 42.0079 0.84 100.0 445.0 549.9 1348.96 1123.19 3.91 5.72 138.38 2211.72 8309.62 1.02 42.19 130.26 2387.78 8073.7 9.3431 0.02 331 2212 100.0 10.64 6.4491
234 81 0.0004 0.0004 100.0 518.67 642.63 1592.44 1408.94 14.62 21.61 554.13 2388.09 9051.29 1.3 47.38 522.01 2388.15 8131.64 8.4043 0.03 393 2388 100.0 38.71 23.2131
234 82 25.004 0.62 60.0 462.54 537.12 1268.27 1045.24 7.05 9.03 175.71 1915.22 8000.38 0.94 36.74 164.72 2028.09 7867.87 10.8895 0.02 308 1915 84.93 14.28 8.696
234 83 10.0066 0.25 100.0 489.05 605.34 1501.79 1318.07 10.52 15.49 394.21 2318.94 8766.41 1.26 45.44 371.51 2388.15 8126.96 8.6524 0.03 370 2319 100.0 28.46 17.0932
234 84 19.9981 0.7 100.0 491.19 607.65 1482.72 1258.99 9.35 13.65 334.0 2323.93 8714.32 1.07 44.43 314.51 2388.06 8052.69 9.2521 0.02 365 2324 100.0 24.26 14.6632
234 85 20.0008 0.7 100.0 491.19 607.77 1488.55 1255.76 9.35 13.66 334.28 2323.9 8725.16 1.08 44.46 314.84 2388.1 8050.86 9.2304 0.02 365 2324 100.0 24.4 14.7736
234 86 35.0048 0.8404 100.0 449.44 555.24 1366.72 1127.87 5.48 8.0 195.09 2222.84 8340.52 1.02 41.98 182.99 2387.86 8059.54 9.3299 0.02 333 2223 100.0 14.81 8.9056
234 87 35.0074 0.8413 100.0 449.44 555.92 1363.44 1131.35 5.48 8.0 194.8 2222.75 8337.83 1.02 42.02 182.91 2387.88 8052.95 9.3193 0.02 333 2223 100.0 15.01 8.8666
234 88 20.0001 0.7 100.0 491.19 607.6 1484.25 1248.15 9.35 13.66 334.83 2323.92 8711.85 1.08 44.54 314.64 2388.08 8052.7 9.228 0.02 363 2324 100.0 24.49 14.5902
234 89 35.0038 0.8412 100.0 449.44 555.69 1371.71 1125.17 5.48 8.0 193.99 2222.79 8345.52 1.02 42.01 183.31 2387.94 8056.2 9.3036 0.02 334 2223 100.0 15.05 8.8238
234 90 42.0014 0.84 100.0 445.0 549.59 1355.2 1132.38 3.91 5.72 137.42 2211.69 8312.5 1.02 42.18 130.47 2387.76 8073.08 9.4018 0.02 331 2212 100.0 10.68 6.3225
234 91 24.9999 0.62 60.0 462.54 536.81 1261.64 1051.7 7.05 9.02 175.5 1915.19 8004.57 0.94 36.94 163.95 2028.05 7860.64 10.9251 0.02 307 1915 84.93 14.21 8.5583
234 92 25.0024 0.62 60.0 462.54 536.81 1260.1 1056.15 7.05 9.03 175.24 1915.21 7999.83 0.94 36.86 164.73 2028.09 7868.35 10.9096 0.02 308 1915 84.93 14.43 8.5966
234 93 35.0075 0.8419 100.0 449.44 555.6 1375.41 1122.31 5.48 8.0 194.64 2222.74 8345.78 1.02 41.96 182.99 2387.9 8059.26 9.3403 0.02 335 2223 100.0 14.97 8.8896
234 94 42.0 0.84 100.0 445.0 549.75 1352.42 1132.7 3.91 5.71 138.21 2211.69 8315.8 1.02 42.19 130.51 2387.73 8076.88 9.4007 0.02 333 2212 100.0 10.71 6.327
234 95 42.0069 0.8403 100.0 445.0 549.77 1352.94 1127.41 3.91 5.71 138.43 2211.71 8310.72 1.02 42.16 130.2 2387.76 8076.45 9.387 0.02 331 2212 100.0 10.5 6.3689
234 96 25.007 0.62 60.0 462.54 536.37 1258.21 1049.88 7.05 9.03 175.8 1915.15 8004.01 0.94 36.74 164.56 2028.08 7870.65 10.8783 0.02 308 1915 84.93 14.37 8.5516
234 97 10.002 0.25 100.0 489.05 605.27 1501.83 1311.1 10.52 15.49 395.09 2318.93 8764.78 1.26 45.46 371.72 2388.16 8124.03 8.6497 0.03 370 2319 100.0 28.41 17.1288
234 98 35.0042 0.84 100.0 449.44 555.67 1372.17 1133.0 5.48 8.0 194.46 2222.76 8342.66 1.02 41.86 183.21 2387.8 8058.26 9.3351 0.02 335 2223 100.0 14.67 8.9159
234 99 24.9984 0.62 60.0 462.54 537.06 1260.53 1053.11 7.05 9.03 175.56 1915.23 8002.79 0.94 36.79 165.19 2028.07 7864.56 10.9478 0.02 307 1915 84.93 14.32 8.4892
234 100 10.0008 0.25 100.0 489.05 604.68 1506.52 1314.96 10.52 15.49 394.15 2318.97 8764.5 1.26 45.56 371.58 2388.19 8133.06 8.7106 0.03 370 2319 100.0 28.48 17.0527
234 101 35.0046 0.8406 100.0 449.44 556.09 1363.17 1134.74 5.48 8.0 194.52 2222.81 8339.02 1.02 42.22 182.71 2387.89 8055.2 9.3637 0.02 334 2223 100.0 14.86 8.9069
234 102 0.0022 0.0 100.0 518.67 642.81 1588.84 1406.04 14.62 21.61 553.37 2388.14 9049.43 1.3 47.5 520.99 2388.19 8125.98 8.4482 0.03 393 2388 100.0 38.69 23.2283
234 103 42.0065 0.84 100.0 445.0 550.07 1364.58 1125.06 3.91 5.72 138.91 2211.65 8306.93 1.02 42.11 130.51 2387.75 8073.9 9.3847 0.02 333 2212 100.0 10.6 6.4297
234 104 25.0063 0.62 60.0 462.54 536.03 1266.42 1038.69 7.05 9.03 175.47 1915.1 8000.88 0.94 36.76 164.59 2028.11 7871.22 10.9412 0.02 309 1915 84.93 14.32 8.5478
234 105 35.0028 0.84 100.0 449.44 556.13 1368.23 1128.41 5.48 8.0 194.04 2222.74 8344.91 1.02 42.09 182.88 2387.84 8052.34 9.3541 0.02 334 2223 100.0 14.85 8.8894
234 106 42.0063 0.84 100.0 445.0 549.5 1362.03 1130.74 3.91 5.71 138.78 2211.71 8312.74 1.02 42.33 130.47 2387.8 8070.23 9.3599 0.02 330 2212 100.0 10.49 6.2435
234 107 42.0023 0.84 100.0 445.0 549.85 1357.8 1127.96 3.91 5.71 138.74 2211.72 8315.63 1.02 42.14 130.68 2387.75 8071.58 9.382 0.02 333 2212 100.0 10.6 6.3687
234 108 20.0038 0.7 100.0 491.19 607.28 1483.67 1255.68 9.35 13.66 333.81 2323.98 8714.44 1.08 44.37 314.54 2388.04 8054.76 9.1975 0.02 366 2324 100.0 24.48 14.6491
234 109 0.0001 0.0 100.0 518.67 642.81 1585.16 1409.29 14.62 21.61 553.84 2388.12 9041.59 1.3 47.73 521.26 2388.14 8127.57 8.4722 0.03 393 2388 100.0 38.99 23.3224
234 110 42.0033 0.84 100.0 445.0 549.81 1354.88 1121.26 3.91 5.71 138.96 2211.68 8315.97 1.02 42.22 130.34 2387.74 8073.51 9.3776 0.02 332 2212 100.0 10.47 6.3355
234 111 20.0018 0.7006 100.0 491.19 607.64 1483.46 1255.68 9.35 13.66 334.29 2323.98 8714.19 1.08 44.53 315.02 2388.14 8049.35 9.2493 0.02 365 2324 100.0 24.38 14.7228
234 112 25.0039 0.6205 60.0 462.54 536.31 1258.65 1049.96 7.05 9.03 175.04 1915.18 8002.23 0.94 36.75 164.9 2028.04 7870.26 10.9135 0.02 307 1915 84.93 14.29 8.5744
234 113 41.9999 0.8419 100.0 445.0 549.54 1354.83 1120.21 3.91 5.72 137.89 2211.63 8307.83 1.02 42.19 130.63 2387.72 8078.89 9.3824 0.02 331 2212 100.0 10.68 6.3816
234 114 24.9993 0.6203 60.0 462.54 536.7 1265.07 1046.27 7.05 9.03 174.87 1915.2 8008.96 0.94 36.71 165.08 2028.05 7864.75 10.9231 0.02 308 1915 84.93 14.16 8.5743
234 115 35.0036 0.84 100.0 449.44 556.89 1361.96 1135.97 5.48 8.0 194.33 2222.78 8343.55 1.02 42.11 182.89 2387.82 8059.4 9.3024 0.02 334 2223 100.0 14.82 8.7797
234 116 10.0048 0.2511 100.0 489.05 604.79 1496.34 1304.0 10.52 15.5 394.01 2318.99 8768.58 1.26 45.66 371.64 2388.16 8114.68 8.658 0.03 369 2319 100.0 28.53 17.1138
234 117 42.0009 0.8405 100.0 445.0 548.93 1352.46 1127.98 3.91 5.72 138.79 2211.65 8316.16 1.02 42.21 130.63 2387.75 8076.62 9.3857 0.02 330 2212 100.0 10.66 6.2757
234 118 20.0003 0.7017 100.0 491.19 607.55 1482.05 1252.11 9.35 13.66 334.55 2323.96 8714.59 1.07 44.42 315.28 2388.11 8051.65 9.2279 0.02 366 2324 100.0 24.3 14.5161
234 119 34.9995 0.84 100.0 449.44 556.34 1370.34 1132.8 5.48 8.0 194.01 2222.8 8344.19 1.02 42.16 182.94 2387.85 8056.36 9.3303 0.02 333 2223 100.0 14.8 9.0139
234 120 0.0006 0.0 100.0 518.67 642.77 1590.67 1413.24 14.62 21.61 553.29 2388.13 9049.67 1.3 47.62 521.15 2388.09 8129.29 8.4443 0.03 394 2388 100.0 38.72 23.2833
234 121 10.0072 0.2516 100.0 489.05 605.08 1505.66 1316.39 10.52 15.5 393.38 2318.97 8772.92 1.26 45.53 371.35 2388.2 8125.07 8.647 0.03 371 2319 100.0 28.43 16.9771
234 122 34.9982 0.8401 100.0 449.44 556.42 1370.11 1136.49 5.48 8.0 193.98 2222.71 8340.41 1.02 42.09 182.89 2387.83 8055.75 9.3591 0.02 334 2223 100.0 14.78 8.9975
234 123 10.0056 0.25 100.0 489.05 605.02 1503.07 1308.26 10.52 15.49 393.83 2318.96 8763.58 1.26 45.61 371.55 2388.19 8119.28 8.6539 0.03 369 2319 100.0 28.49 17.0421
234 124 35.0012 0.8418 100.0 449.44 555.86 1363.13 1129.53 5.48 8.0 194.39 2222.82 8346.71 1.02 42.04 182.4 2387.84 8055.28 9.3227 0.02 334 2223 100.0 14.71 8.9539
234 125 42.0073 0.8403 100.0 445.0 549.55 1350.65 1134.27 3.91 5.72 138.16 2211.64 8311.46 1.02 42.22 130.87 2387.66 8073.59 9.4116 0.02 331 2212 100.0 10.65 6.1879
234 126 25.0077 0.6219 60.0 462.54 537.1 1256.47 1044.55 7.05 9.02 175.8 1915.18 8005.22 0.94 36.63 163.91 2028.11 7863.86 10.8974 0.02 307 1915 84.93 14.21 8.528
234 127 10.0063 0.251 100.0 489.05 605.11 1503.07 1313.18 10.52 15.5 394.02 2319.01 8766.64 1.26 45.59 371.19 2388.22 8116.87 8.6893 0.03 370 2319 100.0 28.54 17.0851
234 128 25.0021 0.6209 60.0 462.54 536.59 1266.23 1048.14 7.05 9.03 175.46 1915.21 8003.55 0.94 36.8 165.01 2028.06 7864.18 10.9467 0.02 308 1915 84.93 14.25 8.6912
234 129 42.008 0.8418 100.0 445.0 550.43 1360.22 1123.02 3.91 5.71 137.98 2211.68 8326.55 1.02 42.22 130.13 2387.7 8074.64 9.4277 0.02 331 2212 100.0 10.5 6.3315
234 130 9.9983 0.25 100.0 489.05 605.52 1504.55 1311.25 10.52 15.49 394.02 2319.0 8767.42 1.26 45.64 371.57 2388.2 8117.06 8.6469 0.03 369 2319 100.0 28.72 17.0477
234 131 35.007 0.8409 100.0 449.44 556.49 1370.89 1139.85 5.48 8.0 193.96 2222.72 8343.87 1.02 42.05 182.45 2387.86 8055.19 9.3509 0.02 335 2223 100.0 14.88 8.9233
234 132 42.0014 0.8401 100.0 445.0 550.08 1357.95 1133.13 3.91 5.71 138.85 2211.63 8312.66 1.02 42.22 129.98 2387.7 8072.1 9.3738 0.02 331 2212 100.0 10.65 6.3138
234 133 35.0026 0.8412 100.0 449.44 555.68 1361.96 1135.33 5.48 8.0 194.43 2222.74 8332.53 1.02 42.06 183.39 2387.88 8055.41 9.333 0.02 335 2223 100.0 14.61 8.9478
234 134 34.9988 0.84 100.0 449.44 556.01 1368.95 1136.92 5.48 8.0 194.19 2222.74 8343.32 1.02 42.22 183.25 2387.85 8053.78 9.3415 0.02 334 2223 100.0 14.78 9.0459
234 135 41.9987 0.84 100.0 445.0 549.58 1354.94 1130.69 3.91 5.71 138.63 2211.68 8313.79 1.02 42.23 130.33 2387.66 8077.44 9.3679 0.02 333 2212 100.0 10.4 6.2103
234 136 25.0068 0.62 60.0 462.54 537.11 1261.11 1047.15 7.05 9.03 175.22 1915.11 8006.12 0.94 36.83 164.41 2028.04 7871.21 10.942 0.02 307 1915 84.93 14.12 8.5561
234 137 0.0026 0.0012 100.0 518.67 642.83 1595.23 1410.05 14.62 21.61 552.62 2388.18 9045.06 1.3 47.71 521.46 2388.17 8122.75 8.4507 0.03 393 2388 100.0 38.96 23.2663
234 138 35.002 0.84 100.0 449.44 556.04 1363.22 1131.21 5.48 8.0 194.18 2222.76 8338.71 1.02 42.05 183.15 2387.86 8049.77 9.3231 0.02 334 2223 100.0 14.71 8.8871
234 139 0.0003 0.0013 100.0 518.67 643.39 1589.2 1409.95 14.62 21.61 552.79 2388.14 9037.27 1.3 47.78 521.15 2388.19 8125.06 8.4585 0.03 395 2388 100.0 38.65 23.2064
234 140 42.0065 0.84 100.0 445.0 549.83 1356.83 1128.41 3.91 5.72 138.43 2211.63 8314.11 1.02 42.24 131.23 2387.64 8075.03 9.388 0.02 332 2212 100.0 10.44 6.3516
234 141 0.0026 0.0 100.0 518.67 643.26 1594.57 1407.83 14.62 21.61 552.34 2388.13 9046.48 1.3 47.57 521.12 2388.18 8123.26 8.4573 0.03 393 2388 100.0 38.85 23.111
234 142 9.9989 0.25 100.0 489.05 605.0 1505.8 1310.43 10.52 15.5 393.85 2319.04 8771.16 1.26 45.57 371.01 2388.3 8120.71 8.6841 0.03 372 2319 100.0 28.46 17.0839
234 143 41.9982 0.8415 100.0 445.0 549.91 1359.28 1133.69 3.91 5.71 138.37 2211.65 8310.96 1.02 42.23 129.79 2387.69 8075.96 9.4193 0.02 331 2212 100.0 10.58 6.3369
234 144 10.0067 0.25 100.0 489.05 604.91 1499.5 1318.57 10.52 15.49 393.39 2319.03 8771.62 1.26 45.58 370.75 2388.31 8115.52 8.6701 0.03 372 2319 100.0 28.41 17.057
234 145 20.0069 0.7019 100.0 491.19 608.48 1489.7 1259.72 9.35 13.66 334.17 2323.94 8708.77 1.07 44.65 314.45 2388.15 8050.59 9.2245 0.03 366 2324 100.0 24.34 14.626
234 146 35.0004 0.841 100.0 449.44 555.56 1360.08 1137.36 5.48 8.0 194.15 2222.77 8343.39 1.02 42.03 183.26 2387.81 8057.99 9.3775 0.02 334 2223 100.0 14.87 8.9035
234 147 25.0032 0.62 60.0 462.54 537.2 1273.54 1050.63 7.05 9.03 175.35 1915.14 8000.53 0.94 37.0 164.46 2027.98 7866.64 10.9198 0.02 307 1915 84.93 14.28 8.5519
234 148 25.0036 0.62 60.0 462.54 536.94 1264.18 1058.4 7.05 9.03 175.47 1915.15 8002.49 0.94 36.94 164.54 2028.04 7864.07 10.8986 0.02 309 1915 84.93 14.19 8.5567
234 149 10.007 0.25 100.0 489.05 605.31 1504.89 1310.41 10.52 15.5 394.18 2319.04 8768.85 1.26 45.56 371.0 2388.19 8117.96 8.6853 0.03 370 2319 100.0 28.32 17.1035
234 150 0.0021 0.0014 100.0 518.67 643.19 1588.93 1411.2 14.62 21.61 552.95 2388.18 9036.98 1.3 47.8 520.3 2388.22 8127.11 8.4946 0.03 395 2388 100.0 38.7 23.2178
234 151 42.004 0.8416 100.0 445.0 549.85 1353.83 1135.66 3.91 5.72 138.66 2211.62 8308.92 1.02 42.24 130.35 2387.65 8071.41 9.3766 0.02 332 2212 100.0 10.45 6.3644
234 152 42.0042 0.8405 100.0 445.0 549.59 1361.61 1128.78 3.91 5.72 138.57 2211.59 8314.91 1.02 42.25 130.23 2387.67 8073.09 9.4103 0.02 331 2212 100.0 10.56 6.4419
234 153 0.0 0.0 100.0 518.67 643.09 1592.51 1423.58 14.62 21.61 552.35 2388.19 9042.83 1.3 47.74 520.67 2388.22 8123.12 8.4435 0.03 394 2388 100.0 38.82 23.1664
234 154 42.0047 0.84 100.0 445.0 550.04 1359.16 1138.74 3.91 5.72 138.72 2211.61 8311.18 1.02 42.34 130.09 2387.64 8074.76 9.4238 0.02 332 2212 100.0 10.55 6.2552
234 155 35.0009 0.8415 100.0 449.44 556.14 1369.2 1135.7 5.48 8.0 194.7 2222.77 8343.42 1.02 42.03 182.93 2387.82 8056.51 9.3814 0.02 334 2223 100.0 14.81 8.8993
234 156 19.9987 0.7 100.0 491.19 607.88 1491.15 1254.64 9.35 13.66 333.72 2323.97 8715.76 1.08 44.71 314.63 2388.13 8049.88 9.2711 0.03 367 2324 100.0 24.41 14.6693
234 157 41.9999 0.8415 100.0 445.0 550.19 1348.18 1137.35 3.91 5.71 137.39 2211.58 8310.44 1.02 42.3 129.96 2387.62 8069.41 9.4049 0.02 331 2212 100.0 10.59 6.2805
234 158 42.0034 0.8411 100.0 445.0 549.86 1361.86 1128.15 3.91 5.71 139.13 2211.61 8316.17 1.02 42.3 130.48 2387.61 8073.52 9.395 0.02 333 2212 100.0 10.69 6.4174
234 159 35.0057 0.84 100.0 449.44 556.01 1368.9 1140.26 5.48 8.0 193.91 2222.74 8342.53 1.02 42.25 182.39 2387.8 8053.93 9.3526 0.02 335 2223 100.0 14.88 8.8539
234 160 35.005 0.841 100.0 449.44 555.83 1374.71 1133.14 5.48 8.0 193.06 2222.76 8341.53 1.02 42.24 182.08 2387.83 8057.75 9.3616 0.02 337 2223 100.0 14.75 8.9
234 161 42.0013 0.84 100.0 445.0 549.81 1359.48 1128.4 3.91 5.72 137.99 2211.57 8313.27 1.02 42.16 130.34 2387.59 8070.56 9.4064 0.02 331 2212 100.0 10.66 6.3034
234 162 20.0062 0.7003 100.0 491.19 607.93 1490.38 1263.78 9.35 13.66 333.86 2324.01 8713.96 1.07 44.61 314.53 2388.08 8052.25 9.2764 0.02 367 2324 100.0 24.32 14.6445
234 163 10.0 0.2505 100.0 489.05 605.13 1502.73 1322.05 10.52 15.5 393.85 2319.06 8773.93 1.26 45.97 370.87 2388.28 8120.97 8.703 0.03 371 2319 100.0 28.55 17.0216
234 164 41.9987 0.8414 100.0 445.0 549.85 1355.26 1137.88 3.91 5.72 138.27 2211.56 8310.7 1.02 42.43 130.29 2387.6 8072.7 9.4174 0.02 331 2212 100.0 10.5 6.4097
234 165 42.0023 0.84 100.0 445.0 549.73 1348.93 1140.94 3.91 5.72 138.56 2211.57 8312.25 1.02 42.32 130.84 2387.58 8066.93 9.4034 0.02 332 2212 100.0 10.47 6.2984
234 166 10.0047 0.2511 100.0 489.05 605.65 1506.11 1322.44 10.52 15.5 392.68 2319.05 8767.11 1.26 45.91 370.54 2388.29 8119.05 8.682 0.03 371 2319 100.0 28.47 17.1132
234 167 42.001 0.84 100.0 445.0 549.57 1357.93 1132.1 3.91 5.71 139.22 2211.63 8303.37 1.02 42.55 130.33 2387.62 8066.76 9.4346 0.02 330 2212 100.0 10.55 6.3355
234 168 10.0013 0.2514 100.0 489.05 605.12 1510.01 1320.89 10.52 15.5 393.77 2319.08 8767.75 1.26 45.67 370.74 2388.27 8119.64 8.703 0.03 370 2319 100.0 28.43 17.0364
234 169 20.0056 0.7 100.0 491.19 608.22 1492.04 1262.87 9.35 13.66 333.45 2323.99 8711.38 1.07 44.73 314.64 2388.15 8044.7 9.2615 0.03 367 2324 100.0 24.36 14.5632
234 170 24.9987 0.6208 60.0 462.54 537.3 1264.1 1058.92 7.05 9.03 174.48 1915.12 7997.72 0.94 36.82 164.58 2027.98 7868.96 10.9547 0.02 307 1915 84.93 14.12 8.61
234 171 42.0074 0.8404 100.0 445.0 549.86 1352.29 1126.28 3.91 5.71 138.05 2211.49 8312.39 1.02 42.49 130.4 2387.59 8069.87 9.4337 0.02 334 2212 100.0 10.52 6.3115
234 172 9.999 0.251 100.0 489.05 605.43 1505.51 1327.74 10.52 15.5 393.66 2319.11 8763.01 1.26 45.78 370.96 2388.28 8114.3 8.6905 0.03 370 2319 100.0 28.53 17.0578
234 173 10.0041 0.2512 100.0 489.05 605.35 1500.52 1329.3 10.52 15.5 393.44 2319.06 8765.83 1.26 45.71 370.66 2388.26 8113.13 8.7307 0.03 371 2319 100.0 28.43 17.1481
234 174 25.0068 0.6207 60.0 462.54 536.97 1269.48 1061.47 7.05 9.03 174.86 1915.11 7997.8 0.94 36.96 164.46 2027.99 7870.87 10.9719 0.02 309 1915 84.93 14.1 8.5256
234 175 41.9986 0.8407 100.0 445.0 550.26 1355.83 1135.33 3.91 5.72 137.67 2211.49 8311.96 1.02 42.42 130.02 2387.55 8067.31 9.4268 0.02 332 2212 100.0 10.53 6.3215
234 176 42.0031 0.8414 100.0 445.0 549.68 1361.02 1134.82 3.91 5.71 139.5 2211.55 8316.59 1.02 42.61 130.21 2387.61 8071.72 9.4389 0.02 332 2212 100.0 10.55 6.3906
234 177 10.0017 0.2503 100.0 489.05 605.58 1508.91 1324.48 10.52 15.5 393.07 2319.11 8767.86 1.26 45.83 370.48 2388.3 8115.66 8.6619 0.03 372 2319 100.0 28.41 16.9385
234 178 10.0039 0.252 100.0 489.05 605.52 1499.98 1323.73 10.52 15.5 392.92 2319.13 8770.79 1.26 45.73 370.44 2388.25 8112.56 8.6845 0.03 372 2319 100.0 28.53 17.0219
234 179 35.0048 0.8401 100.0 449.44 556.65 1369.49 1136.69 5.48 8.0 194.01 2222.71 8335.77 1.02 42.38 182.47 2387.79 8059.04 9.3712 0.02 334 2223 100.0 14.58 8.8217
234 180 10.0 0.25 100.0 489.05 605.4 1510.36 1315.84 10.52 15.5 393.57 2319.12 8761.28 1.26 45.95 370.78 2388.34 8116.16 8.701 0.03 372 2319 100.0 28.43 16.891
234 181 20.0017 0.7011 100.0 491.19 608.82 1494.75 1264.8 9.35 13.66 333.34 2323.99 8711.5 1.08 44.75 314.94 2388.15 8051.4 9.2516 0.03 368 2324 100.0 24.38 14.567
234 182 20.0013 0.7016 100.0 491.19 608.08 1488.13 1262.94 9.35 13.66 333.68 2324.03 8715.78 1.08 44.83 314.21 2388.16 8048.69 9.2865 0.03 366 2324 100.0 24.35 14.4822
234 183 19.9996 0.7015 100.0 491.19 608.33 1497.09 1267.85 9.35 13.66 332.65 2323.98 8709.24 1.07 44.95 313.85 2388.17 8045.84 9.286 0.03 366 2324 100.0 24.26 14.5682
234 184 41.9989 0.8409 100.0 445.0 550.69 1359.29 1141.73 3.91 5.72 138.24 2211.52 8306.47 1.02 42.6 130.2 2387.5 8071.63 9.4988 0.02 332 2212 100.0 10.52 6.314
234 185 20.0055 0.7 100.0 491.19 608.1 1492.76 1269.93 9.35 13.66 333.44 2324.0 8720.28 1.07 44.78 314.35 2388.16 8051.69 9.2856 0.03 370 2324 100.0 24.33 14.5706
234 186 0.0024 0.0 100.0 518.67 643.62 1600.97 1426.48 14.62 21.61 552.2 2388.22 9038.93 1.3 48.0 519.83 2388.32 8122.67 8.5198 0.03 396 2388 100.0 38.64 23.2202
234 187 42.0001 0.84 100.0 445.0 550.0 1360.3 1137.22 3.91 5.71 138.33 2211.44 8307.08 1.02 42.56 129.77 2387.5 8063.69 9.4298 0.02 334 2212 100.0 10.47 6.394
234 188 24.9987 0.6207 60.0 462.54 537.25 1264.22 1057.61 7.05 9.02 175.57 1915.12 8004.93 0.94 37.13 164.03 2027.97 7862.21 11.0199 0.02 307 1915 84.93 14.06 8.5309
234 189 42.0019 0.8416 100.0 445.0 549.67 1360.96 1132.96 3.91 5.71 137.4 2211.38 8304.71 1.02 42.52 130.03 2387.48 8062.55 9.4492 0.02 333 2212 100.0 10.45 6.3678
234 190 42.0043 0.84 100.0 445.0 550.42 1356.62 1147.62 3.91 5.71 139.08 2211.44 8310.82 1.02 42.59 130.05 2387.41 8064.2 9.4509 0.02 333 2212 100.0 10.55 6.4299
234 191 35.006 0.84 100.0 449.44 556.28 1370.71 1146.58 5.48 8.0 194.26 2222.64 8336.9 1.02 42.4 182.83 2387.76 8048.62 9.3945 0.02 337 2223 100.0 14.74 8.7417
234 192 0.0025 0.001 100.0 518.67 643.17 1602.44 1420.4 14.62 21.61 551.44 2388.32 9044.09 1.3 48.0 519.82 2388.28 8115.48 8.5099 0.03 395 2388 100.0 38.7 23.057
234 193 10.0005 0.25 100.0 489.05 605.81 1509.51 1326.49 10.52 15.5 393.31 2319.13 8759.19 1.26 45.93 370.78 2388.35 8110.19 8.7254 0.03 370 2319 100.0 28.29 17.0073
234 194 9.9985 0.2503 100.0 489.05 605.33 1502.52 1332.44 10.52 15.5 393.54 2319.14 8763.68 1.26 46.11 370.38 2388.35 8108.29 8.7477 0.03 372 2319 100.0 28.21 16.9457
234 195 20.0049 0.7 100.0 491.19 608.21 1488.19 1270.63 9.35 13.66 333.37 2323.99 8706.67 1.07 45.01 314.04 2388.14 8047.63 9.3053 0.03 367 2324 100.0 24.17 14.5684
234 196 25.0034 0.62 60.0 462.54 537.74 1273.17 1058.22 7.05 9.03 174.75 1915.07 7991.36 0.94 37.14 164.06 2027.93 7862.33 10.9639 0.02 308 1915 84.93 14.21 8.5302
234 197 42.0004 0.8403 100.0 445.0 550.29 1366.87 1141.06 3.91 5.71 137.85 2211.38 8307.31 1.02 42.49 129.88 2387.39 8068.19 9.427 0.02 334 2212 100.0 10.52 6.2348
234 198 35.0078 0.8404 100.0 449.44 556.63 1372.77 1147.46 5.48 8.0 193.86 2222.65 8332.69 1.02 42.57 182.12 2387.71 8046.55 9.3856 0.02 336 2223 100.0 14.64 8.814
234 199 0.0014 0.0 100.0 518.67 643.34 1604.17 1428.7 14.62 21.61 551.31 2388.31 9035.86 1.3 48.0 519.44 2388.28 8112.73 8.5402 0.03 395 2388 100.0 38.36 23.0858
234 200 42.007 0.8413 100.0 445.0 550.72 1358.21 1137.78 3.91 5.71 138.4 2211.37 8310.56 1.02 42.5 130.42 2387.44 8064.11 9.4788 0.02 331 2212 100.0 10.66 6.3653
234 201 42.0024 0.84 100.0 445.0 550.71 1363.12 1144.67 3.91 5.72 137.84 2211.39 8303.5 1.02 42.73 129.64 2387.44 8067.26 9.4741 0.02 333 2212 100.0 10.46 6.2635
234 202 20.0005 0.7013 100.0 491.19 608.29 1493.85 1273.53 9.35 13.66 333.65 2324.06 8709.89 1.07 45.06 314.08 2388.2 8037.81 9.2962 0.03 367 2324 100.0 24.17 14.5149
234 203 20.0006 0.7 100.0 491.19 608.24 1496.24 1276.93 9.35 13.66 333.12 2324.02 8712.23 1.08 45.15 313.79 2388.18 8043.61 9.3232 0.03 368 2324 100.0 24.28 14.5328
234 204 42.0054 0.84 100.0 445.0 550.71 1363.53 1140.55 3.91 5.72 138.82 2211.34 8304.97 1.02 42.83 129.83 2387.36 8064.96 9.4611 0.02 335 2212 100.0 10.72 6.3447
234 205 0.003 0.0007 100.0 518.67 643.51 1599.06 1429.54 14.62 21.61 551.08 2388.27 9033.27 1.3 48.06 519.2 2388.31 8117.4 8.5068 0.03 395 2388 100.0 38.39 23.1647
234 206 34.9981 0.842 100.0 449.44 556.31 1376.51 1150.62 5.48 8.0 193.47 2222.6 8330.87 1.02 42.69 182.55 2387.65 8048.44 9.4338 0.02 336 2223 100.0 14.73 8.8039
234 207 42.007 0.84 100.0 445.0 550.55 1366.02 1151.3 3.91 5.72 138.65 2211.31 8304.4 1.02 42.74 130.15 2387.4 8058.88 9.4585 0.02 333 2212 100.0 10.4 6.2992
