47 1 20.0018 0.7016 100.0 491.19 607.53 1479.58 1249.02 9.35 13.65 334.53 2323.93 8727.31 1.08 43.97 315.75 2388.09 8064.54 9.2158 0.02 365 2324 100.0 24.48 14.8015
47 2 34.9983 0.8416 100.0 449.44 555.41 1363.85 1115.87 5.48 8.0 194.06 2223.0 8357.16 1.02 41.7 183.11 2388.05 8070.88 9.2982 0.02 333 2223 100.0 14.86 8.9172
47 3 20.0064 0.7008 100.0 491.19 606.87 1477.63 1251.9 9.35 13.66 336.04 2323.96 8726.26 1.08 44.1 314.76 2388.08 8065.79 9.208 0.02 366 2324 100.0 24.63 14.731
47 4 10.0047 0.2502 100.0 489.05 604.2 1494.77 1306.16 10.52 15.49 395.1 2318.89 8786.92 1.26 45.19 371.63 2388.06 8129.59 8.6335 0.03 369 2319 100.0 28.66 17.2211
47 5 20.0004 0.7 100.0 491.19 607.41 1475.98 1248.05 9.35 13.65 334.76 2323.94 8725.12 1.08 44.1 315.17 2388.06 8067.77 9.1987 0.02 365 2324 100.0 24.46 14.7324
47 6 25.0073 0.6209 60.0 462.54 536.96 1257.42 1048.6 7.05 9.03 176.28 1915.39 8017.27 0.94 36.59 164.7 2028.29 7874.4 10.8747 0.02 307 1915 84.93 14.25 8.6413
47 7 41.999 0.8417 100.0 445.0 548.93 1351.23 1117.35 3.91 5.72 139.34 2212.05 8320.21 1.02 42.06 130.2 2388.07 8091.4 9.3434 0.02 330 2212 100.0 10.49 6.27
47 8 10.0012 0.25 100.0 489.05 604.85 1497.95 1308.09 10.52 15.49 394.4 2318.94 8783.72 1.26 45.26 371.46 2388.04 8134.47 8.6339 0.03 369 2319 100.0 28.59 17.1334
47 9 42.0008 0.84 100.0 445.0 549.49 1355.09 1121.21 3.91 5.72 138.68 2211.96 8323.52 1.02 41.81 131.26 2388.1 8089.52 9.317 0.02 329 2212 100.0 10.74 6.3076
47 10 42.0019 0.84 100.0 445.0 549.1 1349.68 1127.7 3.91 5.72 138.66 2211.95 8323.99 1.02 41.86 130.89 2388.09 8089.68 9.3223 0.02 329 2212 100.0 10.61 6.3195
47 11 24.9982 0.62 60.0 462.54 536.64 1259.45 1046.98 7.05 9.02 175.59 1915.41 8009.51 0.94 36.62 164.87 2028.27 7871.85 10.8665 0.02 306 1915 84.93 14.3 8.5947
47 12 10.0064 0.25 100.0 489.05 604.21 1496.56 1300.69 10.52 15.49 394.35 2318.84 8782.43 1.26 45.24 371.5 2388.09 8134.93 8.6434 0.03 369 2319 100.0 28.48 17.172
47 13 42.0042 0.8413 100.0 445.0 549.39 1349.64 1116.37 3.91 5.71 139.16 2211.98 8329.69 1.02 41.78 131.33 2388.09 8083.29 9.3793 0.02 330 2212 100.0 10.63 6.287
47 14 20.0015 0.7017 100.0 491.19 607.28 1475.52 1245.25 9.35 13.65 334.34 2323.95 8729.82 1.08 44.2 316.15 2388.03 8068.04 9.1969 0.02 364 2324 100.0 24.55 14.6717
47 15 41.9989 0.84 100.0 445.0 548.78 1346.4 1125.34 3.91 5.71 139.27 2211.98 8320.65 1.02 41.75 130.39 2388.01 8090.42 9.3346 0.02 330 2212 100.0 10.63 6.3482
47 16 0.0019 0.0 100.0 518.67 642.26 1589.46 1400.97 14.62 21.61 554.09 2388.09 9061.24 1.3 47.34 522.25 2388.06 8135.95 8.3981 0.03 392 2388 100.0 39.05 23.3762
47 17 9.9993 0.2516 100.0 489.05 604.92 1502.01 1311.75 10.52 15.49 394.44 2318.83 8783.26 1.26 45.36 371.62 2388.03 8137.92 8.6112 0.03 368 2319 100.0 28.48 17.2195
47 18 35.0043 0.84 100.0 449.44 555.15 1353.78 1124.2 5.48 8.0 194.66 2223.04 8341.63 1.02 41.84 183.2 2388.1 8072.09 9.3061 0.02 334 2223 100.0 14.84 8.9834
47 19 0.0017 0.0 100.0 518.67 642.14 1586.02 1397.28 14.62 21.61 554.05 2388.05 9048.37 1.3 47.29 522.53 2388.04 8142.54 8.3926 0.03 391 2388 100.0 38.88 23.5131
47 20 10.0078 0.25 100.0 489.05 604.34 1492.46 1303.38 10.52 15.49 394.55 2318.88 8782.35 1.26 45.42 371.78 2388.08 8135.35 8.6143 0.03 368 2319 100.0 28.48 17.1179
47 21 41.9996 0.84 100.0 445.0 550.0 1346.06 1119.37 3.91 5.72 139.39 2211.98 8325.88 1.02 41.95 131.16 2388.06 8090.61 9.3677 0.02 329 2212 100.0 10.51 6.3359
47 22 20.0019 0.7011 100.0 491.19 607.4 1475.62 1250.97 9.35 13.65 334.72 2323.94 8718.86 1.08 44.34 315.03 2388.05 8062.17 9.1451 0.02 364 2324 100.0 24.46 14.8171
47 23 20.0023 0.7008 100.0 491.19 606.93 1481.27 1249.03 9.35 13.65 335.08 2323.89 8728.25 1.08 44.38 315.91 2388.06 8069.7 9.2077 0.02 365 2324 100.0 24.56 14.702
47 24 10.0068 0.2519 100.0 489.05 604.87 1495.6 1293.83 10.52 15.49 394.51 2318.88 8781.09 1.26 45.19 372.13 2388.03 8139.84 8.6401 0.03 369 2319 100.0 28.68 17.1435
47 25 20.0023 0.7003 100.0 491.19 606.86 1482.42 1248.39 9.35 13.65 334.9 2324.01 8724.53 1.08 44.16 315.45 2388.14 8060.56 9.2161 0.02 365 2324 100.0 24.56 14.7194
47 26 25.0008 0.62 60.0 462.54 536.34 1256.59 1040.15 7.05 9.02 176.28 1915.45 8011.46 0.94 36.63 164.94 2028.32 7875.12 10.8795 0.02 307 1915 84.93 14.3 8.718
47 27 42.0027 0.84 100.0 445.0 549.44 1349.09 1121.93 3.91 5.71 139.11 2211.96 8317.54 1.02 41.88 130.48 2388.0 8089.76 9.3004 0.02 330 2212 100.0 10.66 6.4015
47 28 41.9989 0.84 100.0 445.0 549.8 1357.53 1124.36 3.91 5.72 139.25 2211.96 8327.85 1.02 41.93 130.42 2388.04 8087.64 9.36 0.02 331 2212 100.0 10.64 6.4381
47 29 0.002 0.0015 100.0 518.67 641.77 1582.87 1402.1 14.62 21.61 553.28 2388.03 9062.94 1.3 47.35 522.09 2388.05 8139.31 8.3939 0.03 392 2388 100.0 38.99 23.4407
47 30 24.9991 0.6205 60.0 462.54 536.84 1259.89 1040.11 7.05 9.03 175.52 1915.33 8009.87 0.94 36.75 164.85 2028.28 7876.44 10.913 0.02 308 1915 84.93 14.45 8.565
47 31 35.0069 0.84 100.0 449.44 555.51 1368.14 1128.29 5.48 8.0 194.93 2223.02 8348.73 1.02 41.68 183.55 2388.12 8074.29 9.3085 0.02 334 2223 100.0 15.08 9.055
47 32 20.004 0.7018 100.0 491.19 607.22 1479.9 1248.27 9.35 13.65 335.01 2323.99 8725.18 1.08 44.19 314.65 2388.06 8065.79 9.2047 0.02 365 2324 100.0 24.59 14.6922
47 33 35.0033 0.841 100.0 449.44 556.09 1361.6 1125.61 5.48 8.0 195.28 2222.9 8346.02 1.02 41.77 183.11 2388.03 8064.78 9.2974 0.02 333 2223 100.0 14.89 8.9001
47 34 0.0026 0.0 100.0 518.67 642.61 1583.46 1401.06 14.62 21.61 554.04 2388.03 9052.78 1.3 47.25 521.96 2388.05 8139.33 8.4226 0.03 392 2388 100.0 38.84 23.3835
47 35 25.0058 0.62 60.0 462.54 536.87 1256.99 1043.5 7.05 9.03 175.78 1915.35 8014.15 0.94 36.65 164.53 2028.25 7879.34 10.8646 0.02 307 1915 84.93 14.15 8.5479
47 36 42.0011 0.8415 100.0 445.0 548.73 1351.64 1121.84 3.91 5.71 138.93 2212.02 8323.6 1.02 42.03 131.28 2388.03 8089.63 9.3547 0.02 330 2212 100.0 10.54 6.2861
47 37 42.003 0.842 100.0 445.0 549.2 1349.1 1118.25 3.91 5.71 138.47 2211.99 8324.0 1.02 41.78 130.85 2388.0 8088.8 9.355 0.02 330 2212 100.0 10.61 6.33
47 38 10.0003 0.251 100.0 489.05 604.02 1501.91 1304.28 10.52 15.49 394.86 2318.89 8776.4 1.26 45.28 371.92 2388.11 8134.55 8.6062 0.03 369 2319 100.0 28.51 17.1765
47 39 0.0023 0.0 100.0 518.67 642.52 1590.98 1398.65 14.62 21.61 554.79 2388.07 9059.53 1.3 47.26 521.86 2388.01 8138.74 8.4098 0.03 392 2388 100.0 39.11 23.3441
47 40 10.0062 0.25 100.0 489.05 604.17 1485.11 1313.85 10.52 15.49 394.81 2318.87 8774.94 1.26 45.18 371.33 2388.06 8136.51 8.628 0.03 367 2319 100.0 28.76 17.2458
47 41 35.0064 0.8407 100.0 449.44 555.49 1366.51 1121.97 5.48 8.0 194.12 2223.03 8355.46 1.02 41.85 183.44 2388.11 8067.02 9.2887 0.02 334 2223 100.0 14.9 8.8411
47 42 25.0018 0.621 60.0 462.54 536.65 1262.11 1047.41 7.05 9.03 175.55 1915.46 8013.13 0.94 36.76 164.48 2028.28 7879.79 10.8547 0.02 305 1915 84.93 14.56 8.6193
47 43 20.0068 0.7 100.0 491.19 607.52 1482.28 1246.85 9.35 13.66 335.54 2323.97 8729.88 1.08 44.2 315.67 2388.16 8065.61 9.2333 0.02 363 2324 100.0 24.43 14.7656
47 44 10.0076 0.2507 100.0 489.05 605.11 1496.77 1297.3 10.52 15.49 395.3 2318.83 8784.84 1.26 45.54 372.01 2388.03 8140.03 8.6207 0.03 369 2319 100.0 28.55 17.1398
47 45 10.0023 0.25 100.0 489.05 604.8 1503.35 1298.11 10.52 15.49 394.71 2318.83 8786.81 1.26 45.46 371.47 2388.07 8135.49 8.6155 0.03 369 2319 100.0 28.6 17.2153
47 46 10.0043 0.2513 100.0 489.05 604.13 1494.5 1295.91 10.52 15.49 394.47 2318.9 8779.65 1.26 45.26 371.89 2388.03 8134.57 8.6299 0.03 368 2319 100.0 28.57 17.122
47 47 20.0063 0.7 100.0 491.19 606.85 1474.19 1256.88 9.35 13.66 334.74 2323.91 8720.62 1.07 44.16 314.84 2388.1 8063.77 9.2261 0.02 361 2324 100.0 24.49 14.7748
47 48 42.0017 0.8412 100.0 445.0 548.97 1347.88 1123.97 3.91 5.71 139.27 2212.03 8325.0 1.02 41.92 130.51 2388.16 8095.08 9.3736 0.02 332 2212 100.0 10.69 6.3632
47 49 0.0024 0.0 100.0 518.67 641.92 1582.17 1394.72 14.62 21.61 553.78 2388.01 9058.3 1.3 47.31 521.89 2388.02 8138.04 8.4339 0.03 390 2388 100.0 38.94 23.384
47 50 0.0029 0.001 100.0 518.67 642.39 1588.83 1397.45 14.62 21.61 554.52 2388.04 9058.75 1.3 47.34 522.07 2387.99 8139.28 8.4067 0.03 393 2388 100.0 39.03 23.4156
47 51 35.0005 0.8412 100.0 449.44 555.39 1360.26 1122.11 5.48 8.0 194.25 2223.0 8356.63 1.02 41.95 183.4 2388.09 8072.4 9.3016 0.02 335 2223 100.0 14.91 8.8962
47 52 0.0029 0.0009 100.0 518.67 642.43 1581.71 1403.58 14.62 21.61 554.34 2388.04 9054.8 1.3 47.25 521.36 2388.04 8142.82 8.4146 0.03 392 2388 100.0 39.02 23.3393
47 53 34.9985 0.8418 100.0 449.44 554.85 1362.46 1128.51 5.48 8.0 194.5 2223.02 8349.92 1.02 41.89 184.11 2388.14 8072.56 9.357 0.02 334 2223 100.0 14.87 9.009
47 54 42.0006 0.84 100.0 445.0 549.17 1351.99 1121.43 3.91 5.71 138.22 2211.95 8324.15 1.02 41.89 130.67 2388.03 8083.61 9.372 0.02 330 2212 100.0 10.75 6.4321
47 55 42.0053 0.8417 100.0 445.0 549.7 1348.14 1116.82 3.91 5.71 138.89 2212.0 8323.9 1.02 42.07 130.64 2388.03 8089.43 9.3849 0.02 331 2212 100.0 10.56 6.3288
47 56 25.0043 0.62 60.0 462.54 537.1 1252.82 1044.0 7.05 9.02 175.51 1915.37 8011.21 0.94 36.6 164.6 2028.28 7879.57 10.9021 0.02 306 1915 84.93 14.07 8.49
47 57 10.0068 0.25 100.0 489.05 604.11 1495.46 1301.76 10.52 15.49 395.09 2318.89 8785.54 1.26 45.34 371.59 2388.11 8130.29 8.6631 0.03 369 2319 100.0 28.91 17.1508
47 58 25.0019 0.62 60.0 462.54 537.15 1257.55 1045.77 7.05 9.02 175.4 1915.38 8012.41 0.94 36.81 164.36 2028.27 7879.2 10.9077 0.02 306 1915 84.93 14.25 8.615
47 59 10.0068 0.2518 100.0 489.05 604.45 1496.83 1302.31 10.52 15.49 394.68 2318.85 8787.85 1.26 45.31 371.84 2388.04 8139.4 8.6222 0.03 368 2319 100.0 28.67 17.1722
47 60 35.0062 0.84 100.0 449.44 555.74 1359.19 1121.97 5.48 8.0 194.43 2223.01 8356.7 1.02 41.74 183.88 2388.11 8072.75 9.3238 0.02 336 2223 100.0 14.84 8.9862
47 61 41.9996 0.8416 100.0 445.0 549.06 1351.04 1114.32 3.91 5.72 138.45 2212.01 8325.85 1.02 41.86 130.98 2388.09 8085.55 9.3743 0.02 331 2212 100.0 10.45 6.3276
47 62 42.0007 0.8417 100.0 445.0 549.61 1352.56 1122.71 3.91 5.72 138.32 2211.96 8323.05 1.02 41.97 131.34 2388.06 8087.91 9.3458 0.02 331 2212 100.0 10.66 6.4119
47 63 0.0014 0.0 100.0 518.67 642.44 1578.7 1404.06 14.62 21.61 554.39 2388.13 9061.97 1.3 47.18 521.93 2388.03 8141.74 8.4621 0.03 392 2388 100.0 38.95 23.459
47 64 41.999 0.84 100.0 445.0 549.25 1357.16 1123.18 3.91 5.71 138.67 2211.94 8323.56 1.02 42.04 130.77 2388.09 8089.27 9.3544 0.02 330 2212 100.0 10.73 6.4226
47 65 42.0014 0.84 100.0 445.0 549.29 1351.03 1119.48 3.91 5.72 138.87 2211.99 8327.3 1.02 42.19 130.61 2388.13 8090.49 9.3898 0.02 331 2212 100.0 10.54 6.4003
47 66 25.0049 0.62 60.0 462.54 536.87 1253.64 1038.13 7.05 9.03 175.62 1915.38 8016.76 0.94 36.67 164.64 2028.31 7878.47 10.8878 0.02 307 1915 84.93 14.59 8.5615
47 67 41.9992 0.84 100.0 445.0 549.13 1352.32 1121.91 3.91 5.72 138.54 2211.92 8329.69 1.02 42.0 130.74 2388.0 8087.89 9.3272 0.02 331 2212 100.0 10.88 6.4033
47 68 42.003 0.84 100.0 445.0 549.6 1349.1 1121.05 3.91 5.71 138.09 2211.97 8325.29 1.02 41.97 130.56 2388.1 8087.69 9.3632 0.02 331 2212 100.0 10.69 6.389
47 69 20.0053 0.7 100.0 491.19 607.35 1478.93 1247.21 9.35 13.65 334.82 2323.93 8720.66 1.08 44.23 315.19 2388.1 8064.78 9.2255 0.02 364 2324 100.0 24.66 14.6709
47 70 20.0015 0.7014 100.0 491.19 607.35 1488.67 1250.23 9.35 13.65 335.52 2323.99 8730.52 1.08 44.19 314.81 2388.09 8069.47 9.1808 0.02 365 2324 100.0 24.57 14.8435
47 71 20.0047 0.7015 100.0 491.19 607.04 1487.54 1246.73 9.35 13.65 335.56 2323.93 8727.66 1.08 44.35 315.7 2388.11 8057.16 9.2102 0.02 363 2324 100.0 24.61 14.7115
47 72 35.0075 0.8418 100.0 449.44 555.83 1363.34 1119.55 5.48 8.0 194.72 2223.0 8347.59 1.02 41.79 183.18 2388.05 8069.1 9.3248 0.02 333 2223 100.0 14.87 8.9612
47 73 10.0063 0.25 100.0 489.05 604.13 1500.33 1300.64 10.52 15.49 394.69 2318.86 8781.48 1.26 45.35 371.89 2388.12 8137.89 8.6476 0.03 370 2319 100.0 28.42 17.2335
47 74 41.9998 0.84 100.0 445.0 549.58 1357.26 1120.74 3.91 5.71 138.98 2211.98 8326.44 1.02 41.83 130.87 2388.13 8086.09 9.3387 0.02 331 2212 100.0 10.74 6.4572
47 75 42.0001 0.84 100.0 445.0 549.71 1356.85 1117.73 3.91 5.72 138.25 2212.01 8329.33 1.02 42.11 130.89 2388.13 8090.44 9.3541 0.02 330 2212 100.0 10.66 6.4328
47 76 20.0054 0.7 100.0 491.19 607.33 1474.91 1242.5 9.35 13.66 334.18 2323.96 8732.63 1.08 44.43 315.69 2388.09 8069.04 9.1784 0.02 365 2324 100.0 24.61 14.6378
47 77 34.9995 0.8415 100.0 449.44 555.42 1364.17 1124.44 5.48 8.0 194.83 2223.03 8356.03 1.02 41.86 182.99 2388.16 8073.32 9.2655 0.02 334 2223 100.0 14.91 8.8825
47 78 20.0077 0.7 100.0 491.19 607.59 1491.79 1246.34 9.35 13.65 334.48 2323.97 8722.42 1.08 44.21 314.71 2388.06 8066.06 9.2089 0.02 365 2324 100.0 24.65 14.7644
47 79 42.0062 0.84 100.0 445.0 549.71 1343.73 1125.29 3.91 5.72 138.78 2212.02 8326.34 1.02 42.01 130.95 2388.09 8088.04 9.3672 0.02 331 2212 100.0 10.6 6.3916
47 80 42.0055 0.8402 100.0 445.0 549.47 1353.26 1116.28 3.91 5.71 139.32 2212.0 8322.09 1.02 42.03 130.56 2388.1 8093.57 9.3246 0.02 331 2212 100.0 10.64 6.3724
47 81 25.0022 0.62 60.0 462.54 536.76 1259.69 1050.85 7.05 9.03 176.7 1915.36 8014.06 0.94 36.75 164.46 2028.34 7875.03 10.8805 0.02 308 1915 84.93 14.45 8.5999
47 82 41.9988 0.8414 100.0 445.0 548.7 1354.88 1121.79 3.91 5.71 138.84 2212.04 8329.2 1.02 41.91 130.85 2388.06 8094.33 9.3678 0.02 329 2212 100.0 10.72 6.2891
47 83 42.0008 0.84 100.0 445.0 549.42 1343.11 1125.95 3.91 5.71 138.35 2211.95 8329.14 1.02 41.98 130.84 2388.03 8085.53 9.3665 0.02 332 2212 100.0 10.59 6.4404
47 84 42.0076 0.84 100.0 445.0 549.63 1350.17 1124.49 3.91 5.72 138.7 2212.03 8326.31 1.02 41.91 130.28 2388.09 8092.2 9.35 0.02 329 2212 100.0 10.5 6.3092
47 85 0.0029 0.002 100.0 518.67 642.54 1585.93 1399.77 14.62 21.61 554.06 2388.07 9056.63 1.3 47.34 522.3 2388.02 8140.84 8.427 0.03 393 2388 100.0 38.75 23.4478
47 86 25.0034 0.6205 60.0 462.54 536.37 1258.89 1046.91 7.05 9.03 175.57 1915.33 8021.43 0.94 36.65 165.41 2028.29 7877.39 10.8692 0.02 309 1915 84.93 14.31 8.5179
47 87 25.0032 0.6209 60.0 462.54 536.1 1261.8 1048.97 7.05 9.03 175.35 1915.4 8015.78 0.94 36.59 164.98 2028.34 7882.26 10.8637 0.02 306 1915 84.93 14.36 8.5503
47 88 34.9995 0.8401 100.0 449.44 555.59 1365.53 1137.32 5.48 8.0 194.37 2223.02 8353.84 1.02 41.81 182.75 2388.18 8072.06 9.3093 0.02 335 2223 100.0 14.87 8.9295
47 89 35.0046 0.84 100.0 449.44 555.54 1367.48 1138.59 5.48 8.0 194.8 2223.05 8355.11 1.02 41.79 182.85 2388.26 8076.03 9.3239 0.02 333 2223 100.0 14.9 8.8015
47 90 25.0021 0.6217 60.0 462.54 536.26 1255.17 1048.99 7.05 9.02 175.78 1915.38 8013.76 0.94 36.61 164.11 2028.34 7876.68 10.9158 0.02 308 1915 84.93 14.23 8.5133
47 91 20.0032 0.7006 100.0 491.19 607.7 1491.68 1248.25 9.35 13.66 334.8 2324.0 8726.79 1.08 44.44 315.35 2388.09 8068.62 9.2194 0.02 365 2324 100.0 24.44 14.7076
47 92 20.0046 0.7001 100.0 491.19 607.19 1476.45 1244.26 9.35 13.66 334.99 2323.94 8730.16 1.08 44.14 315.16 2388.09 8068.05 9.198 0.02 365 2324 100.0 24.35 14.6742
47 93 0.0 0.0 100.0 518.67 642.3 1587.45 1405.63 14.62 21.61 554.04 2388.05 9067.16 1.3 47.45 521.75 2388.07 8141.11 8.3988 0.03 393 2388 100.0 38.94 23.3729
47 94 42.0066 0.84 100.0 445.0 549.85 1350.05 1130.14 3.91 5.71 138.55 2212.0 8329.15 1.02 41.94 130.54 2388.09 8084.56 9.3448 0.02 330 2212 100.0 10.51 6.3459
47 95 0.0017 0.0016 100.0 518.67 642.21 1583.96 1401.18 14.62 21.61 553.63 2388.05 9070.33 1.3 47.23 521.85 2388.04 8143.73 8.4353 0.03 392 2388 100.0 39.01 23.2258
47 96 19.998 0.7013 100.0 491.19 607.15 1477.05 1252.67 9.35 13.65 335.45 2324.0 8723.56 1.08 44.37 315.05 2388.14 8067.42 9.2221 0.02 364 2324 100.0 24.5 14.7698
47 97 35.0036 0.84 100.0 449.44 555.64 1368.78 1126.46 5.48 8.0 194.48 2223.04 8355.3 1.02 41.92 183.27 2388.15 8075.45 9.3188 0.02 333 2223 100.0 14.78 9.0487
47 98 42.0037 0.8419 100.0 445.0 549.76 1349.74 1121.65 3.91 5.71 139.57 2212.05 8323.69 1.02 42.13 130.22 2388.09 8083.3 9.3525 0.02 331 2212 100.0 10.55 6.3788
47 99 25.0027 0.62 60.0 462.54 536.5 1260.5 1051.95 7.05 9.03 175.87 1915.44 8014.91 0.94 36.72 164.31 2028.3 7881.42 10.8853 0.02 307 1915 84.93 14.13 8.5695
47 100 42.0011 0.841 100.0 445.0 549.48 1354.68 1126.07 3.91 5.71 138.87 2212.07 8329.49 1.02 41.98 130.21 2388.21 8092.75 9.3388 0.02 331 2212 100.0 10.57 6.4886
47 101 9.9992 0.2506 100.0 489.05 605.1 1503.53 1303.6 10.52 15.49 394.62 2318.87 8789.8 1.26 45.24 372.04 2388.04 8131.34 8.6233 0.03 368 2319 100.0 28.61 17.1947
47 102 20.0061 0.7008 100.0 491.19 607.44 1483.17 1252.73 9.35 13.65 335.24 2324.0 8728.43 1.08 44.54 315.09 2388.11 8071.71 9.1815 0.02 364 2324 100.0 24.58 14.719
47 103 10.0057 0.25 100.0 489.05 605.09 1498.97 1308.44 10.52 15.49 394.58 2318.87 8785.19 1.26 45.35 372.05 2388.08 8138.57 8.6858 0.03 366 2319 100.0 28.57 17.1088
47 104 0.0021 0.0 100.0 518.67 641.63 1592.05 1396.67 14.62 21.61 554.2 2388.04 9069.71 1.3 47.34 522.04 2388.05 8141.4 8.3946 0.03 394 2388 100.0 39.06 23.3795
47 105 24.9992 0.6214 60.0 462.54 536.91 1262.85 1040.22 7.05 9.02 175.44 1915.49 8012.96 0.94 36.56 165.29 2028.39 7880.08 10.8784 0.02 306 1915 84.93 14.19 8.5001
47 106 9.9987 0.25 100.0 489.05 605.06 1503.34 1309.0 10.52 15.49 395.56 2318.89 8788.9 1.26 45.43 372.0 2388.07 8140.03 8.6502 0.03 369 2319 100.0 28.61 17.0834
47 107 42.0031 0.84 100.0 445.0 549.39 1355.82 1126.03 3.91 5.72 139.13 2212.02 8330.35 1.02 42.17 130.25 2388.17 8094.01 9.3259 0.02 331 2212 100.0 10.64 6.4417
47 108 42.0001 0.8407 100.0 445.0 549.05 1351.07 1126.87 3.91 5.72 138.82 2212.02 8330.34 1.02 41.98 130.84 2388.11 8091.64 9.3439 0.02 330 2212 100.0 10.81 6.3717
47 109 10.0068 0.2503 100.0 489.05 605.04 1501.62 1306.35 10.52 15.49 395.2 2318.91 8778.5 1.26 45.44 372.22 2388.11 8139.25 8.6537 0.03 368 2319 100.0 28.82 17.2173
47 110 20.0063 0.7008 100.0 491.19 607.07 1479.96 1245.62 9.35 13.65 335.27 2323.99 8733.72 1.08 44.31 315.28 2388.1 8068.44 9.1976 0.02 364 2324 100.0 24.47 14.7385
47 111 42.004 0.8407 100.0 445.0 549.25 1354.51 1120.64 3.91 5.71 138.86 2212.1 8331.34 1.02 42.05 130.44 2388.1 8093.7 9.3696 0.02 330 2212 100.0 10.83 6.268
47 112 10.006 0.2516 100.0 489.05 604.62 1503.59 1304.26 10.52 15.49 394.63 2318.88 8788.64 1.26 45.38 371.38 2388.11 8138.23 8.6349 0.03 369 2319 100.0 28.77 17.209
47 113 24.9996 0.6208 60.0 462.54 537.09 1255.84 1043.82 7.05 9.02 175.86 1915.52 8021.01 0.94 36.76 164.53 2028.36 7879.14 10.8939 0.02 307 1915 84.93 14.3 8.6074
47 114 42.0054 0.8412 100.0 445.0 549.83 1354.02 1125.41 3.91 5.72 138.97 2212.04 8336.45 1.02 42.0 130.76 2388.08 8091.33 9.3737 0.02 331 2212 100.0 10.61 6.4133
47 115 35.0042 0.84 100.0 449.44 555.45 1372.36 1120.93 5.48 8.0 194.37 2223.1 8358.91 1.02 41.8 183.67 2388.23 8074.12 9.3021 0.02 334 2223 100.0 14.79 8.8871
47 116 9.9982 0.25 100.0 489.05 605.06 1495.76 1302.76 10.52 15.49 395.72 2318.84 8784.49 1.26 45.17 371.73 2388.1 8139.39 8.6604 0.03 369 2319 100.0 28.74 17.0898
47 117 42.003 0.84 100.0 445.0 549.59 1345.69 1119.59 3.91 5.72 138.82 2212.1 8334.42 1.02 41.92 130.65 2388.16 8091.22 9.3181 0.02 330 2212 100.0 10.56 6.409
47 118 34.9993 0.84 100.0 449.44 555.79 1366.68 1132.22 5.48 8.0 194.55 2223.1 8357.29 1.02 41.76 182.86 2388.21 8077.84 9.2821 0.02 333 2223 100.0 15.02 8.8328
47 119 42.0044 0.8418 100.0 445.0 549.22 1347.63 1124.1 3.91 5.71 138.02 2212.11 8332.88 1.02 41.86 130.56 2388.18 8088.76 9.3445 0.02 330 2212 100.0 10.6 6.334
47 120 25.0012 0.6213 60.0 462.54 535.97 1260.54 1043.29 7.05 9.03 175.41 1915.53 8017.65 0.94 36.82 164.79 2028.42 7881.1 10.8957 0.02 307 1915 84.93 14.37 8.6267
47 121 20.0012 0.7002 100.0 491.19 606.94 1480.55 1249.57 9.35 13.65 334.89 2324.01 8729.73 1.08 44.43 315.04 2388.16 8074.04 9.2293 0.02 366 2324 100.0 24.48 14.6782
47 122 35.0078 0.84 100.0 449.44 555.37 1360.81 1128.01 5.48 8.0 193.59 2223.05 8360.01 1.02 42.01 183.22 2388.21 8071.77 9.3189 0.02 333 2223 100.0 14.99 8.9364
47 123 10.0062 0.25 100.0 489.05 604.83 1503.1 1304.35 10.52 15.49 394.79 2318.87 8789.6 1.26 45.45 371.59 2388.15 8142.26 8.6653 0.03 369 2319 100.0 28.74 17.2111
47 124 25.006 0.62 60.0 462.54 536.65 1263.3 1047.61 7.05 9.03 175.15 1915.44 8023.15 0.94 36.53 164.82 2028.43 7884.18 10.8883 0.02 307 1915 84.93 14.49 8.5241
47 125 25.0025 0.62 60.0 462.54 537.15 1262.79 1048.4 7.05 9.02 175.45 1915.51 8019.51 0.94 36.65 164.85 2028.41 7882.71 10.885 0.02 308 1915 84.93 14.41 8.6331
47 126 10.0036 0.2504 100.0 489.05 604.86 1490.51 1309.03 10.52 15.49 394.38 2318.88 8788.97 1.26 45.26 371.84 2388.13 8142.0 8.6669 0.03 371 2319 100.0 28.59 17.1256
47 127 20.0047 0.7007 100.0 491.19 607.76 1484.59 1247.91 9.35 13.66 334.59 2324.02 8731.4 1.08 44.37 315.1 2388.15 8069.17 9.2003 0.02 364 2324 100.0 24.55 14.6948
47 128 34.9999 0.84 100.0 449.44 555.54 1364.69 1129.83 5.48 8.0 194.01 2223.17 8363.88 1.02 41.83 182.84 2388.23 8077.66 9.3016 0.02 335 2223 100.0 14.86 8.8994
47 129 42.0066 0.8416 100.0 445.0 549.67 1346.39 1123.93 3.91 5.71 137.96 2212.15 8327.95 1.02 42.03 130.39 2388.22 8099.32 9.3119 0.02 330 2212 100.0 10.58 6.4102
47 130 10.008 0.2501 100.0 489.05 604.75 1497.69 1309.57 10.52 15.49 394.79 2318.96 8789.31 1.26 45.32 371.56 2388.06 8143.5 8.6429 0.03 369 2319 100.0 28.72 17.1948
47 131 42.0055 0.84 100.0 445.0 549.82 1351.25 1122.04 3.91 5.72 138.98 2212.12 8332.88 1.03 42.14 130.51 2388.23 8101.49 9.3337 0.02 330 2212 100.0 10.28 6.4344
47 132 25.0027 0.62 60.0 462.54 536.86 1259.28 1053.93 7.05 9.03 176.07 1915.59 8024.74 0.94 36.78 164.71 2028.41 7883.58 10.8759 0.02 307 1915 84.93 14.39 8.5126
47 133 25.0003 0.62 60.0 462.54 536.64 1258.18 1050.37 7.05 9.03 175.7 1915.53 8018.91 0.94 36.64 165.45 2028.42 7880.73 10.8815 0.02 307 1915 84.93 14.43 8.6513
47 134 35.0021 0.84 100.0 449.44 555.84 1365.47 1130.53 5.48 8.0 195.1 2223.14 8362.46 1.02 41.89 183.38 2388.21 8076.23 9.3139 0.02 333 2223 100.0 14.93 8.9726
47 135 42.0057 0.8404 100.0 445.0 549.24 1344.53 1126.8 3.91 5.72 139.0 2212.11 8334.7 1.02 42.06 130.74 2388.23 8096.88 9.3527 0.02 331 2212 100.0 10.5 6.3333
47 136 25.0068 0.62 60.0 462.54 536.58 1259.95 1053.19 7.05 9.02 175.46 1915.54 8019.46 0.94 36.61 164.4 2028.4 7883.44 10.8768 0.02 307 1915 84.93 14.34 8.6356
47 137 0.0003 0.0013 100.0 518.67 642.1 1584.62 1402.59 14.62 21.61 554.1 2388.06 9071.31 1.3 47.37 521.82 2388.03 8151.44 8.4187 0.03 393 2388 100.0 38.97 23.3482
47 138 10.0018 0.2509 100.0 489.05 604.97 1494.66 1313.61 10.52 15.49 394.3 2318.94 8793.99 1.26 45.29 371.7 2388.16 8147.29 8.6656 0.03 370 2319 100.0 28.44 17.2408
47 139 35.0038 0.84 100.0 449.44 556.35 1362.79 1129.61 5.48 8.0 194.77 2223.15 8358.04 1.02 41.84 183.37 2388.29 8085.01 9.3033 0.02 332 2223 100.0 14.98 8.9104
47 140 20.002 0.7 100.0 491.19 607.36 1480.28 1249.54 9.35 13.65 335.41 2324.04 8731.68 1.07 44.35 314.69 2388.16 8074.96 9.2175 0.02 364 2324 100.0 24.45 14.659
47 141 25.0036 0.6204 60.0 462.54 537.07 1257.16 1052.46 7.05 9.03 175.31 1915.53 8021.29 0.94 36.76 164.51 2028.45 7885.34 10.9004 0.02 308 1915 84.93 14.57 8.5881
47 142 19.9998 0.7 100.0 491.19 607.09 1483.62 1245.71 9.35 13.66 334.68 2323.99 8739.32 1.08 44.36 314.93 2388.14 8080.05 9.1969 0.02 365 2324 100.0 24.5 14.6968
47 143 35.0045 0.8412 100.0 449.44 555.84 1365.79 1135.78 5.48 8.0 194.32 2223.16 8367.46 1.02 41.86 182.8 2388.23 8077.06 9.3146 0.02 334 2223 100.0 14.84 8.9467
47 144 35.0062 0.84 100.0 449.44 555.86 1358.35 1131.48 5.48 8.0 194.69 2223.19 8359.39 1.02 41.87 182.95 2388.37 8080.08 9.3169 0.02 333 2223 100.0 14.91 8.8162
47 145 0.0021 0.0 100.0 518.67 642.19 1588.27 1400.02 14.62 21.61 553.74 2388.02 9079.59 1.3 47.46 521.64 2388.08 8146.2 8.4368 0.03 392 2388 100.0 39.03 23.2104
47 146 24.999 0.62 60.0 462.54 536.66 1256.71 1047.98 7.05 9.03 175.64 1915.58 8017.43 0.94 36.71 164.47 2028.5 7885.55 10.8521 0.02 308 1915 84.93 14.24 8.5734
47 147 42.0019 0.84 100.0 445.0 549.43 1358.44 1134.83 3.91 5.72 138.7 2212.12 8331.78 1.02 42.23 130.5 2388.29 8103.5 9.3804 0.02 329 2212 100.0 10.46 6.3468
47 148 25.0037 0.62 60.0 462.54 536.26 1261.17 1048.65 7.05 9.03 175.98 1915.59 8024.26 0.94 36.83 164.56 2028.5 7887.8 10.8896 0.02 307 1915 84.93 14.28 8.6336
47 149 20.0027 0.7 100.0 491.19 607.78 1480.41 1250.14 9.35 13.66 334.76 2324.07 8737.3 1.08 44.19 314.78 2388.19 8078.87 9.2371 0.02 364 2324 100.0 24.45 14.679
47 150 35.001 0.8413 100.0 449.44 555.96 1361.19 1131.7 5.48 8.0 194.7 2223.19 8368.39 1.02 41.76 183.33 2388.33 8082.6 9.3031 0.02 335 2223 100.0 14.92 8.8726
47 151 9.9995 0.2517 100.0 489.05 604.92 1503.55 1311.27 10.52 15.49 394.35 2318.95 8795.75 1.26 45.26 371.4 2388.17 8142.93 8.6372 0.03 369 2319 100.0 28.58 17.1884
47 152 9.9992 0.25 100.0 489.05 604.17 1500.61 1301.42 10.52 15.49 394.01 2318.95 8797.83 1.26 45.49 371.61 2388.06 8145.78 8.6675 0.03 369 2319 100.0 28.44 17.1546
47 153 0.0019 0.0017 100.0 518.67 643.11 1587.96 1406.94 14.62 21.61 553.22 2388.06 9082.92 1.3 47.68 521.5 2388.02 8155.38 8.4327 0.03 394 2388 100.0 38.78 23.3368
47 154 20.0055 0.7019 100.0 491.19 607.94 1481.5 1255.05 9.35 13.66 334.26 2324.05 8738.49 1.07 44.26 315.26 2388.17 8075.05 9.2097 0.02 365 2324 100.0 24.66 14.6789
47 155 34.9988 0.84 100.0 449.44 555.41 1363.7 1130.97 5.48 8.0 194.49 2223.25 8365.23 1.02 41.87 183.0 2388.34 8083.97 9.3165 0.02 334 2223 100.0 14.73 8.8662
47 156 42.0041 0.84 100.0 445.0 549.74 1355.73 1131.35 3.91 5.72 138.47 2212.2 8339.58 1.02 42.04 130.63 2388.3 8102.07 9.3373 0.02 332 2212 100.0 10.68 6.4114
47 157 0.0019 0.0004 100.0 518.67 642.35 1584.67 1407.4 14.62 21.61 553.06 2388.04 9068.64 1.3 47.45 521.82 2388.02 8154.61 8.4106 0.03 392 2388 100.0 38.94 23.2635
47 158 20.0025 0.7019 100.0 491.19 607.8 1481.12 1248.8 9.35 13.66 334.3 2324.13 8745.32 1.08 44.33 315.5 2388.24 8077.57 9.2061 0.02 364 2324 100.0 24.41 14.689
47 159 0.0015 0.0008 100.0 518.67 643.02 1590.35 1410.79 14.62 21.61 552.59 2388.09 9080.34 1.3 47.48 521.47 2388.07 8157.21 8.4683 0.03 394 2388 100.0 38.92 23.2709
47 160 42.0058 0.8409 100.0 445.0 549.74 1347.94 1122.23 3.91 5.72 139.27 2212.21 8340.39 1.02 42.12 130.59 2388.2 8097.6 9.369 0.02 331 2212 100.0 10.74 6.3373
47 161 25.0054 0.62 60.0 462.54 537.23 1264.5 1051.03 7.05 9.03 174.65 1915.64 8025.57 0.94 36.76 165.12 2028.52 7880.73 10.8691 0.02 306 1915 84.93 14.46 8.5317
47 162 42.0077 0.8418 100.0 445.0 549.49 1360.39 1130.42 3.91 5.72 138.17 2212.23 8345.24 1.02 42.26 130.18 2388.26 8100.33 9.3916 0.02 331 2212 100.0 10.64 6.3295
47 163 42.0034 0.84 100.0 445.0 550.21 1359.18 1125.91 3.91 5.71 138.97 2212.24 8333.72 1.02 42.11 130.35 2388.33 8108.98 9.3896 0.02 331 2212 100.0 10.56 6.4573
47 164 35.005 0.84 100.0 449.44 555.77 1368.5 1130.98 5.48 8.0 194.26 2223.26 8375.19 1.02 41.91 183.12 2388.43 8087.24 9.3224 0.02 333 2223 100.0 14.8 8.8561
47 165 25.0076 0.6211 60.0 462.54 536.81 1257.05 1049.95 7.05 9.03 175.95 1915.65 8024.88 0.94 36.63 164.62 2028.57 7889.81 10.875 0.02 308 1915 84.93 14.15 8.5799
47 166 42.0076 0.8415 100.0 445.0 549.89 1350.46 1126.15 3.91 5.72 139.79 2212.3 8344.51 1.02 42.22 130.73 2388.35 8101.5 9.3484 0.02 330 2212 100.0 10.63 6.4631
47 167 35.0067 0.8402 100.0 449.44 555.73 1367.74 1130.82 5.48 8.0 194.65 2223.25 8375.34 1.02 41.78 183.29 2388.38 8084.81 9.34 0.02 333 2223 100.0 14.69 8.8336
47 168 20.0065 0.7 100.0 491.19 607.67 1487.14 1254.44 9.35 13.66 334.88 2324.06 8750.22 1.07 44.47 315.03 2388.22 8078.68 9.2569 0.02 365 2324 100.0 24.35 14.6939
47 169 35.0013 0.84 100.0 449.44 556.08 1366.13 1122.67 5.48 8.0 193.96 2223.32 8370.16 1.02 41.94 183.09 2388.47 8090.52 9.3311 0.02 333 2223 100.0 14.71 8.961
47 170 0.0001 0.0019 100.0 518.67 642.09 1588.72 1405.36 14.62 21.61 553.6 2388.1 9081.1 1.3 47.5 522.07 2388.09 8156.92 8.442 0.03 392 2388 100.0 38.89 23.2962
47 171 25.0045 0.62 60.0 462.54 536.57 1262.19 1050.07 7.05 9.03 175.53 1915.76 8025.98 0.94 36.83 164.96 2028.65 7895.36 10.9165 0.02 307 1915 84.93 14.33 8.625
47 172 34.998 0.84 100.0 449.44 556.08 1359.91 1127.35 5.48 8.0 195.02 2223.34 8380.66 1.02 41.93 183.47 2388.46 8089.26 9.3153 0.02 334 2223 100.0 14.71 8.8509
47 173 42.0076 0.84 100.0 445.0 549.71 1354.21 1130.18 3.91 5.72 138.73 2212.32 8349.05 1.02 42.35 131.18 2388.4 8110.92 9.3925 0.02 330 2212 100.0 10.51 6.3234
47 174 19.9983 0.7008 100.0 491.19 607.18 1485.4 1253.88 9.35 13.65 335.06 2324.03 8751.8 1.08 44.29 314.87 2388.26 8081.48 9.2423 0.02 365 2324 100.0 24.29 14.733
47 175 0.0001 0.0 100.0 518.67 642.65 1590.47 1410.82 14.62 21.61 553.48 2388.05 9079.05 1.3 47.42 521.32 2388.18 8150.24 8.4409 0.03 392 2388 100.0 38.65 23.2201
47 176 20.0026 0.701 100.0 491.19 607.51 1491.37 1259.44 9.35 13.66 334.23 2324.13 8740.18 1.08 44.42 314.92 2388.26 8087.6 9.2238 0.03 365 2324 100.0 24.4 14.6198
47 177 42.0039 0.8418 100.0 445.0 549.83 1364.08 1127.39 3.91 5.72 139.12 2212.35 8350.31 1.02 42.13 130.41 2388.43 8110.69 9.3746 0.02 330 2212 100.0 10.61 6.455
47 178 0.0028 0.0 100.0 518.67 642.83 1587.55 1406.31 14.62 21.61 553.71 2388.07 9089.58 1.3 47.55 521.88 2388.05 8160.62 8.438 0.03 395 2388 100.0 38.75 23.2043
47 179 19.9981 0.7011 100.0 491.19 607.54 1485.53 1252.85 9.35 13.66 334.59 2324.13 8750.62 1.07 44.44 314.61 2388.23 8084.68 9.2423 0.02 366 2324 100.0 24.5 14.6502
47 180 25.0051 0.6208 60.0 462.54 536.72 1261.48 1046.15 7.05 9.03 175.48 1915.71 8034.56 0.94 36.76 164.66 2028.65 7902.12 10.9214 0.02 306 1915 84.93 14.37 8.4855
47 181 35.0065 0.8415 100.0 449.44 556.46 1366.85 1135.85 5.48 8.0 194.98 2223.39 8380.22 1.02 42.1 183.57 2388.54 8094.17 9.3488 0.02 334 2223 100.0 14.78 8.8855
47 182 10.006 0.2511 100.0 489.05 604.85 1503.92 1313.11 10.52 15.49 393.74 2318.98 8809.34 1.26 45.4 371.88 2388.21 8157.73 8.6886 0.03 370 2319 100.0 28.4 17.1574
47 183 25.0075 0.6206 60.0 462.54 536.82 1263.69 1050.76 7.05 9.03 175.42 1915.79 8038.91 0.94 36.8 164.41 2028.69 7897.26 10.9298 0.02 309 1915 84.93 14.21 8.5088
47 184 0.0017 0.0 100.0 518.67 642.19 1592.51 1409.06 14.62 21.61 552.98 2388.02 9088.96 1.3 47.34 521.24 2388.07 8166.79 8.4583 0.03 394 2388 100.0 38.79 23.3146
47 185 25.0009 0.62 60.0 462.54 536.97 1260.22 1051.64 7.05 9.03 175.86 1915.81 8035.81 0.94 36.8 164.76 2028.72 7895.25 10.947 0.02 307 1915 84.93 14.23 8.5792
47 186 0.0004 0.0 100.0 518.67 642.15 1591.66 1409.39 14.62 21.61 553.4 2388.1 9097.78 1.3 47.64 521.28 2388.07 8167.66 8.4327 0.03 394 2388 100.0 38.74 23.2572
47 187 10.0014 0.2501 100.0 489.05 605.32 1513.77 1314.99 10.52 15.49 393.98 2318.97 8812.31 1.26 45.36 371.11 2388.18 8157.25 8.7044 0.03 369 2319 100.0 28.46 17.0629
47 188 35.0034 0.842 100.0 449.44 555.95 1357.09 1138.43 5.48 8.0 194.63 2223.51 8386.49 1.02 42.05 182.99 2388.62 8094.11 9.3307 0.02 334 2223 100.0 14.77 8.7975
47 189 25.0059 0.6218 60.0 462.54 536.67 1262.75 1052.73 7.05 9.03 175.6 1915.82 8031.08 0.94 36.86 163.99 2028.74 7895.12 10.933 0.02 306 1915 84.93 14.17 8.6165
47 190 19.9993 0.7 100.0 491.19 607.73 1487.44 1257.13 9.35 13.66 333.9 2324.21 8760.02 1.07 44.57 314.73 2388.37 8088.69 9.24 0.02 366 2324 100.0 24.45 14.7551
47 191 20.001 0.7001 100.0 491.19 607.64 1490.9 1251.01 9.35 13.66 334.7 2324.16 8758.05 1.08 44.39 315.14 2388.37 8092.5 9.2423 0.02 367 2324 100.0 24.41 14.7253
47 192 25.0066 0.6215 60.0 462.54 536.78 1262.69 1045.39 7.05 9.03 175.95 1915.91 8037.25 0.94 36.9 164.3 2028.8 7901.04 10.9402 0.02 309 1915 84.93 14.24 8.6092
47 193 24.9995 0.62 60.0 462.54 536.81 1266.62 1045.74 7.05 9.03 176.64 1915.87 8034.49 0.94 36.92 164.45 2028.8 7897.84 10.9183 0.02 307 1915 84.93 14.24 8.5927
47 194 10.0079 0.25 100.0 489.05 605.25 1502.4 1320.99 10.52 15.5 393.96 2318.97 8818.39 1.26 45.36 371.97 2388.16 8166.58 8.6857 0.03 370 2319 100.0 28.27 17.0788
47 195 42.0018 0.8412 100.0 445.0 549.76 1362.09 1132.59 3.91 5.72 138.27 2212.55 8359.81 1.03 42.1 130.96 2388.65 8120.05 9.4043 0.02 332 2212 100.0 10.74 6.3552
47 196 10.0011 0.25 100.0 489.05 605.24 1499.43 1315.97 10.52 15.49 394.3 2319.04 8815.38 1.26 45.55 370.55 2388.2 8165.62 8.7009 0.03 369 2319 100.0 28.52 17.0004
47 197 0.0016 0.0 100.0 518.67 642.24 1592.95 1416.02 14.62 21.61 553.28 2388.12 9093.56 1.3 47.67 521.51 2388.06 8174.74 8.4932 0.03 395 2388 100.0 38.78 23.2054
47 198 41.9985 0.84 100.0 445.0 550.34 1357.74 1134.7 3.91 5.72 138.73 2212.6 8361.39 1.02 42.31 130.41 2388.73 8122.03 9.3704 0.02 331 2212 100.0 10.6 6.2963
47 199 19.9985 0.7014 100.0 491.19 607.4 1493.98 1253.78 9.35 13.66 334.0 2324.23 8760.22 1.07 44.58 315.82 2388.37 8093.78 9.2422 0.02 367 2324 100.0 24.26 14.6964
47 200 25.0069 0.62 60.0 462.54 537.06 1269.46 1052.17 7.05 9.03 175.32 1916.01 8034.61 0.94 36.78 164.19 2028.93 7904.53 10.9315 0.02 308 1915 84.93 14.23 8.5676
47 201 0.0003 0.0 100.0 518.67 643.16 1598.14 1406.33 14.62 21.61 553.68 2388.14 9101.3 1.3 47.65 521.6 2388.12 8179.11 8.4212 0.03 396 2388 100.0 38.5 23.237
47 202 0.0024 0.0 100.0 518.67 643.06 1585.76 1416.41 14.62 21.61 552.55 2388.08 9105.0 1.3 47.75 521.84 2388.05 8170.09 8.4712 0.03 393 2388 100.0 38.65 23.3825
47 203 41.9994 0.8414 100.0 445.0 549.9 1360.8 1135.21 3.91 5.72 138.07 2212.67 8361.64 1.02 42.31 130.79 2388.77 8125.17 9.3847 0.02 332 2212 100.0 10.46 6.3426
47 204 10.0047 0.25 100.0 489.05 605.03 1497.04 1310.4 10.52 15.5 393.94 2319.02 8833.64 1.26 45.62 371.71 2388.21 8177.72 8.7051 0.03 370 2319 100.0 28.35 17.0288
47 205 25.0048 0.62 60.0 462.54 537.23 1263.53 1057.23 7.05 9.03 175.04 1916.01 8047.51 0.94 36.64 164.29 2028.95 7908.95 10.9698 0.02 309 1915 84.93 14.37 8.5708
47 206 9.9997 0.2518 100.0 489.05 604.99 1500.67 1319.86 10.52 15.5 394.33 2319.0 8824.85 1.26 45.55 371.27 2388.27 8169.35 8.6646 0.03 371 2319 100.0 28.43 17.058
47 207 41.9994 0.84 100.0 445.0 549.59 1352.76 1136.22 3.91 5.72 138.83 2212.64 8365.74 1.02 42.45 130.61 2388.81 8125.82 9.3734 0.02 330 2212 100.0 10.54 6.311
47 208 25.0059 0.6215 60.0 462.54 537.29 1270.7 1050.26 7.05 9.03 175.14 1916.13 8050.06 0.94 36.94 165.14 2029.01 7915.48 10.939 0.02 308 1915 84.93 14.23 8.5732
47 209 10.0075 0.25 100.0 489.05 604.82 1507.66 1313.46 10.52 15.5 394.19 2319.06 8822.72 1.26 45.52 370.77 2388.25 8173.86 8.6433 0.03 371 2319 100.0 28.41 17.0415
47 210 34.9982 0.84 100.0 449.44 555.71 1372.05 1143.53 5.48 8.0 193.98 2223.82 8400.06 1.03 42.19 183.57 2388.93 8106.32 9.3174 0.02 334 2223 100.0 14.74 8.9047
47 211 25.0021 0.621 60.0 462.54 537.54 1270.2 1057.12 7.05 9.03 175.46 1916.13 8050.32 0.94 37.0 164.4 2029.08 7910.09 10.9585 0.02 309 1915 84.93 14.32 8.614
47 212 42.0014 0.84 100.0 445.0 549.87 1357.62 1132.15 3.91 5.72 138.29 2212.8 8375.89 1.02 42.36 130.37 2388.99 8139.05 9.3849 0.02 332 2212 100.0 10.6 6.4437
47 213 35.0009 0.8416 100.0 449.44 555.79 1367.11 1137.3 5.48 8.0 194.48 2223.85 8408.09 1.02 41.93 183.15 2389.01 8120.2 9.343 0.02 335 2223 100.0 14.7 8.9711
47 214 0.0006 0.0 100.0 518.67 642.49 1605.92 1422.82 14.62 21.61 553.53 2388.07 9109.9 1.3 47.63 521.28 2388.07 8184.45 8.431 0.03 393 2388 100.0 38.47 23.2544
47 215 25.0005 0.6213 60.0 462.54 536.99 1264.73 1054.82 7.05 9.03 176.01 1916.25 8059.64 0.94 36.86 164.56 2029.1 7910.93 10.9947 0.02 309 1915 84.93 14.42 8.5473
47 216 41.9996 0.84 100.0 445.0 550.27 1357.67 1133.28 3.91 5.72 138.26 2212.8 8375.62 1.03 42.19 130.73 2389.03 8136.77 9.3706 0.02 331 2212 100.0 10.63 6.3226
47 217 0.0026 0.0017 100.0 518.67 643.68 1594.68 1420.14 14.62 21.61 552.33 2388.1 9110.54 1.3 47.77 520.37 2388.1 8193.65 8.468 0.03 395 2388 100.0 38.76 23.2057
47 218 42.0002 0.8411 100.0 445.0 549.8 1349.19 1133.05 3.91 5.72 139.23 2212.83 8381.75 1.02 42.28 130.51 2389.02 8137.4 9.3704 0.02 333 2212 100.0 10.34 6.3403
47 219 42.0002 0.8407 100.0 445.0 550.4 1357.83 1139.63 3.91 5.72 138.87 2212.9 8387.28 1.03 42.35 130.91 2389.0 8136.97 9.4014 0.02 333 2212 100.0 10.5 6.2584
47 220 35.0031 0.84 100.0 449.44 555.87 1376.05 1135.64 5.48 8.01 194.99 2223.97 8417.61 1.02 42.17 183.13 2389.12 8126.5 9.406 0.02 337 2223 100.0 14.73 8.8996
47 221 25.0009 0.6217 60.0 462.54 537.74 1272.94 1053.1 7.05 9.03 175.12 1916.28 8057.43 0.94 37.1 164.73 2029.28 7918.39 10.9732 0.02 309 1915 84.93 14.12 8.4212
47 222 35.0045 0.84 100.0 449.44 556.44 1365.92 1131.85 5.48 8.0 193.42 2224.05 8416.74 1.02 42.06 183.02 2389.22 8127.87 9.3297 0.02 337 2223 100.0 14.83 8.8318
47 223 24.9983 0.6205 60.0 462.54 537.24 1266.08 1055.58 7.05 9.03 175.18 1916.39 8071.15 0.94 36.8 164.58 2029.32 7919.76 10.9912 0.02 308 1915 84.93 14.03 8.383
47 224 0.003 0.0 100.0 518.67 643.02 1596.9 1414.61 14.62 21.61 552.67 2388.12 9135.99 1.3 47.84 520.66 2388.13 8196.37 8.5019 0.03 395 2388 100.0 38.55 23.181
47 225 35.0019 0.84 100.0 449.44 555.99 1374.07 1138.97 5.48 8.01 193.55 2224.01 8418.18 1.02 42.08 183.0 2389.27 8128.9 9.3515 0.02 337 2223 100.0 14.71 8.8604
47 226 19.9988 0.7 100.0 491.19 607.33 1490.72 1257.18 9.35 13.66 334.31 2324.49 8789.05 1.07 44.67 314.45 2388.58 8120.97 9.308 0.03 368 2324 100.0 24.43 14.5651
47 227 35.0078 0.841 100.0 449.44 556.6 1375.32 1138.14 5.48 8.01 194.55 2224.11 8419.84 1.02 41.97 183.01 2389.35 8129.18 9.359 0.02 336 2223 100.0 14.85 8.8532
47 228 0.0008 0.0012 100.0 518.67 643.48 1591.76 1417.0 14.62 21.61 552.47 2388.08 9129.93 1.3 47.93 520.89 2388.14 8201.05 8.5057 0.03 395 2388 100.0 38.59 23.1809
47 229 42.0035 0.84 100.0 445.0 549.59 1369.6 1133.29 3.91 5.72 139.47 2213.07 8395.08 1.03 42.37 130.32 2389.23 8150.35 9.3967 0.02 334 2212 100.0 10.77 6.3852
47 230 10.0056 0.2507 100.0 489.05 605.48 1509.59 1325.87 10.52 15.5 393.86 2319.13 8850.31 1.26 45.93 370.4 2388.34 8192.28 8.7299 0.03 372 2319 100.0 28.36 16.974
47 231 42.0073 0.84 100.0 445.0 550.54 1368.06 1141.67 3.91 5.72 138.77 2213.16 8400.95 1.02 42.58 131.28 2389.41 8158.1 9.3449 0.02 333 2212 100.0 10.59 6.2773
47 232 0.0012 0.0 100.0 518.67 643.1 1599.6 1420.98 14.62 21.61 552.63 2388.13 9142.66 1.3 47.71 521.07 2388.14 8211.22 8.5032 0.03 396 2388 100.0 38.4 23.1213
47 233 41.9992 0.8417 100.0 445.0 550.35 1361.84 1138.57 3.91 5.72 138.78 2213.14 8399.87 1.03 42.47 130.04 2389.33 8160.76 9.3975 0.02 334 2212 100.0 10.48 6.4215
47 234 41.9996 0.84 100.0 445.0 550.25 1362.62 1146.64 3.91 5.72 138.51 2213.19 8404.69 1.03 42.44 130.52 2389.4 8157.93 9.4135 0.02 334 2212 100.0 10.55 6.4383
47 235 20.0039 0.7 100.0 491.19 607.99 1487.41 1255.07 9.35 13.66 334.12 2324.65 8807.67 1.07 44.72 314.57 2388.73 8135.76 9.2554 0.02 367 2324 100.0 24.42 14.577
47 236 10.0009 0.2502 100.0 489.05 605.4 1507.77 1318.21 10.52 15.5 392.89 2319.12 8868.79 1.26 45.68 371.16 2388.3 8203.53 8.7523 0.03 373 2319 100.0 28.56 16.9904
47 237 35.0059 0.8401 100.0 449.44 555.61 1376.21 1145.21 5.48 8.01 194.51 2224.38 8431.25 1.03 42.28 182.99 2389.56 8143.15 9.3666 0.02 335 2223 100.0 14.78 8.8584
47 238 0.0023 0.0 100.0 518.67 643.51 1606.21 1427.88 14.62 21.61 552.05 2388.12 9153.3 1.3 47.88 520.56 2388.12 8217.71 8.5214 0.03 396 2388 100.0 38.38 23.1058
47 239 0.0005 0.0 100.0 518.67 643.54 1595.44 1418.57 14.62 21.61 552.79 2388.14 9155.26 1.3 48.0 520.63 2388.13 8217.66 8.5165 0.03 397 2388 100.0 38.45 23.135
47 240 0.003 0.0 100.0 518.67 643.83 1594.7 1423.53 14.62 21.61 552.07 2388.19 9153.48 1.3 48.15 520.38 2388.17 8220.1 8.5208 0.03 394 2388 100.0 38.46 23.1055
47 241 25.0037 0.6212 60.0 462.54 537.19 1270.09 1058.65 7.05 9.03 175.02 1916.8 8087.35 0.94 37.09 164.7 2029.74 7947.68 10.964 0.02 309 1915 84.93 14.26 8.5714
47 242 42.0059 0.8417 100.0 445.0 550.22 1369.69 1140.34 3.91 5.72 138.88 2213.4 8427.03 1.03 42.51 130.96 2389.65 8171.52 9.4027 0.02 336 2212 100.0 10.59 6.3736
47 243 20.0043 0.7001 100.0 491.19 608.14 1496.74 1271.74 9.35 13.66 333.52 2324.67 8820.86 1.07 44.71 314.73 2388.81 8148.44 9.2932 0.03 369 2324 100.0 24.42 14.5613
47 244 10.0075 0.25 100.0 489.05 605.3 1509.62 1331.91 10.52 15.5 393.19 2319.21 8887.92 1.26 46.07 370.46 2388.36 8220.58 8.7268 0.03 374 2319 100.0 28.41 16.9127
47 245 19.9985 0.7 100.0 491.19 608.38 1506.77 1262.6 9.35 13.66 333.26 2324.73 8831.52 1.07 44.85 313.77 2388.94 8147.93 9.3024 0.03 370 2324 100.0 24.24 14.5906
47 246 42.0057 0.8411 100.0 445.0 550.97 1377.38 1142.75 3.91 5.72 137.94 2213.49 8430.94 1.03 42.66 130.4 2389.72 8186.65 9.3977 0.02 336 2212 100.0 10.34 6.3604
57 1 -0.0037 -0.0004 100.0 518.67 642.64 1593.48 1402.4 14.62 21.61 553.58 2388.07 9049.3 1.3 47.41 521.82 2388.08 8136.11 8.3973 0.03 391 2388 100.0 38.96 23.3836
57 2 0.0038 -0.0 100.0 518.67 641.94 1586.18 1397.07 14.62 21.61 553.94 2388.05 9048.85 1.3 47.2 521.82 2388.05 8135.12 8.4227 0.03 393 2388 100.0 38.94 23.368
57 3 -0.0014 -0.0004 100.0 518.67 642.19 1591.6 1407.08 14.62 21.61 554.51 2388.11 9049.73 1.3 47.43 521.98 2388.06 8130.46 8.42 0.03 393 2388 100.0 38.88 23.4072
57 4 -0.0002 -0.0003 100.0 518.67 642.66 1588.64 1396.73 14.62 21.61 554.21 2388.11 9038.04 1.3 47.42 522.19 2388.04 8136.11 8.446 0.03 393 2388 100.0 38.97 23.3827
57 5 -0.0022 0.0004 100.0 518.67 642.48 1589.61 1408.72 14.62 21.61 553.52 2388.09 9046.44 1.3 47.47 521.8 2388.07 8128.88 8.4349 0.03 392 2388 100.0 38.67 23.3019
57 6 -0.0017 -0.0004 100.0 518.67 642.0 1586.4 1397.39 14.62 21.61 554.33 2388.03 9060.78 1.3 47.45 522.16 2388.06 8132.49 8.4302 0.03 394 2388 100.0 39.09 23.4559
57 7 -0.0011 -0.0005 100.0 518.67 642.27 1578.13 1407.15 14.62 21.61 554.09 2388.04 9052.65 1.3 47.26 522.68 2387.99 8133.53 8.4043 0.03 393 2388 100.0 38.87 23.3655
57 8 0.0 -0.0003 100.0 518.67 642.39 1590.65 1396.75 14.62 21.61 553.93 2388.05 9039.78 1.3 47.32 522.1 2388.11 8129.08 8.4106 0.03 393 2388 100.0 38.95 23.3547
57 9 -0.0035 -0.0005 100.0 518.67 642.87 1587.52 1399.3 14.62 21.61 554.95 2388.08 9045.12 1.3 47.35 522.11 2388.05 8132.56 8.4274 0.03 393 2388 100.0 38.88 23.3217
57 10 -0.0006 -0.0003 100.0 518.67 642.7 1583.95 1402.36 14.62 21.61 554.38 2388.08 9056.1 1.3 47.39 522.26 2388.06 8132.43 8.4475 0.03 392 2388 100.0 38.91 23.4265
57 11 0.0026 0.0001 100.0 518.67 642.46 1584.69 1402.15 14.62 21.61 554.0 2388.07 9047.78 1.3 47.34 522.33 2388.06 8135.69 8.4025 0.03 393 2388 100.0 38.99 23.3497
57 12 -0.0003 -0.0002 100.0 518.67 642.66 1585.84 1405.32 14.62 21.61 553.98 2388.03 9052.31 1.3 47.41 521.82 2388.05 8132.28 8.4294 0.03 393 2388 100.0 38.98 23.4722
57 13 0.0014 -0.0001 100.0 518.67 642.02 1584.93 1401.05 14.62 21.61 554.23 2388.08 9051.1 1.3 47.44 521.85 2388.12 8126.27 8.4206 0.03 391 2388 100.0 39.09 23.3077
57 14 0.0014 -0.0001 100.0 518.67 642.74 1585.87 1400.77 14.62 21.61 553.89 2388.12 9056.15 1.3 47.13 521.85 2388.11 8133.1 8.4345 0.03 393 2388 100.0 39.04 23.3957
57 15 -0.0006 0.0004 100.0 518.67 641.95 1590.39 1403.26 14.62 21.61 553.44 2388.14 9053.76 1.3 47.36 521.43 2388.06 8125.23 8.4061 0.03 392 2388 100.0 39.03 23.3704
57 16 -0.0003 -0.0002 100.0 518.67 642.25 1583.06 1394.64 14.62 21.61 553.98 2388.08 9043.8 1.3 47.13 522.47 2388.08 8128.44 8.3969 0.03 394 2388 100.0 38.94 23.382
57 17 0.001 -0.0005 100.0 518.67 642.35 1585.93 1404.35 14.62 21.61 553.63 2388.04 9052.89 1.3 47.31 521.76 2388.14 8128.86 8.3926 0.03 391 2388 100.0 39.02 23.4033
57 18 -0.0004 -0.0005 100.0 518.67 642.01 1587.74 1405.64 14.62 21.61 553.51 2388.04 9047.0 1.3 47.3 522.18 2388.09 8129.3 8.4117 0.03 393 2388 100.0 38.82 23.3115
57 19 -0.0011 0.0002 100.0 518.67 642.16 1587.96 1403.47 14.62 21.61 553.49 2388.11 9052.3 1.3 47.59 521.63 2388.07 8127.76 8.3961 0.03 392 2388 100.0 38.88 23.3028
57 20 0.0026 -0.0005 100.0 518.67 642.74 1587.18 1406.77 14.62 21.61 554.12 2388.03 9043.82 1.3 47.3 522.28 2388.06 8134.13 8.403 0.03 392 2388 100.0 38.92 23.4218
57 21 0.0004 0.0001 100.0 518.67 642.3 1586.16 1403.1 14.62 21.61 553.98 2388.05 9046.63 1.3 47.21 521.83 2388.06 8133.06 8.4349 0.03 392 2388 100.0 38.91 23.355
57 22 -0.0032 0.0002 100.0 518.67 642.33 1579.32 1397.23 14.62 21.61 554.28 2388.09 9052.72 1.3 47.35 521.55 2388.11 8137.75 8.4293 0.03 391 2388 100.0 39.03 23.3531
57 23 0.0003 0.0003 100.0 518.67 642.77 1588.33 1399.28 14.62 21.61 554.12 2388.05 9050.2 1.3 47.29 521.87 2388.0 8129.4 8.4297 0.03 392 2388 100.0 38.88 23.2694
57 24 0.0033 -0.0 100.0 518.67 642.65 1586.97 1405.22 14.62 21.61 553.79 2388.01 9046.42 1.3 47.32 521.99 2388.05 8134.97 8.4177 0.03 392 2388 100.0 39.0 23.3688
57 25 0.0017 0.0001 100.0 518.67 642.65 1584.95 1404.09 14.62 21.61 554.45 2388.09 9061.65 1.3 47.63 521.68 2388.1 8135.55 8.4187 0.03 392 2388 100.0 39.08 23.3005
57 26 0.0028 0.0004 100.0 518.67 642.01 1584.39 1409.99 14.62 21.6 554.35 2388.01 9045.58 1.3 47.3 522.07 2388.05 8128.64 8.3846 0.03 393 2388 100.0 38.97 23.4061
57 27 -0.0003 0.0002 100.0 518.67 642.24 1586.8 1396.78 14.62 21.61 554.28 2388.08 9047.77 1.3 47.33 522.28 2388.07 8130.43 8.3978 0.03 393 2388 100.0 38.82 23.406
57 28 0.0038 -0.0005 100.0 518.67 642.43 1585.55 1401.98 14.62 21.61 553.22 2388.16 9047.27 1.3 47.23 521.8 2388.03 8130.51 8.456 0.03 393 2388 100.0 38.9 23.4147
57 29 -0.0039 0.0004 100.0 518.67 642.47 1584.86 1404.57 14.62 21.61 553.76 2388.03 9044.86 1.3 47.23 521.88 2388.05 8131.66 8.3828 0.03 392 2388 100.0 38.88 23.4126
57 30 -0.0051 0.0001 100.0 518.67 642.19 1592.99 1390.35 14.62 21.61 553.93 2388.06 9039.8 1.3 47.28 521.74 2388.07 8133.16 8.434 0.03 393 2388 100.0 38.95 23.2258
57 31 -0.0011 0.0001 100.0 518.67 642.37 1581.17 1405.48 14.62 21.61 554.31 2388.08 9049.6 1.3 47.57 521.38 2388.08 8131.67 8.3972 0.03 391 2388 100.0 38.91 23.2808
57 32 -0.0039 -0.0004 100.0 518.67 642.7 1589.06 1410.09 14.62 21.61 554.31 2388.08 9053.0 1.3 47.37 521.77 2388.02 8139.74 8.4152 0.03 393 2388 100.0 39.03 23.454
57 33 0.002 -0.0002 100.0 518.67 642.59 1580.61 1393.08 14.62 21.61 553.5 2388.08 9051.66 1.3 47.28 522.28 2388.06 8130.25 8.4128 0.03 391 2388 100.0 39.02 23.3196
57 34 -0.0018 -0.0001 100.0 518.67 641.84 1590.6 1403.72 14.62 21.61 553.83 2388.06 9058.15 1.3 47.53 521.6 2388.12 8131.18 8.4007 0.03 392 2388 100.0 38.92 23.3577
57 35 -0.0003 -0.0 100.0 518.67 642.13 1588.52 1407.28 14.62 21.61 554.24 2388.06 9043.47 1.3 47.48 522.32 2388.07 8130.42 8.3933 0.03 393 2388 100.0 38.85 23.4341
57 36 0.0023 0.0 100.0 518.67 642.32 1585.56 1401.31 14.62 21.61 553.46 2388.07 9053.06 1.3 47.52 521.24 2388.1 8135.68 8.452 0.03 391 2388 100.0 38.98 23.3515
57 37 -0.0012 -0.0002 100.0 518.67 641.97 1588.01 1406.09 14.62 21.61 553.43 2388.06 9044.76 1.3 47.21 522.15 2388.1 8135.24 8.4486 0.03 393 2388 100.0 38.75 23.4992
57 38 0.0019 -0.0004 100.0 518.67 642.62 1585.32 1399.73 14.62 21.61 553.94 2388.08 9048.47 1.3 47.37 522.37 2388.08 8131.7 8.4218 0.03 392 2388 100.0 39.23 23.3812
57 39 -0.0009 0.0001 100.0 518.67 642.37 1591.21 1403.75 14.62 21.61 553.6 2388.01 9054.2 1.3 47.28 522.21 2388.08 8134.23 8.4272 0.03 392 2388 100.0 38.86 23.3355
57 40 0.001 -0.0002 100.0 518.67 641.68 1579.67 1405.19 14.62 21.61 553.48 2388.08 9047.11 1.3 47.43 521.81 2388.07 8130.77 8.4074 0.03 393 2388 100.0 38.9 23.4048
57 41 0.0021 0.0004 100.0 518.67 642.1 1593.06 1402.96 14.62 21.61 553.63 2388.1 9048.5 1.3 47.21 521.7 2388.11 8132.25 8.4208 0.03 393 2388 100.0 38.9 23.3181
57 42 -0.0002 0.0002 100.0 518.67 642.54 1584.14 1397.7 14.62 21.61 554.37 2388.08 9043.62 1.3 47.18 521.99 2388.08 8131.77 8.4267 0.03 392 2388 100.0 38.82 23.3376
57 43 -0.0044 -0.0004 100.0 518.67 641.59 1586.15 1406.06 14.62 21.61 553.52 2388.12 9049.8 1.3 47.34 521.5 2388.06 8125.71 8.3896 0.03 394 2388 100.0 38.79 23.2991
57 44 -0.0008 -0.0004 100.0 518.67 642.48 1585.91 1401.68 14.62 21.61 553.57 2388.08 9038.72 1.3 47.18 522.06 2388.07 8128.46 8.3731 0.03 393 2388 100.0 39.07 23.3478
57 45 0.0035 -0.0 100.0 518.67 642.76 1584.91 1410.21 14.62 21.61 554.17 2388.07 9052.16 1.3 47.49 522.23 2388.07 8129.78 8.4499 0.03 392 2388 100.0 38.71 23.444
57 46 0.002 0.0 100.0 518.67 642.74 1582.19 1397.98 14.62 21.61 554.34 2388.08 9054.63 1.3 47.31 521.61 2388.11 8130.38 8.4277 0.03 392 2388 100.0 39.04 23.3469
57 47 -0.0003 -0.0002 100.0 518.67 642.39 1584.87 1400.91 14.62 21.61 553.26 2388.15 9050.06 1.3 47.28 521.65 2388.09 8134.15 8.4619 0.03 392 2388 100.0 38.91 23.3216
57 48 -0.0031 -0.0005 100.0 518.67 642.17 1585.84 1402.14 14.62 21.61 554.01 2388.07 9047.5 1.3 47.5 521.73 2388.09 8128.38 8.414 0.03 394 2388 100.0 38.78 23.3214
57 49 -0.0019 0.0002 100.0 518.67 642.56 1585.47 1401.05 14.62 21.61 553.98 2388.07 9046.34 1.3 47.49 521.89 2388.08 8133.33 8.4004 0.03 392 2388 100.0 38.86 23.3607
57 50 0.0047 -0.0005 100.0 518.67 642.89 1590.75 1397.95 14.62 21.61 554.36 2388.1 9053.31 1.3 47.39 521.79 2388.03 8130.05 8.4036 0.03 392 2388 100.0 38.79 23.3338
57 51 0.0004 0.0002 100.0 518.67 642.9 1584.9 1403.85 14.62 21.61 553.62 2388.02 9041.5 1.3 47.26 522.2 2388.06 8127.23 8.4287 0.03 392 2388 100.0 38.87 23.4168
57 52 -0.0017 0.0003 100.0 518.67 642.56 1589.78 1399.83 14.62 21.61 554.32 2388.12 9044.18 1.3 47.33 522.17 2388.04 8128.61 8.3995 0.03 393 2388 100.0 38.87 23.2895
57 53 -0.0007 0.0004 100.0 518.67 642.84 1596.23 1399.12 14.62 21.61 553.21 2388.11 9044.98 1.3 47.39 521.71 2388.08 8133.82 8.4385 0.03 393 2388 100.0 39.09 23.3639
57 54 -0.0004 -0.0002 100.0 518.67 642.47 1589.25 1398.54 14.62 21.61 553.76 2388.09 9043.06 1.3 47.43 521.8 2388.12 8130.08 8.4309 0.03 394 2388 100.0 39.03 23.3659
57 55 -0.0011 0.0003 100.0 518.67 642.23 1583.01 1395.66 14.62 21.61 553.71 2388.04 9055.25 1.3 47.5 522.35 2388.0 8133.77 8.4146 0.03 391 2388 100.0 38.86 23.3669
57 56 -0.004 -0.0003 100.0 518.67 642.5 1593.52 1402.15 14.62 21.61 553.03 2388.03 9053.58 1.3 47.41 522.37 2388.1 8129.22 8.3997 0.03 392 2388 100.0 38.77 23.3993
57 57 -0.0016 -0.0001 100.0 518.67 642.42 1590.41 1403.39 14.62 21.61 554.27 2388.11 9048.37 1.3 47.46 521.97 2388.09 8129.29 8.4397 0.03 393 2388 100.0 38.93 23.2477
57 58 0.0027 0.0004 100.0 518.67 643.22 1589.56 1397.41 14.62 21.61 553.55 2388.14 9053.13 1.3 47.37 521.8 2388.11 8137.3 8.4278 0.03 393 2388 100.0 38.83 23.3732
57 59 0.0005 0.0001 100.0 518.67 642.67 1583.4 1410.26 14.62 21.61 553.12 2388.03 9047.23 1.3 47.49 521.43 2388.1 8134.71 8.44 0.03 392 2388 100.0 38.81 23.3404
57 60 0.0067 -0.0002 100.0 518.67 642.94 1588.28 1403.23 14.62 21.61 553.15 2388.09 9041.66 1.3 47.36 521.83 2388.1 8130.45 8.4618 0.03 393 2388 100.0 38.92 23.4183
57 61 -0.0011 -0.0004 100.0 518.67 642.25 1590.3 1400.96 14.62 21.6 553.29 2388.11 9050.49 1.3 47.53 521.4 2388.14 8134.38 8.4407 0.03 392 2388 100.0 38.9 23.234
57 62 0.0016 0.0003 100.0 518.67 642.4 1594.44 1404.98 14.62 21.61 553.22 2388.06 9044.93 1.3 47.5 521.56 2388.09 8130.61 8.4625 0.03 394 2388 100.0 38.97 23.3897
57 63 -0.0005 -0.0002 100.0 518.67 642.38 1587.46 1413.64 14.62 21.61 553.97 2388.06 9048.51 1.3 47.42 521.33 2388.09 8125.73 8.4324 0.03 392 2388 100.0 38.87 23.4107
57 64 -0.0032 -0.0001 100.0 518.67 642.5 1582.95 1405.42 14.62 21.61 553.75 2388.12 9044.63 1.3 47.51 521.62 2388.04 8124.45 8.4606 0.03 394 2388 100.0 38.93 23.3744
57 65 0.0023 0.0001 100.0 518.67 643.1 1591.13 1408.48 14.62 21.61 553.34 2388.06 9050.49 1.3 47.59 522.25 2388.12 8129.41 8.4163 0.03 392 2388 100.0 39.0 23.2173
57 66 -0.0013 0.0002 100.0 518.67 642.07 1590.99 1409.49 14.62 21.61 553.73 2388.11 9049.42 1.3 47.31 521.77 2388.09 8127.72 8.4225 0.03 391 2388 100.0 38.8 23.2473
57 67 -0.0002 -0.0004 100.0 518.67 642.66 1588.57 1397.84 14.62 21.61 553.35 2388.16 9054.67 1.3 47.61 521.63 2388.09 8134.92 8.4603 0.03 392 2388 100.0 38.89 23.4041
57 68 0.0011 -0.0005 100.0 518.67 641.96 1588.22 1401.69 14.62 21.61 553.38 2388.14 9049.76 1.3 47.46 521.04 2388.09 8132.25 8.45 0.03 393 2388 100.0 39.09 23.2718
57 69 0.0025 0.0002 100.0 518.67 642.53 1594.01 1408.35 14.62 21.61 553.72 2388.08 9047.57 1.3 47.34 522.23 2388.13 8119.8 8.4154 0.03 394 2388 100.0 38.82 23.3204
57 70 -0.0007 0.0001 100.0 518.67 642.53 1593.73 1402.87 14.62 21.61 553.62 2388.08 9039.63 1.3 47.4 521.76 2388.08 8127.03 8.4098 0.03 391 2388 100.0 38.99 23.1992
57 71 -0.0038 0.0001 100.0 518.67 641.88 1589.41 1408.89 14.62 21.61 554.0 2388.09 9052.57 1.3 47.36 521.35 2388.11 8138.11 8.4045 0.03 393 2388 100.0 39.0 23.2634
57 72 0.0028 0.0004 100.0 518.67 642.13 1589.23 1403.38 14.62 21.61 553.67 2388.04 9047.88 1.3 47.45 522.01 2388.11 8128.38 8.4149 0.03 394 2388 100.0 38.88 23.352
57 73 -0.001 0.0004 100.0 518.67 642.78 1584.77 1410.85 14.62 21.61 554.22 2388.13 9044.28 1.3 47.57 520.94 2388.13 8126.93 8.426 0.03 395 2388 100.0 38.77 23.2394
57 74 -0.0041 0.0001 100.0 518.67 642.75 1587.18 1403.99 14.62 21.61 553.8 2388.12 9048.42 1.3 47.51 521.58 2388.15 8128.78 8.4271 0.03 393 2388 100.0 38.76 23.3394
57 75 0.0066 0.0005 100.0 518.67 642.48 1591.09 1403.25 14.62 21.61 553.65 2388.12 9047.74 1.3 47.41 521.31 2388.08 8132.3 8.4321 0.03 393 2388 100.0 38.86 23.2441
57 76 0.0009 0.0 100.0 518.67 642.92 1601.85 1409.0 14.62 21.61 553.93 2388.11 9045.3 1.3 47.56 521.33 2388.13 8131.12 8.4467 0.03 394 2388 100.0 38.75 23.2092
57 77 -0.0022 -0.0 100.0 518.67 642.5 1580.1 1403.4 14.62 21.61 553.43 2388.05 9053.47 1.3 47.66 522.06 2388.16 8127.24 8.4066 0.03 392 2388 100.0 38.94 23.2951
57 78 0.0008 0.0001 100.0 518.67 642.58 1587.8 1406.62 14.62 21.61 553.7 2388.09 9048.9 1.3 47.47 521.27 2388.1 8130.68 8.4598 0.03 394 2388 100.0 38.84 23.259
57 79 -0.0017 0.0001 100.0 518.67 642.5 1584.98 1405.57 14.62 21.61 553.57 2388.12 9048.12 1.3 47.56 521.2 2388.12 8130.07 8.4236 0.03 394 2388 100.0 38.89 23.2973
57 80 0.0018 -0.0002 100.0 518.67 642.75 1592.43 1402.17 14.62 21.61 553.97 2388.13 9047.35 1.3 47.36 521.53 2388.14 8128.78 8.4222 0.03 394 2388 100.0 38.88 23.1531
57 81 0.0015 0.0 100.0 518.67 643.23 1588.45 1407.0 14.62 21.61 553.68 2388.13 9043.75 1.3 47.6 521.51 2388.1 8128.38 8.4404 0.03 393 2388 100.0 38.89 23.1935
57 82 0.0037 0.0004 100.0 518.67 643.1 1586.93 1407.37 14.62 21.61 553.59 2388.06 9048.08 1.3 47.57 521.3 2388.13 8131.69 8.4398 0.03 393 2388 100.0 38.97 23.3651
57 83 0.0056 -0.0002 100.0 518.67 642.56 1586.05 1405.66 14.62 21.61 553.23 2388.1 9051.55 1.3 47.46 521.85 2388.04 8127.2 8.4136 0.03 393 2388 100.0 39.1 23.2385
57 84 0.0029 -0.0004 100.0 518.67 642.32 1587.27 1406.76 14.62 21.61 553.56 2388.15 9047.42 1.3 47.72 521.96 2388.04 8131.94 8.4423 0.03 391 2388 100.0 38.85 23.3075
57 85 0.0006 -0.0005 100.0 518.67 643.23 1591.86 1410.13 14.62 21.61 553.58 2388.13 9038.29 1.3 47.5 521.48 2388.13 8121.92 8.4204 0.03 392 2388 100.0 38.74 23.2924
57 86 -0.003 -0.0001 100.0 518.67 642.47 1592.56 1399.88 14.62 21.61 553.6 2388.12 9038.8 1.3 47.31 521.24 2388.15 8129.96 8.462 0.03 392 2388 100.0 38.69 23.2527
57 87 -0.0005 0.0004 100.0 518.67 642.8 1588.81 1402.26 14.62 21.61 553.61 2388.06 9038.87 1.3 47.58 521.55 2388.1 8126.11 8.4544 0.03 393 2388 100.0 38.8 23.3064
57 88 -0.0028 -0.0003 100.0 518.67 642.75 1599.27 1408.98 14.62 21.61 553.58 2388.14 9045.86 1.3 47.64 521.61 2388.12 8130.21 8.4413 0.03 393 2388 100.0 38.91 23.2624
57 89 0.0042 -0.0004 100.0 518.67 642.46 1592.36 1404.99 14.62 21.61 552.99 2388.1 9046.01 1.3 47.59 521.63 2388.13 8123.68 8.4667 0.03 395 2388 100.0 38.75 23.3636
57 90 0.0048 0.0001 100.0 518.67 642.65 1597.61 1411.84 14.62 21.61 553.84 2388.13 9045.14 1.3 47.39 521.36 2388.13 8124.46 8.4446 0.03 394 2388 100.0 38.85 23.3086
57 91 0.0009 -0.0005 100.0 518.67 642.35 1589.37 1406.06 14.62 21.61 552.97 2388.16 9052.0 1.3 47.39 520.76 2388.16 8135.35 8.4437 0.03 394 2388 100.0 38.8 23.2717
57 92 -0.0033 0.0 100.0 518.67 643.01 1593.74 1407.3 14.62 21.61 552.93 2388.14 9049.45 1.3 47.52 521.02 2388.1 8132.12 8.4573 0.03 392 2388 100.0 38.78 23.2635
57 93 -0.0009 0.0004 100.0 518.67 642.98 1588.27 1418.15 14.62 21.61 552.56 2388.09 9047.78 1.3 47.7 521.35 2388.1 8124.7 8.4601 0.03 392 2388 100.0 38.88 23.368
57 94 -0.0003 -0.0002 100.0 518.67 642.91 1590.64 1409.46 14.62 21.61 553.26 2388.16 9045.39 1.3 47.66 521.16 2388.14 8129.2 8.4087 0.03 394 2388 100.0 38.89 23.3145
57 95 -0.001 -0.0003 100.0 518.67 642.41 1587.08 1405.52 14.62 21.61 554.0 2388.04 9043.3 1.3 47.58 521.27 2388.08 8127.18 8.4611 0.03 393 2388 100.0 38.9 23.3544
57 96 0.0055 0.0002 100.0 518.67 642.76 1594.76 1408.29 14.62 21.61 553.26 2388.12 9044.48 1.3 47.62 521.37 2388.14 8114.92 8.4391 0.03 396 2388 100.0 38.8 23.2794
57 97 -0.0027 -0.0005 100.0 518.67 643.38 1591.7 1411.89 14.62 21.61 552.69 2388.17 9043.14 1.3 47.55 520.98 2388.13 8124.7 8.4607 0.03 393 2388 100.0 38.57 23.2508
57 98 0.0018 -0.0004 100.0 518.67 642.63 1590.07 1411.66 14.62 21.61 552.9 2388.15 9041.05 1.3 47.65 521.48 2388.14 8124.32 8.4761 0.03 394 2388 100.0 38.85 23.303
57 99 -0.0039 -0.0001 100.0 518.67 642.75 1590.26 1405.13 14.62 21.61 553.15 2388.17 9047.66 1.3 47.56 521.7 2388.15 8125.26 8.4651 0.03 392 2388 100.0 39.0 23.2346
57 100 -0.0026 -0.0004 100.0 518.67 642.75 1592.96 1412.69 14.62 21.61 553.95 2388.12 9043.93 1.3 47.62 520.76 2388.18 8121.91 8.468 0.03 394 2388 100.0 38.8 23.1595
57 101 -0.0015 0.0001 100.0 518.67 643.06 1592.18 1409.28 14.62 21.61 553.4 2388.18 9047.85 1.3 47.77 520.58 2388.17 8130.06 8.441 0.03 393 2388 100.0 38.91 23.3392
57 102 0.0006 0.0002 100.0 518.67 642.63 1594.27 1415.28 14.62 21.61 552.49 2388.18 9048.84 1.3 47.61 521.02 2388.17 8123.37 8.4499 0.03 396 2388 100.0 38.75 23.1909
57 103 0.0013 0.0 100.0 518.67 642.6 1595.82 1411.74 14.62 21.61 553.19 2388.13 9040.78 1.3 47.63 521.04 2388.17 8118.3 8.4515 0.03 394 2388 100.0 38.65 23.1925
57 104 0.001 -0.0002 100.0 518.67 642.76 1594.99 1416.7 14.62 21.61 553.03 2388.13 9046.2 1.3 47.66 521.16 2388.22 8123.86 8.4696 0.03 395 2388 100.0 38.69 23.3088
57 105 -0.0015 -0.0003 100.0 518.67 643.19 1585.36 1415.03 14.62 21.61 553.61 2388.17 9049.94 1.3 47.78 520.96 2388.19 8127.15 8.4737 0.03 392 2388 100.0 38.73 23.2044
57 106 -0.0017 0.0003 100.0 518.67 642.78 1592.44 1417.99 14.62 21.61 553.42 2388.19 9042.35 1.3 47.68 521.23 2388.14 8124.03 8.4841 0.03 394 2388 100.0 38.44 23.2652
57 107 0.0023 0.0003 100.0 518.67 643.24 1592.31 1413.01 14.62 21.61 552.5 2388.15 9048.24 1.3 47.73 520.54 2388.17 8120.44 8.459 0.03 394 2388 100.0 38.74 23.2979
57 108 -0.0018 -0.0001 100.0 518.67 642.42 1593.71 1413.3 14.62 21.61 553.11 2388.18 9044.3 1.3 47.78 520.76 2388.21 8121.17 8.4752 0.03 394 2388 100.0 38.75 23.1364
57 109 -0.0036 -0.0 100.0 518.67 643.55 1592.04 1413.98 14.62 21.61 552.12 2388.18 9052.47 1.3 47.7 520.94 2388.17 8122.51 8.4891 0.03 395 2388 100.0 38.56 23.2547
57 110 -0.0012 -0.0004 100.0 518.67 643.03 1601.55 1413.33 14.62 21.61 552.6 2388.19 9038.25 1.3 47.64 520.52 2388.16 8118.94 8.4334 0.03 394 2388 100.0 38.61 23.3253
57 111 -0.0005 0.0001 100.0 518.67 642.52 1587.57 1414.44 14.62 21.61 552.73 2388.14 9035.52 1.3 47.65 520.69 2388.14 8125.13 8.4909 0.03 396 2388 100.0 38.75 23.1645
57 112 -0.0036 -0.0005 100.0 518.67 642.84 1590.21 1416.74 14.62 21.61 552.74 2388.18 9045.59 1.3 47.61 520.44 2388.14 8125.08 8.4924 0.03 394 2388 100.0 38.72 23.1206
57 113 -0.0018 0.0001 100.0 518.67 642.84 1593.2 1420.49 14.62 21.61 552.74 2388.2 9039.73 1.3 47.88 520.46 2388.21 8117.41 8.4457 0.03 395 2388 100.0 38.6 23.2425
57 114 -0.0013 0.0002 100.0 518.67 642.7 1595.68 1413.51 14.62 21.61 552.84 2388.17 9047.11 1.3 47.98 520.83 2388.15 8117.67 8.4694 0.03 396 2388 100.0 38.76 23.2286
57 115 0.0015 -0.0 100.0 518.67 642.34 1599.3 1417.37 14.62 21.61 552.75 2388.22 9037.03 1.3 47.64 520.57 2388.22 8121.55 8.477 0.03 394 2388 100.0 38.6 23.1983
57 116 0.0005 0.0 100.0 518.67 643.29 1596.8 1405.14 14.62 21.61 551.89 2388.16 9036.62 1.3 47.91 520.54 2388.18 8114.27 8.467 0.03 392 2388 100.0 38.75 23.1789
57 117 -0.0019 -0.0 100.0 518.67 643.03 1587.07 1417.78 14.62 21.61 552.63 2388.27 9042.36 1.3 47.75 520.58 2388.17 8123.03 8.4793 0.03 394 2388 100.0 38.76 23.2321
57 118 0.0009 0.0001 100.0 518.67 643.61 1597.52 1415.36 14.62 21.61 552.79 2388.23 9035.42 1.3 47.82 520.73 2388.21 8119.45 8.5201 0.03 393 2388 100.0 38.74 23.2151
57 119 -0.0014 -0.0004 100.0 518.67 643.32 1597.04 1414.06 14.62 21.61 552.43 2388.25 9038.36 1.3 47.85 520.92 2388.24 8121.83 8.4803 0.03 395 2388 100.0 38.56 23.1646
57 120 0.0018 -0.0001 100.0 518.67 643.39 1600.21 1419.3 14.62 21.61 552.95 2388.29 9040.99 1.3 47.62 520.17 2388.22 8117.34 8.4742 0.03 395 2388 100.0 38.48 23.1435
57 121 -0.0001 -0.0 100.0 518.67 643.0 1600.43 1422.02 14.62 21.61 552.67 2388.21 9037.32 1.3 47.89 520.23 2388.28 8115.94 8.5135 0.03 395 2388 100.0 38.59 23.1313
57 122 0.0009 -0.0002 100.0 518.67 643.09 1592.04 1423.27 14.62 21.61 551.75 2388.24 9035.58 1.3 47.94 520.23 2388.2 8117.83 8.5122 0.03 394 2388 100.0 38.35 23.251
57 123 -0.0012 0.0003 100.0 518.67 643.4 1601.63 1423.86 14.62 21.61 552.16 2388.23 9035.67 1.3 48.02 519.25 2388.25 8112.69 8.4965 0.03 395 2388 100.0 38.47 23.1253
57 124 0.0037 0.0001 100.0 518.67 643.57 1595.41 1420.78 14.62 21.61 552.7 2388.28 9037.3 1.3 47.84 520.3 2388.23 8110.72 8.4846 0.03 394 2388 100.0 38.5 23.1192
57 125 -0.0008 -0.0003 100.0 518.67 643.73 1596.02 1428.69 14.62 21.61 552.19 2388.25 9034.23 1.3 48.05 520.3 2388.24 8111.17 8.4859 0.03 395 2388 100.0 38.61 23.1055
57 126 -0.0012 0.0002 100.0 518.67 643.39 1599.21 1417.22 14.62 21.61 551.93 2388.25 9035.13 1.3 47.94 520.03 2388.23 8116.9 8.5177 0.03 394 2388 100.0 38.55 23.1789
57 127 0.0011 0.0002 100.0 518.67 643.69 1597.92 1421.16 14.62 21.61 551.88 2388.3 9048.0 1.3 47.86 520.2 2388.25 8118.83 8.5165 0.03 394 2388 100.0 38.59 23.1994
57 128 0.0005 -0.0003 100.0 518.67 643.45 1599.53 1418.5 14.62 21.61 551.77 2388.24 9034.51 1.3 47.85 520.36 2388.19 8111.56 8.5058 0.03 395 2388 100.0 38.37 23.1706
57 129 0.0023 -0.0001 100.0 518.67 643.04 1596.31 1428.03 14.62 21.61 552.39 2388.26 9036.6 1.3 48.06 520.11 2388.26 8115.43 8.5011 0.03 395 2388 100.0 38.5 23.1568
57 130 -0.0014 0.0002 100.0 518.67 643.41 1600.26 1420.7 14.62 21.61 552.04 2388.33 9037.55 1.3 48.0 519.95 2388.28 8108.87 8.5241 0.03 395 2388 100.0 38.42 23.2014
57 131 0.0008 0.0005 100.0 518.67 643.64 1593.38 1435.94 14.62 21.61 551.86 2388.29 9038.74 1.3 48.03 520.04 2388.27 8111.42 8.4988 0.03 396 2388 100.0 38.43 23.205
57 132 0.0026 -0.0005 100.0 518.67 643.19 1599.21 1425.07 14.62 21.61 551.14 2388.28 9036.16 1.3 48.17 519.77 2388.3 8112.13 8.5256 0.03 397 2388 100.0 38.41 23.0338
57 133 -0.0024 -0.0002 100.0 518.67 643.47 1605.28 1423.89 14.62 21.61 551.23 2388.3 9038.97 1.3 48.12 519.77 2388.29 8110.3 8.4876 0.03 395 2388 100.0 38.47 23.0866
57 134 0.0006 -0.0004 100.0 518.67 643.65 1597.0 1425.54 14.62 21.61 551.67 2388.31 9038.17 1.3 48.4 519.67 2388.29 8109.82 8.5187 0.03 396 2388 100.0 38.31 23.0414
57 135 -0.0023 0.0001 100.0 518.67 643.61 1604.87 1428.42 14.62 21.61 551.73 2388.32 9031.44 1.3 48.22 519.1 2388.32 8108.19 8.5308 0.03 396 2388 100.0 38.43 23.1252
57 136 -0.0022 -0.0005 100.0 518.67 643.79 1601.69 1430.32 14.62 21.61 551.12 2388.34 9035.03 1.3 48.37 518.94 2388.29 8108.52 8.5266 0.03 395 2388 100.0 38.18 23.1046
57 137 -0.0004 -0.0003 100.0 518.67 644.15 1596.45 1432.49 14.62 21.61 550.95 2388.32 9036.5 1.3 48.26 519.07 2388.28 8108.28 8.5533 0.03 394 2388 100.0 38.24 23.0412
242 1 10.0035 0.2507 100.0 489.05 604.44 1496.49 1298.94 10.52 15.49 394.99 2318.82 8781.58 1.26 45.18 372.13 2387.98 8136.45 8.6287 0.03 368 2319 100.0 28.77 17.0929
242 2 42.0068 0.8418 100.0 445.0 549.18 1342.82 1120.82 3.91 5.71 140.05 2212.03 8317.04 1.02 41.96 130.3 2388.14 8095.97 9.3252 0.02 331 2212 100.0 10.47 6.4917
242 3 35.0037 0.8418 100.0 449.44 555.34 1354.57 1122.23 5.48 8.0 194.66 2223.03 8348.84 1.02 41.63 183.16 2388.15 8072.01 9.2636 0.02 333 2223 100.0 15.04 8.8688
242 4 20.0007 0.7013 100.0 491.19 607.21 1473.6 1245.68 9.35 13.65 335.34 2323.87 8721.86 1.08 44.12 315.27 2388.05 8064.13 9.1963 0.02 365 2324 100.0 24.72 14.7312
242 5 42.0059 0.8417 100.0 445.0 549.05 1347.07 1123.44 3.91 5.72 139.09 2211.99 8322.74 1.02 41.82 131.06 2388.09 8089.98 9.3573 0.02 331 2212 100.0 10.53 6.4371
242 6 42.0023 0.84 100.0 445.0 549.45 1349.97 1123.6 3.91 5.72 138.4 2212.09 8330.01 1.02 41.76 131.15 2388.14 8089.57 9.344 0.02 330 2212 100.0 10.58 6.3919
242 7 41.9988 0.8407 100.0 445.0 549.64 1349.46 1125.24 3.91 5.72 138.92 2212.08 8322.25 1.02 41.83 131.17 2388.12 8090.7 9.356 0.02 328 2212 100.0 10.51 6.2713
242 8 19.9998 0.702 100.0 491.19 607.82 1483.13 1235.39 9.35 13.65 336.43 2323.92 8727.62 1.08 44.19 315.56 2388.07 8066.07 9.1658 0.02 364 2324 100.0 24.44 14.6927
242 9 42.0016 0.8405 100.0 445.0 549.43 1356.23 1122.07 3.91 5.71 138.72 2212.08 8331.8 1.02 41.92 131.25 2388.15 8097.03 9.324 0.02 330 2212 100.0 10.76 6.339
242 10 0.002 0.0011 100.0 518.67 641.83 1586.36 1402.34 14.62 21.61 554.79 2388.01 9069.19 1.3 47.13 522.65 2387.99 8147.65 8.4171 0.03 390 2388 100.0 39.11 23.4447
242 11 42.0022 0.8409 100.0 445.0 549.51 1356.63 1123.54 3.91 5.72 138.67 2212.0 8330.35 1.02 41.78 131.28 2388.1 8083.35 9.3045 0.02 328 2212 100.0 10.79 6.4647
242 12 42.0026 0.84 100.0 445.0 548.61 1350.3 1122.57 3.91 5.72 139.47 2211.96 8321.61 1.02 41.8 130.91 2388.07 8090.44 9.2911 0.02 331 2212 100.0 10.8 6.4032
242 13 24.9988 0.62 60.0 462.54 537.03 1253.49 1040.52 7.05 9.03 175.48 1915.41 8016.69 0.94 36.6 164.83 2028.27 7873.59 10.855 0.02 306 1915 84.93 14.33 8.5278
242 14 41.9985 0.842 100.0 445.0 549.26 1352.22 1121.29 3.91 5.71 138.57 2212.08 8315.11 1.02 41.79 130.66 2388.1 8091.32 9.2933 0.02 329 2212 100.0 10.75 6.4728
242 15 10.0041 0.25 100.0 489.05 604.58 1503.3 1297.73 10.52 15.49 394.66 2318.83 8785.87 1.26 45.0 371.78 2388.06 8137.22 8.6314 0.03 368 2319 100.0 28.58 17.2888
242 16 20.0016 0.7002 100.0 491.19 606.63 1475.88 1239.09 9.35 13.65 334.92 2323.9 8728.87 1.08 44.19 315.07 2388.07 8067.05 9.1789 0.02 364 2324 100.0 24.49 14.707
242 17 25.0057 0.62 60.0 462.54 537.09 1253.7 1039.25 7.05 9.02 176.14 1915.4 8018.1 0.94 36.5 164.64 2028.32 7880.14 10.8827 0.02 306 1915 84.93 14.26 8.7277
242 18 35.0034 0.84 100.0 449.44 555.06 1355.46 1131.78 5.48 8.0 194.55 2223.03 8354.42 1.02 41.7 183.51 2388.12 8070.63 9.288 0.02 333 2223 100.0 14.87 8.9384
242 19 20.0032 0.7015 100.0 491.19 606.75 1482.63 1246.88 9.35 13.66 334.94 2323.93 8722.94 1.08 44.28 315.59 2388.06 8064.8 9.1997 0.02 364 2324 100.0 24.48 14.8017
242 20 10.0062 0.25 100.0 489.05 604.47 1506.63 1297.42 10.52 15.49 395.36 2318.76 8782.29 1.26 45.09 372.44 2388.05 8134.72 8.6184 0.03 367 2319 100.0 28.67 17.2145
242 21 10.0058 0.2506 100.0 489.05 604.84 1496.76 1309.33 10.52 15.49 393.76 2318.85 8781.36 1.26 45.16 372.35 2388.0 8138.48 8.662 0.03 369 2319 100.0 28.78 17.2382
242 22 42.0012 0.84 100.0 445.0 548.92 1351.09 1117.23 3.91 5.72 138.86 2212.02 8331.04 1.02 41.8 130.58 2388.18 8083.83 9.352 0.02 331 2212 100.0 10.59 6.3081
242 23 10.0044 0.2512 100.0 489.05 604.45 1504.18 1294.26 10.52 15.49 395.09 2318.81 8780.31 1.26 45.03 372.1 2387.98 8134.08 8.5957 0.03 368 2319 100.0 28.74 17.2522
242 24 0.0001 0.0009 100.0 518.67 641.88 1581.97 1399.76 14.62 21.61 554.24 2387.99 9060.41 1.3 47.24 522.99 2388.0 8143.31 8.4181 0.03 393 2388 100.0 38.95 23.4123
242 25 42.0007 0.8408 100.0 445.0 549.38 1353.19 1124.67 3.91 5.71 138.95 2212.06 8325.97 1.02 41.82 130.49 2388.09 8085.53 9.3119 0.02 330 2212 100.0 10.75 6.4363
242 26 42.0034 0.8408 100.0 445.0 548.73 1356.1 1119.66 3.91 5.71 138.46 2212.01 8325.4 1.02 41.81 131.23 2388.09 8089.75 9.3474 0.02 331 2212 100.0 10.69 6.285
242 27 42.0021 0.8412 100.0 445.0 548.86 1345.47 1118.02 3.91 5.71 138.71 2212.01 8325.19 1.02 41.89 130.79 2388.22 8091.63 9.3071 0.02 330 2212 100.0 10.64 6.4263
242 28 19.9991 0.7013 100.0 491.19 606.92 1478.67 1241.46 9.35 13.65 335.34 2323.92 8725.38 1.08 44.1 315.42 2388.08 8065.16 9.2142 0.02 365 2324 100.0 24.47 14.7191
242 29 35.0015 0.8413 100.0 449.44 555.94 1362.58 1130.03 5.48 8.0 195.46 2223.04 8359.41 1.02 41.78 183.81 2388.18 8068.9 9.2837 0.02 332 2223 100.0 14.93 8.9412
242 30 25.0052 0.62 60.0 462.54 536.93 1247.23 1044.72 7.05 9.03 176.01 1915.38 8011.83 0.94 36.34 164.85 2028.36 7876.02 10.8763 0.02 307 1915 84.93 14.38 8.632
242 31 42.0065 0.8416 100.0 445.0 549.26 1347.68 1116.93 3.91 5.72 139.14 2212.08 8338.33 1.02 41.8 130.74 2388.14 8096.93 9.3767 0.02 330 2212 100.0 10.53 6.3757
242 32 42.0002 0.8405 100.0 445.0 549.41 1355.67 1119.05 3.91 5.72 138.77 2212.03 8328.49 1.02 41.87 130.89 2388.11 8090.57 9.324 0.02 329 2212 100.0 10.65 6.2792
242 33 10.0017 0.25 100.0 489.05 604.23 1494.43 1302.85 10.52 15.49 395.06 2318.82 8782.09 1.26 45.23 372.14 2388.06 8128.28 8.6284 0.03 369 2319 100.0 28.59 17.1963
242 34 10.0068 0.2516 100.0 489.05 604.78 1497.08 1294.86 10.52 15.49 395.26 2318.88 8778.1 1.26 45.15 371.73 2388.03 8137.7 8.6154 0.03 368 2319 100.0 28.83 17.1317
242 35 35.0027 0.841 100.0 449.44 555.11 1357.84 1119.95 5.48 8.0 195.26 2223.03 8349.31 1.02 41.74 183.54 2388.12 8073.98 9.2637 0.02 332 2223 100.0 15.0 8.9146
242 36 10.0033 0.25 100.0 489.05 604.01 1497.45 1301.82 10.52 15.49 395.57 2318.82 8773.66 1.26 45.05 371.69 2388.04 8137.32 8.606 0.03 368 2319 100.0 28.62 17.2435
242 37 19.9995 0.7 100.0 491.19 606.66 1481.49 1243.36 9.35 13.65 335.11 2323.95 8729.09 1.08 44.11 315.07 2388.07 8065.75 9.2221 0.02 364 2324 100.0 24.58 14.784
242 38 35.0008 0.8409 100.0 449.44 555.79 1358.52 1115.75 5.48 8.0 194.5 2223.07 8356.88 1.02 41.61 183.44 2388.17 8066.67 9.2768 0.02 334 2223 100.0 14.9 8.9526
242 39 42.0009 0.84 100.0 445.0 549.67 1353.82 1118.56 3.91 5.71 138.63 2211.98 8327.67 1.02 41.96 130.42 2388.12 8088.32 9.3296 0.02 329 2212 100.0 10.67 6.4007
242 40 0.0029 0.0 100.0 518.67 642.06 1583.44 1398.78 14.62 21.6 554.64 2388.0 9050.63 1.3 47.17 522.3 2388.01 8147.27 8.3929 0.03 393 2388 100.0 38.82 23.468
242 41 42.0032 0.84 100.0 445.0 549.3 1348.05 1124.32 3.91 5.71 139.42 2212.01 8325.49 1.02 41.85 130.45 2388.11 8088.56 9.3166 0.02 329 2212 100.0 10.53 6.4623
242 42 41.9994 0.8405 100.0 445.0 549.62 1350.83 1116.77 3.91 5.72 139.84 2212.03 8330.95 1.02 41.64 130.15 2388.2 8089.59 9.3054 0.02 329 2212 100.0 10.52 6.3885
242 43 10.0076 0.2509 100.0 489.05 604.67 1498.84 1301.39 10.52 15.49 395.42 2318.84 8781.96 1.26 45.29 371.72 2388.05 8134.94 8.6087 0.03 369 2319 100.0 28.75 17.2783
242 44 35.0078 0.8408 100.0 449.44 556.09 1359.06 1119.33 5.48 8.0 195.07 2223.06 8354.27 1.02 41.72 183.47 2388.1 8069.62 9.2594 0.02 334 2223 100.0 14.96 8.8133
242 45 25.0005 0.62 60.0 462.54 536.89 1265.34 1047.21 7.05 9.03 175.7 1915.43 8002.17 0.94 36.75 164.74 2028.35 7883.96 10.8429 0.02 306 1915 84.93 14.31 8.5344
242 46 0.003 0.0019 100.0 518.67 641.87 1587.91 1399.06 14.62 21.61 554.08 2388.0 9057.01 1.3 47.12 522.57 2388.01 8148.09 8.373 0.03 392 2388 100.0 39.01 23.4154
242 47 0.0007 0.0 100.0 518.67 641.77 1586.56 1400.38 14.62 21.61 554.68 2388.0 9066.93 1.3 47.27 522.17 2388.03 8136.27 8.3944 0.03 391 2388 100.0 39.08 23.371
242 48 42.0023 0.84 100.0 445.0 549.4 1345.56 1128.62 3.91 5.71 138.83 2211.97 8322.31 1.02 41.81 130.92 2388.08 8090.75 9.3641 0.02 331 2212 100.0 10.88 6.2488
242 49 25.0003 0.6201 60.0 462.54 535.94 1260.06 1039.91 7.05 9.03 175.85 1915.48 8010.99 0.94 36.38 164.8 2028.29 7880.09 10.8513 0.02 307 1915 84.93 14.61 8.6248
242 50 0.0017 0.0 100.0 518.67 641.84 1584.14 1394.72 14.62 21.61 553.97 2388.01 9056.78 1.3 47.04 522.26 2388.04 8147.49 8.4188 0.03 391 2388 100.0 39.05 23.4678
242 51 9.9985 0.25 100.0 489.05 604.58 1488.56 1298.0 10.52 15.49 395.31 2318.77 8781.6 1.26 45.26 371.91 2388.03 8135.79 8.6389 0.03 369 2319 100.0 28.61 17.1195
242 52 42.0042 0.84 100.0 445.0 549.41 1342.18 1121.3 3.91 5.71 138.69 2212.05 8325.99 1.02 41.87 130.81 2388.15 8092.53 9.3275 0.02 331 2212 100.0 10.57 6.342
242 53 42.0017 0.84 100.0 445.0 549.56 1350.59 1122.3 3.91 5.71 138.06 2212.03 8319.23 1.02 42.06 130.42 2388.15 8092.72 9.3409 0.02 330 2212 100.0 10.59 6.474
242 54 42.008 0.84 100.0 445.0 549.7 1347.59 1116.5 3.91 5.71 139.17 2212.0 8323.34 1.02 41.77 130.66 2388.06 8088.95 9.3245 0.02 330 2212 100.0 10.74 6.4034
242 55 41.9989 0.8401 100.0 445.0 548.58 1353.84 1122.55 3.91 5.71 139.71 2212.09 8333.3 1.02 41.96 130.73 2388.16 8091.46 9.3381 0.02 329 2212 100.0 10.56 6.3739
242 56 35.0059 0.84 100.0 449.44 554.65 1365.33 1119.83 5.48 8.0 195.13 2223.03 8350.88 1.02 41.77 183.32 2388.16 8073.75 9.3279 0.02 333 2223 100.0 14.84 8.9613
242 57 24.9994 0.6213 60.0 462.54 536.77 1264.69 1044.03 7.05 9.02 175.79 1915.38 8018.27 0.94 36.58 164.81 2028.35 7877.14 10.9057 0.02 306 1915 84.93 14.29 8.544
242 58 10.007 0.25 100.0 489.05 604.16 1497.21 1303.43 10.52 15.49 395.05 2318.84 8781.99 1.26 45.13 371.84 2388.05 8137.26 8.6154 0.03 368 2319 100.0 28.52 17.2669
242 59 19.9989 0.7002 100.0 491.19 606.88 1480.57 1241.7 9.35 13.65 335.04 2323.93 8726.8 1.08 44.09 315.68 2388.09 8071.0 9.1999 0.02 365 2324 100.0 24.39 14.6567
242 60 0.0023 0.0007 100.0 518.67 641.88 1586.88 1404.71 14.62 21.61 553.92 2388.02 9062.98 1.3 47.36 522.13 2387.98 8146.2 8.4307 0.03 390 2388 100.0 39.08 23.4761
242 61 20.0014 0.7004 100.0 491.19 607.53 1483.05 1242.04 9.35 13.65 334.69 2323.89 8727.51 1.08 44.3 315.61 2388.09 8063.17 9.167 0.02 364 2324 100.0 24.35 14.7304
242 62 0.0005 0.0 100.0 518.67 641.78 1577.05 1396.39 14.62 21.61 554.6 2388.05 9061.3 1.3 47.29 522.68 2388.0 8140.22 8.3894 0.03 392 2388 100.0 38.91 23.3445
242 63 10.0014 0.25 100.0 489.05 604.23 1499.58 1295.42 10.52 15.49 394.57 2318.85 8783.82 1.26 45.26 371.77 2388.01 8135.62 8.6378 0.03 368 2319 100.0 28.77 17.2218
242 64 25.0017 0.6206 60.0 462.54 536.86 1258.99 1046.41 7.05 9.02 175.68 1915.42 8016.7 0.94 36.48 164.56 2028.35 7878.28 10.8831 0.02 307 1915 84.93 14.47 8.6652
242 65 35.0032 0.84 100.0 449.44 555.83 1364.87 1127.75 5.48 8.0 194.53 2223.03 8358.37 1.02 41.72 183.46 2388.15 8070.6 9.3005 0.02 333 2223 100.0 15.02 8.973
242 66 0.0001 0.0011 100.0 518.67 642.81 1587.28 1401.16 14.62 21.61 554.25 2388.02 9064.79 1.3 47.09 522.31 2388.03 8143.33 8.4152 0.03 392 2388 100.0 38.93 23.3921
242 67 35.0072 0.84 100.0 449.44 555.26 1359.81 1121.72 5.48 8.0 194.91 2223.03 8350.82 1.02 41.75 183.16 2388.08 8070.8 9.293 0.02 333 2223 100.0 14.9 9.0214
242 68 0.001 0.0 100.0 518.67 642.5 1585.99 1398.33 14.62 21.61 553.89 2388.03 9068.23 1.3 47.3 522.07 2388.03 8143.27 8.4265 0.03 392 2388 100.0 38.94 23.401
242 69 24.9999 0.6209 60.0 462.54 536.93 1260.84 1041.75 7.05 9.03 175.93 1915.41 8013.45 0.94 36.63 165.01 2028.35 7879.63 10.8543 0.02 306 1915 84.93 14.33 8.6457
242 70 35.0054 0.8416 100.0 449.44 554.83 1365.41 1122.48 5.48 8.0 194.22 2223.02 8343.53 1.02 41.68 182.89 2388.12 8070.55 9.2937 0.02 332 2223 100.0 14.77 8.9737
242 71 0.0009 0.0002 100.0 518.67 642.7 1592.28 1396.05 14.62 21.61 554.62 2388.01 9061.26 1.3 47.37 522.15 2387.99 8140.41 8.3923 0.03 391 2388 100.0 38.82 23.3774
242 72 24.999 0.6209 60.0 462.54 536.44 1255.33 1040.74 7.05 9.03 175.21 1915.44 8019.32 0.94 36.73 164.07 2028.33 7881.71 10.8997 0.02 307 1915 84.93 14.3 8.6113
242 73 35.0042 0.8403 100.0 449.44 555.85 1357.64 1122.99 5.48 8.0 194.44 2223.03 8357.92 1.02 41.61 183.05 2388.11 8070.86 9.3022 0.02 333 2223 100.0 14.92 8.9136
242 74 0.002 0.0 100.0 518.67 641.85 1582.69 1401.01 14.62 21.61 554.22 2388.05 9053.53 1.3 47.18 522.25 2388.02 8140.92 8.3981 0.03 392 2388 100.0 38.96 23.3069
242 75 25.0023 0.62 60.0 462.54 536.55 1257.77 1039.95 7.05 9.02 175.18 1915.39 8005.3 0.94 36.46 164.64 2028.31 7876.24 10.8679 0.02 306 1915 84.93 14.35 8.5546
242 76 42.0025 0.8414 100.0 445.0 548.93 1347.59 1123.89 3.91 5.71 138.63 2212.06 8332.34 1.02 41.96 131.15 2388.13 8090.82 9.3202 0.02 330 2212 100.0 10.67 6.2996
242 77 0.001 0.0002 100.0 518.67 642.33 1585.4 1393.45 14.62 21.61 553.96 2388.03 9061.15 1.3 47.35 522.19 2388.02 8145.52 8.4219 0.03 391 2388 100.0 38.86 23.4469
242 78 42.0079 0.8407 100.0 445.0 548.96 1359.19 1117.61 3.91 5.72 139.32 2212.01 8322.7 1.02 41.92 130.57 2388.17 8093.7 9.3173 0.02 331 2212 100.0 10.59 6.376
242 79 42.0048 0.84 100.0 445.0 549.44 1347.95 1114.93 3.91 5.72 139.25 2212.0 8320.46 1.02 41.91 130.72 2388.08 8093.7 9.3682 0.02 329 2212 100.0 10.56 6.3317
242 80 34.9984 0.84 100.0 449.44 555.05 1368.11 1126.45 5.48 8.0 195.26 2223.03 8353.94 1.02 41.66 183.83 2388.11 8073.07 9.2944 0.02 333 2223 100.0 14.84 8.9363
242 81 0.001 0.0 100.0 518.67 641.78 1581.91 1400.82 14.62 21.61 554.23 2388.02 9055.48 1.3 47.25 522.39 2387.99 8137.98 8.4077 0.03 391 2388 100.0 38.97 23.3844
242 82 42.0075 0.8404 100.0 445.0 549.43 1353.44 1130.74 3.91 5.72 139.17 2212.0 8325.09 1.02 42.0 131.32 2388.11 8091.17 9.3318 0.02 331 2212 100.0 10.7 6.4064
242 83 35.0066 0.8412 100.0 449.44 555.56 1363.41 1120.85 5.48 8.0 194.14 2223.11 8350.56 1.02 41.7 183.02 2388.18 8070.84 9.2828 0.02 334 2223 100.0 14.89 8.9866
242 84 0.0021 0.0005 100.0 518.67 642.75 1588.41 1398.72 14.62 21.61 553.36 2388.0 9058.27 1.3 47.4 521.89 2388.02 8149.19 8.3994 0.03 391 2388 100.0 38.82 23.3928
242 85 20.0055 0.7002 100.0 491.19 607.34 1472.65 1244.05 9.35 13.65 335.65 2323.98 8731.81 1.08 44.15 315.48 2388.08 8063.8 9.1864 0.02 363 2324 100.0 24.48 14.7768
242 86 20.0006 0.7004 100.0 491.19 606.95 1475.39 1237.6 9.35 13.65 334.29 2323.94 8731.22 1.08 44.16 315.15 2388.08 8067.93 9.1953 0.02 363 2324 100.0 24.64 14.6351
242 87 42.0 0.8404 100.0 445.0 548.88 1349.93 1129.19 3.91 5.71 139.16 2212.04 8322.68 1.02 42.0 131.3 2388.13 8084.42 9.3663 0.02 330 2212 100.0 10.64 6.3826
242 88 20.0051 0.7012 100.0 491.19 607.04 1473.94 1244.89 9.35 13.66 334.68 2323.99 8729.53 1.08 44.16 315.57 2388.05 8066.14 9.2153 0.02 363 2324 100.0 24.62 14.7709
242 89 10.0066 0.2516 100.0 489.05 604.95 1496.89 1299.1 10.52 15.49 395.18 2318.87 8786.88 1.26 45.23 372.06 2388.08 8135.29 8.6581 0.03 370 2319 100.0 28.42 17.2138
242 90 25.0002 0.6205 60.0 462.54 536.76 1262.75 1040.99 7.05 9.03 176.01 1915.4 8014.27 0.94 36.63 164.24 2028.34 7882.31 10.91 0.02 307 1915 84.93 14.47 8.5657
242 91 10.0008 0.25 100.0 489.05 604.81 1496.89 1302.92 10.52 15.49 394.99 2318.83 8782.44 1.26 45.38 371.81 2388.06 8134.37 8.6297 0.03 368 2319 100.0 28.8 17.1837
242 92 19.9981 0.7 100.0 491.19 607.1 1481.33 1239.03 9.35 13.65 334.89 2323.97 8732.54 1.08 44.15 315.46 2388.06 8064.99 9.2135 0.02 366 2324 100.0 24.53 14.7409
242 93 9.9994 0.2503 100.0 489.05 605.14 1498.95 1308.72 10.52 15.49 394.31 2318.88 8779.61 1.26 45.09 372.34 2388.05 8133.52 8.6087 0.03 369 2319 100.0 28.73 17.2917
242 94 35.0028 0.84 100.0 449.44 555.34 1362.62 1118.85 5.48 8.0 195.01 2223.05 8353.34 1.02 41.71 183.47 2388.12 8069.47 9.318 0.02 333 2223 100.0 14.98 9.069
242 95 42.0049 0.84 100.0 445.0 549.34 1357.95 1117.43 3.91 5.72 138.7 2212.0 8334.62 1.02 41.94 130.83 2388.09 8091.62 9.37 0.02 329 2212 100.0 10.67 6.3705
242 96 0.0026 0.0 100.0 518.67 642.53 1583.54 1407.49 14.62 21.61 554.72 2388.06 9057.64 1.3 47.16 522.9 2387.99 8142.47 8.4025 0.03 391 2388 100.0 39.08 23.3688
242 97 25.0023 0.6209 60.0 462.54 536.32 1262.3 1045.9 7.05 9.02 175.6 1915.42 8014.58 0.94 36.48 165.01 2028.34 7882.04 10.8485 0.02 307 1915 84.93 14.34 8.591
242 98 0.003 0.0016 100.0 518.67 641.99 1585.85 1398.06 14.62 21.61 554.86 2388.03 9056.9 1.3 47.36 522.09 2388.03 8141.93 8.4154 0.03 393 2388 100.0 38.79 23.3372
242 99 10.0071 0.2507 100.0 489.05 604.61 1493.89 1308.89 10.52 15.49 394.37 2318.87 8788.98 1.26 45.2 372.19 2388.11 8134.18 8.6425 0.03 368 2319 100.0 28.27 17.1627
242 100 42.0031 0.84 100.0 445.0 549.49 1354.26 1121.2 3.91 5.72 138.87 2212.02 8327.02 1.02 42.0 130.92 2388.1 8083.72 9.3255 0.02 331 2212 100.0 10.63 6.3966
242 101 35.0014 0.8406 100.0 449.44 555.59 1357.45 1122.51 5.48 8.0 194.74 2223.07 8352.9 1.02 41.78 183.13 2388.16 8079.09 9.2814 0.02 334 2223 100.0 15.06 8.8878
242 102 42.0015 0.84 100.0 445.0 549.61 1353.5 1120.78 3.91 5.71 139.62 2212.01 8316.88 1.02 41.89 131.28 2388.04 8086.51 9.3631 0.02 331 2212 100.0 10.47 6.2981
242 103 10.0011 0.25 100.0 489.05 603.84 1496.91 1311.06 10.52 15.49 394.55 2318.87 8775.37 1.26 45.22 371.94 2388.12 8130.83 8.6022 0.03 368 2319 100.0 28.55 17.1582
242 104 0.002 0.0002 100.0 518.67 643.16 1587.18 1412.84 14.62 21.61 554.18 2388.12 9062.95 1.3 47.27 521.6 2388.05 8142.66 8.4235 0.03 390 2388 100.0 38.94 23.2834
242 105 42.0025 0.84 100.0 445.0 549.45 1349.92 1122.37 3.91 5.71 138.68 2211.98 8321.1 1.02 41.85 130.37 2388.02 8091.93 9.3245 0.02 331 2212 100.0 10.6 6.3165
242 106 41.9989 0.84 100.0 445.0 549.71 1350.45 1116.53 3.91 5.72 138.45 2211.99 8328.07 1.02 41.85 130.83 2388.06 8086.37 9.3181 0.02 330 2212 100.0 10.59 6.3555
242 107 25.0033 0.6206 60.0 462.54 536.43 1262.61 1054.77 7.05 9.03 175.09 1915.38 8013.32 0.94 36.52 164.77 2028.29 7875.37 10.8594 0.02 306 1915 84.93 14.36 8.7231
242 108 35.0043 0.84 100.0 449.44 555.9 1364.27 1135.84 5.48 8.0 195.19 2223.0 8356.27 1.02 41.66 182.95 2388.12 8072.68 9.2971 0.02 334 2223 100.0 14.85 8.8533
242 109 25.0038 0.62 60.0 462.54 536.4 1262.06 1054.95 7.05 9.03 175.61 1915.43 8017.04 0.94 36.54 164.67 2028.36 7880.54 10.8588 0.02 306 1915 84.93 14.39 8.5563
242 110 0.0028 0.0019 100.0 518.67 642.49 1591.5 1401.32 14.62 21.61 554.44 2388.1 9052.77 1.3 47.37 522.0 2388.03 8143.26 8.4089 0.03 392 2388 100.0 38.9 23.3837
242 111 10.0013 0.2519 100.0 489.05 604.46 1501.19 1307.96 10.52 15.49 394.61 2318.91 8789.53 1.26 45.52 371.98 2388.04 8137.1 8.6456 0.03 369 2319 100.0 28.5 17.2571
242 112 0.0017 0.0019 100.0 518.67 642.18 1586.85 1403.26 14.62 21.61 553.69 2388.05 9055.78 1.3 47.54 522.73 2388.08 8143.55 8.4354 0.03 392 2388 100.0 38.99 23.4314
242 113 42.0009 0.84 100.0 445.0 549.25 1355.76 1129.28 3.91 5.72 138.26 2212.02 8319.19 1.02 41.85 130.79 2388.11 8088.62 9.3773 0.02 331 2212 100.0 10.39 6.3063
242 114 35.0026 0.8401 100.0 449.44 555.55 1365.05 1124.97 5.48 8.0 194.75 2222.97 8357.69 1.02 41.95 183.28 2388.12 8069.97 9.3321 0.02 335 2223 100.0 14.68 8.8415
242 115 42.0023 0.8414 100.0 445.0 549.99 1352.87 1126.84 3.91 5.71 139.11 2211.99 8316.98 1.02 41.99 130.71 2388.09 8086.39 9.3202 0.02 331 2212 100.0 10.54 6.3904
242 116 0.0021 0.0004 100.0 518.67 642.46 1579.8 1399.47 14.62 21.61 553.56 2388.09 9060.09 1.3 47.36 521.91 2388.11 8142.99 8.3809 0.03 392 2388 100.0 38.73 23.247
242 117 35.0011 0.84 100.0 449.44 555.26 1367.11 1119.66 5.48 8.0 195.04 2222.99 8356.11 1.02 41.87 183.28 2388.09 8071.82 9.291 0.02 332 2223 100.0 14.62 8.9738
242 118 35.0014 0.84 100.0 449.44 555.28 1362.2 1130.37 5.48 8.0 195.31 2223.11 8355.77 1.02 41.85 182.99 2388.13 8075.39 9.2865 0.02 333 2223 100.0 14.71 8.9739
242 119 25.002 0.6203 60.0 462.54 537.01 1260.48 1045.88 7.05 9.03 176.25 1915.41 8009.44 0.94 36.62 165.09 2028.34 7874.9 10.8801 0.02 306 1915 84.93 14.23 8.6865
242 120 35.0008 0.8405 100.0 449.44 555.44 1359.97 1127.47 5.48 8.0 194.96 2223.05 8351.78 1.02 41.74 183.33 2388.18 8071.73 9.2927 0.02 334 2223 100.0 14.92 8.9158
242 121 25.006 0.6203 60.0 462.54 536.78 1255.14 1041.23 7.05 9.03 175.29 1915.43 8015.86 0.94 36.69 164.67 2028.29 7880.78 10.8789 0.02 308 1915 84.93 14.52 8.5196
242 122 24.9993 0.6213 60.0 462.54 537.24 1261.68 1045.55 7.05 9.02 175.3 1915.43 8014.36 0.94 36.57 164.59 2028.26 7882.64 10.906 0.02 306 1915 84.93 14.41 8.6189
242 123 19.9992 0.7 100.0 491.19 607.56 1487.54 1247.36 9.35 13.65 334.67 2323.96 8722.21 1.08 44.3 315.61 2388.13 8063.81 9.2519 0.02 367 2324 100.0 24.51 14.6451
242 124 41.9981 0.84 100.0 445.0 549.31 1347.81 1132.16 3.91 5.72 138.28 2212.01 8323.48 1.02 42.0 130.83 2388.06 8090.45 9.3323 0.02 330 2212 100.0 10.7 6.3317
242 125 42.008 0.8412 100.0 445.0 549.85 1354.45 1125.23 3.91 5.71 138.6 2212.01 8323.35 1.02 41.95 130.84 2388.02 8084.8 9.3544 0.02 330 2212 100.0 10.55 6.3543
242 126 20.0038 0.7002 100.0 491.19 607.21 1478.78 1245.62 9.35 13.66 335.13 2324.0 8727.34 1.08 44.54 315.49 2388.1 8067.65 9.2067 0.02 365 2324 100.0 24.58 14.7368
242 127 42.0078 0.8412 100.0 445.0 549.33 1353.95 1119.83 3.91 5.72 138.98 2212.01 8322.97 1.02 41.86 130.58 2388.07 8087.82 9.348 0.02 330 2212 100.0 10.63 6.3506
242 128 25.0039 0.6209 60.0 462.54 537.27 1255.01 1042.48 7.05 9.03 175.6 1915.39 8011.35 0.94 36.71 165.14 2028.33 7873.35 10.9042 0.02 307 1915 84.93 14.35 8.6005
242 129 35.0049 0.84 100.0 449.44 555.48 1358.53 1132.24 5.48 8.0 195.68 2222.97 8355.5 1.02 41.93 183.17 2388.12 8071.13 9.2829 0.02 333 2223 100.0 14.8 8.9566
242 130 41.9995 0.8412 100.0 445.0 549.58 1357.34 1125.94 3.91 5.71 138.92 2211.98 8332.03 1.02 41.89 130.36 2388.1 8092.12 9.3747 0.02 329 2212 100.0 10.52 6.4167
242 131 20.0009 0.7 100.0 491.19 607.44 1483.78 1256.39 9.35 13.66 334.97 2323.97 8728.88 1.08 44.32 314.76 2388.09 8065.58 9.2079 0.02 366 2324 100.0 24.54 14.6967
242 132 42.0023 0.84 100.0 445.0 549.35 1347.73 1121.47 3.91 5.71 138.61 2211.97 8325.27 1.02 41.99 131.05 2388.06 8083.75 9.3267 0.02 331 2212 100.0 10.5 6.3331
242 133 10.0072 0.25 100.0 489.05 604.55 1503.29 1310.96 10.52 15.49 394.69 2318.92 8779.85 1.26 45.39 371.38 2388.12 8133.61 8.6229 0.03 368 2319 100.0 28.66 17.1892
242 134 10.0003 0.2513 100.0 489.05 604.82 1507.27 1301.58 10.52 15.49 394.23 2318.89 8784.32 1.26 45.24 372.2 2388.09 8138.55 8.6305 0.03 369 2319 100.0 28.8 17.2153
242 135 10.003 0.2512 100.0 489.05 605.35 1499.26 1308.15 10.52 15.49 394.72 2318.92 8789.04 1.26 45.34 371.74 2388.04 8128.27 8.6759 0.03 370 2319 100.0 28.61 17.1362
242 136 25.0049 0.62 60.0 462.54 536.81 1256.53 1047.0 7.05 9.03 174.84 1915.4 8014.18 0.94 36.89 164.6 2028.33 7878.94 10.9246 0.02 307 1915 84.93 14.33 8.504
242 137 34.9989 0.8418 100.0 449.44 555.41 1361.68 1130.27 5.48 8.0 194.18 2223.05 8354.96 1.02 41.83 183.46 2388.1 8065.39 9.3221 0.02 334 2223 100.0 14.84 8.9647
242 138 10.0074 0.2508 100.0 489.05 605.23 1501.88 1307.08 10.52 15.49 394.67 2318.92 8772.27 1.26 45.41 371.61 2388.13 8134.92 8.5978 0.03 369 2319 100.0 28.57 17.0904
242 139 10.0022 0.2519 100.0 489.05 604.85 1500.62 1314.8 10.52 15.49 394.37 2318.91 8786.51 1.26 45.64 371.53 2388.05 8137.44 8.6422 0.03 370 2319 100.0 28.55 17.2601
242 140 35.0018 0.84 100.0 449.44 555.73 1371.71 1133.76 5.48 8.0 194.23 2223.0 8354.78 1.02 42.0 183.28 2388.11 8067.63 9.3314 0.02 334 2223 100.0 14.97 8.9178
242 141 20.0072 0.7008 100.0 491.19 607.79 1477.8 1250.73 9.35 13.65 334.89 2323.96 8725.23 1.08 44.39 315.49 2388.15 8059.85 9.2094 0.02 365 2324 100.0 24.59 14.809
242 142 25.0065 0.62 60.0 462.54 536.86 1261.43 1050.52 7.05 9.02 175.17 1915.35 8019.33 0.94 36.77 164.98 2028.29 7880.04 10.8959 0.02 308 1915 84.93 14.2 8.6028
242 143 41.9994 0.84 100.0 445.0 549.8 1355.64 1118.54 3.91 5.71 138.6 2211.99 8323.7 1.02 42.17 130.57 2388.03 8087.44 9.3568 0.02 331 2212 100.0 10.54 6.402
242 144 42.0058 0.8414 100.0 445.0 549.42 1349.97 1120.35 3.91 5.72 139.08 2211.95 8317.3 1.02 42.04 130.17 2388.02 8085.3 9.3759 0.02 329 2212 100.0 10.69 6.3682
242 145 0.0028 0.0 100.0 518.67 642.94 1592.08 1400.78 14.62 21.61 553.71 2388.08 9054.26 1.3 47.51 521.76 2388.06 8141.08 8.447 0.03 393 2388 100.0 38.77 23.3554
242 146 25.0078 0.62 60.0 462.54 536.22 1261.44 1053.7 7.05 9.02 175.21 1915.42 8011.68 0.94 36.69 164.48 2028.27 7877.29 10.9112 0.02 309 1915 84.93 14.22 8.5966
242 147 10.0053 0.25 100.0 489.05 605.26 1494.67 1308.76 10.52 15.49 394.65 2318.99 8781.39 1.26 45.33 371.58 2388.15 8133.69 8.652 0.03 368 2319 100.0 28.59 17.1443
242 148 35.0051 0.84 100.0 449.44 555.44 1356.1 1133.51 5.48 8.0 194.6 2223.08 8358.48 1.02 41.92 182.8 2388.13 8067.0 9.3404 0.02 334 2223 100.0 14.84 8.8112
242 149 0.0011 0.0017 100.0 518.67 642.51 1585.38 1408.92 14.62 21.61 553.64 2388.06 9053.85 1.3 47.51 522.05 2388.06 8139.62 8.4303 0.03 395 2388 100.0 39.04 23.2481
242 150 34.9998 0.8403 100.0 449.44 556.02 1358.97 1138.45 5.48 8.0 194.48 2222.94 8354.53 1.02 42.02 183.01 2388.05 8065.23 9.3286 0.02 335 2223 100.0 14.89 8.9908
242 151 0.0027 0.0 100.0 518.67 642.71 1587.13 1409.45 14.62 21.61 552.86 2388.12 9059.48 1.3 47.41 521.48 2388.11 8139.16 8.4495 0.03 394 2388 100.0 38.97 23.3772
242 152 25.0009 0.6215 60.0 462.54 536.28 1268.75 1049.85 7.05 9.03 175.53 1915.38 8009.43 0.94 36.78 164.95 2028.31 7879.66 10.9192 0.02 306 1915 84.93 14.36 8.5228
242 153 10.0023 0.2519 100.0 489.05 604.85 1502.9 1308.3 10.52 15.49 395.38 2318.92 8780.42 1.26 45.48 371.58 2388.16 8136.81 8.6583 0.03 369 2319 100.0 28.66 17.1231
242 154 20.0024 0.7004 100.0 491.19 607.19 1483.72 1251.84 9.35 13.66 334.22 2323.95 8718.77 1.08 44.57 315.02 2388.07 8063.8 9.209 0.02 367 2324 100.0 24.73 14.6131
242 155 42.0074 0.84 100.0 445.0 550.07 1354.69 1123.09 3.91 5.71 138.21 2211.89 8314.92 1.02 42.02 130.46 2387.98 8087.66 9.3496 0.02 331 2212 100.0 10.61 6.3003
242 156 0.0026 0.0002 100.0 518.67 642.51 1590.82 1404.99 14.62 21.61 553.81 2388.04 9059.62 1.3 47.56 521.14 2388.12 8140.4 8.4364 0.03 393 2388 100.0 38.91 23.2794
242 157 10.0035 0.2505 100.0 489.05 605.0 1500.48 1312.0 10.52 15.49 394.08 2318.95 8786.58 1.26 45.44 371.58 2388.16 8136.47 8.6487 0.03 371 2319 100.0 28.72 17.0294
242 158 34.9988 0.8411 100.0 449.44 555.98 1365.69 1136.6 5.48 8.0 193.95 2222.98 8349.3 1.02 42.03 183.57 2388.12 8072.17 9.347 0.02 333 2223 100.0 14.9 8.8132
242 159 25.007 0.62 60.0 462.54 537.03 1271.58 1054.41 7.05 9.02 175.09 1915.41 8018.81 0.94 36.74 164.41 2028.24 7877.26 10.957 0.02 307 1915 84.93 14.33 8.557
242 160 41.9991 0.84 100.0 445.0 549.71 1353.65 1125.96 3.91 5.72 138.65 2211.94 8324.94 1.02 41.97 130.44 2388.03 8085.33 9.3523 0.02 332 2212 100.0 10.57 6.3505
242 161 42.0022 0.8408 100.0 445.0 549.6 1350.84 1128.28 3.91 5.72 138.34 2211.86 8323.07 1.02 42.19 130.66 2387.94 8092.44 9.3468 0.02 331 2212 100.0 10.63 6.2756
242 162 25.0049 0.6218 60.0 462.54 536.66 1257.41 1049.87 7.05 9.03 175.76 1915.42 8020.24 0.94 36.59 164.93 2028.27 7874.81 10.9247 0.02 307 1915 84.93 13.99 8.6001
242 163 0.0009 0.0003 100.0 518.67 643.15 1593.85 1406.37 14.62 21.61 552.55 2388.1 9064.82 1.3 47.69 521.6 2388.1 8137.8 8.432 0.03 394 2388 100.0 38.92 23.3666
242 164 34.9994 0.84 100.0 449.44 555.84 1367.8 1133.52 5.48 8.0 195.28 2222.96 8346.61 1.02 42.11 183.12 2388.03 8064.99 9.3292 0.02 335 2223 100.0 14.82 8.9569
242 165 20.0036 0.7 100.0 491.19 607.7 1483.34 1255.56 9.35 13.66 333.88 2324.05 8730.25 1.08 44.43 315.13 2388.14 8060.62 9.2416 0.02 364 2324 100.0 24.45 14.7068
242 166 0.0027 0.0 100.0 518.67 643.12 1591.52 1403.06 14.62 21.61 553.75 2388.11 9059.31 1.3 47.6 521.27 2388.05 8134.98 8.4427 0.03 393 2388 100.0 38.81 23.2868
242 167 42.0001 0.84 100.0 445.0 549.34 1358.75 1135.5 3.91 5.71 138.24 2211.9 8326.31 1.02 42.09 130.89 2387.97 8089.12 9.3797 0.02 332 2212 100.0 10.73 6.3597
242 168 25.0014 0.6201 60.0 462.54 536.82 1267.17 1053.84 7.05 9.03 175.38 1915.4 8017.77 0.94 36.77 164.51 2028.27 7873.26 10.9548 0.02 307 1915 84.93 14.19 8.5195
242 169 20.0052 0.7006 100.0 491.19 607.22 1486.95 1258.86 9.35 13.66 334.56 2324.04 8733.16 1.08 44.54 314.96 2388.06 8059.32 9.2204 0.02 365 2324 100.0 24.32 14.6705
242 170 42.0023 0.84 100.0 445.0 549.99 1359.83 1138.31 3.91 5.71 138.66 2211.96 8331.33 1.02 41.93 130.6 2388.01 8089.23 9.3405 0.02 331 2212 100.0 10.58 6.3573
242 171 0.002 0.0 100.0 518.67 642.45 1593.1 1409.93 14.62 21.61 552.96 2388.11 9052.11 1.3 47.63 521.26 2388.11 8144.22 8.4426 0.03 392 2388 100.0 38.89 23.3361
242 172 0.0007 0.0 100.0 518.67 642.43 1590.49 1412.4 14.62 21.61 553.5 2388.15 9050.79 1.3 47.52 521.12 2388.14 8137.7 8.4746 0.03 393 2388 100.0 38.78 23.371
242 173 20.0022 0.7 100.0 491.19 607.42 1486.65 1256.6 9.35 13.66 334.12 2323.99 8727.73 1.08 44.76 314.89 2388.2 8059.83 9.2455 0.02 366 2324 100.0 24.33 14.699
242 174 42.0033 0.84 100.0 445.0 550.27 1368.27 1132.05 3.91 5.72 138.29 2211.86 8330.92 1.02 42.09 130.66 2388.01 8084.84 9.385 0.02 331 2212 100.0 10.55 6.2585
242 175 35.0059 0.8408 100.0 449.44 555.94 1368.56 1131.69 5.48 8.0 193.85 2223.03 8349.05 1.02 41.94 182.93 2388.15 8071.12 9.3829 0.02 334 2223 100.0 14.83 8.9902
242 176 42.0058 0.84 100.0 445.0 549.64 1353.14 1125.69 3.91 5.72 138.04 2211.95 8324.96 1.02 42.03 130.66 2387.99 8088.68 9.3712 0.02 332 2212 100.0 10.69 6.2978
242 177 42.0032 0.8401 100.0 445.0 549.48 1359.5 1132.6 3.91 5.71 137.93 2211.84 8329.77 1.02 42.35 130.73 2387.94 8089.17 9.3693 0.02 331 2212 100.0 10.58 6.3591
242 178 42.003 0.84 100.0 445.0 549.64 1353.79 1128.81 3.91 5.72 138.23 2211.82 8324.56 1.02 42.33 130.86 2387.98 8090.34 9.3838 0.02 331 2212 100.0 10.75 6.3412
242 179 25.0036 0.6204 60.0 462.54 536.43 1260.69 1049.88 7.05 9.03 175.94 1915.31 8016.48 0.94 36.91 164.47 2028.26 7872.92 10.9382 0.02 308 1915 84.93 14.26 8.5733
242 180 42.0015 0.8411 100.0 445.0 550.35 1350.46 1127.41 3.91 5.72 138.46 2211.86 8325.95 1.02 42.25 130.24 2387.94 8084.41 9.375 0.02 332 2212 100.0 10.56 6.3951
242 181 25.0063 0.6203 60.0 462.54 536.64 1268.24 1052.64 7.05 9.03 176.04 1915.35 8016.06 0.94 37.07 164.52 2028.2 7874.92 10.9225 0.02 308 1915 84.93 14.14 8.4545
242 182 35.0023 0.8409 100.0 449.44 556.18 1365.12 1133.87 5.48 8.0 193.73 2222.98 8352.32 1.02 42.28 182.38 2388.04 8067.31 9.3706 0.02 335 2223 100.0 14.8 8.8013
242 183 10.0074 0.2506 100.0 489.05 605.42 1510.04 1318.97 10.52 15.5 394.13 2319.0 8780.56 1.26 45.56 370.66 2388.25 8122.17 8.6554 0.03 371 2319 100.0 28.48 17.0326
242 184 0.0028 0.0 100.0 518.67 642.99 1598.54 1418.97 14.62 21.61 552.42 2388.17 9060.44 1.3 47.6 521.03 2388.18 8129.92 8.4335 0.03 394 2388 100.0 38.64 23.2429
242 185 25.0036 0.62 60.0 462.54 536.84 1262.31 1048.02 7.05 9.03 175.22 1915.35 8013.98 0.94 37.14 164.68 2028.2 7874.72 10.9632 0.02 309 1915 84.93 14.32 8.5278
242 186 42.0014 0.84 100.0 445.0 550.02 1366.71 1131.23 3.91 5.72 138.17 2211.86 8322.85 1.02 42.33 130.23 2387.92 8080.61 9.3985 0.02 332 2212 100.0 10.72 6.2995
242 187 41.9987 0.84 100.0 445.0 549.92 1358.68 1133.78 3.91 5.71 139.03 2211.77 8334.8 1.02 42.38 130.27 2387.91 8087.61 9.4424 0.02 331 2212 100.0 10.57 6.3666
242 188 0.0017 0.0002 100.0 518.67 643.05 1590.86 1420.03 14.62 21.61 552.36 2388.09 9057.63 1.3 47.94 520.47 2388.15 8134.08 8.4795 0.03 394 2388 100.0 38.72 23.1906
242 189 20.0074 0.7004 100.0 491.19 608.17 1490.42 1261.21 9.35 13.66 333.89 2324.01 8724.28 1.08 44.5 314.98 2388.17 8059.92 9.2431 0.02 366 2324 100.0 24.37 14.6
242 190 42.0064 0.8402 100.0 445.0 549.79 1363.33 1132.91 3.91 5.71 138.7 2211.84 8324.28 1.02 42.29 129.94 2387.92 8083.66 9.4249 0.02 331 2212 100.0 10.34 6.3975
242 191 10.0062 0.2511 100.0 489.05 604.94 1505.09 1321.11 10.52 15.5 394.08 2319.05 8784.43 1.26 45.74 371.13 2388.23 8131.76 8.7155 0.03 370 2319 100.0 28.35 17.0228
242 192 10.0048 0.25 100.0 489.05 605.1 1511.3 1324.81 10.52 15.5 393.13 2318.99 8784.87 1.26 45.93 370.47 2388.25 8129.29 8.7114 0.03 370 2319 100.0 28.5 16.9934
242 193 0.0001 0.0 100.0 518.67 643.23 1597.92 1409.06 14.62 21.61 552.61 2388.15 9054.93 1.3 47.75 520.33 2388.12 8130.94 8.5111 0.03 394 2388 100.0 38.73 23.265
242 194 35.0064 0.84 100.0 449.44 555.61 1366.4 1131.82 5.48 8.0 194.1 2222.97 8352.1 1.02 42.18 182.97 2388.08 8066.8 9.3759 0.02 334 2223 100.0 14.84 8.8976
242 195 0.0006 0.0 100.0 518.67 642.95 1600.59 1421.1 14.62 21.61 552.67 2388.19 9056.53 1.3 48.04 521.39 2388.17 8128.33 8.5017 0.03 395 2388 100.0 38.44 23.2435
242 196 42.0044 0.8413 100.0 445.0 549.86 1362.1 1131.39 3.91 5.72 138.27 2211.77 8325.61 1.02 42.43 130.48 2387.82 8084.89 9.4322 0.02 331 2212 100.0 10.57 6.4905
242 197 0.0002 0.0011 100.0 518.67 643.05 1592.42 1419.75 14.62 21.61 552.13 2388.26 9058.59 1.3 47.86 520.31 2388.21 8135.18 8.4577 0.03 395 2388 100.0 38.62 23.2573
242 198 25.0001 0.6203 60.0 462.54 537.04 1263.56 1063.29 7.05 9.02 175.32 1915.3 8012.09 0.94 36.94 164.7 2028.2 7875.57 10.962 0.02 309 1915 84.93 14.06 8.5532
242 199 10.0056 0.2507 100.0 489.05 605.15 1505.06 1326.08 10.52 15.49 394.27 2319.06 8789.78 1.26 45.74 371.54 2388.28 8129.26 8.7071 0.03 371 2319 100.0 28.34 16.8968
242 200 0.0004 0.0 100.0 518.67 642.8 1597.28 1420.97 14.62 21.61 552.01 2388.19 9058.24 1.3 47.96 520.21 2388.19 8136.61 8.4666 0.03 396 2388 100.0 38.57 23.1953
242 201 41.9995 0.8402 100.0 445.0 549.94 1369.87 1136.15 3.91 5.72 138.49 2211.7 8320.44 1.02 42.36 130.38 2387.77 8081.43 9.4145 0.02 333 2212 100.0 10.53 6.3463
242 202 10.0005 0.25 100.0 489.05 605.61 1508.32 1321.19 10.52 15.5 393.08 2319.09 8774.59 1.26 45.91 370.65 2388.35 8130.42 8.7363 0.03 373 2319 100.0 28.2 17.1121
242 203 25.0072 0.6201 60.0 462.54 536.6 1268.55 1057.02 7.05 9.03 175.86 1915.31 8012.33 0.94 37.18 164.18 2028.18 7873.94 10.99 0.02 310 1915 84.93 13.99 8.4565
242 204 42.0066 0.8412 100.0 445.0 551.03 1358.71 1136.42 3.91 5.72 137.75 2211.75 8321.51 1.02 42.52 130.09 2387.77 8084.19 9.4186 0.02 333 2212 100.0 10.24 6.3995
242 205 42.003 0.84 100.0 445.0 550.48 1358.72 1138.49 3.91 5.72 138.25 2211.69 8327.61 1.02 42.52 130.16 2387.77 8079.13 9.4096 0.02 332 2212 100.0 10.59 6.3667
242 206 19.9983 0.7 100.0 491.19 608.09 1492.44 1267.51 9.35 13.66 333.61 2324.12 8725.9 1.08 44.79 314.24 2388.25 8060.05 9.2678 0.03 367 2324 100.0 24.23 14.595
242 207 10.0073 0.25 100.0 489.05 605.68 1499.93 1322.44 10.52 15.5 392.87 2319.09 8778.17 1.26 45.93 370.61 2388.38 8124.23 8.746 0.03 372 2319 100.0 28.61 16.9047
242 208 25.0013 0.6202 60.0 462.54 537.68 1268.09 1062.83 7.05 9.03 174.55 1915.31 8006.97 0.94 37.26 164.49 2028.17 7875.41 10.9458 0.02 308 1915 84.93 14.03 8.4724
242 209 24.9988 0.62 60.0 462.54 536.89 1268.17 1067.58 7.05 9.03 174.61 1915.27 8011.56 0.94 37.19 164.28 2028.17 7874.85 10.9806 0.02 310 1915 84.93 14.25 8.4763
242 210 10.0076 0.25 100.0 489.05 605.9 1513.28 1327.65 10.52 15.5 393.34 2319.12 8771.77 1.26 46.16 370.28 2388.36 8124.07 8.7193 0.03 372 2319 100.0 28.11 16.9842
242 211 20.0023 0.702 100.0 491.19 608.31 1490.24 1267.65 9.35 13.66 334.3 2324.07 8729.77 1.08 44.85 314.35 2388.2 8063.44 9.2863 0.03 369 2324 100.0 24.31 14.6718
242 212 20.0043 0.7 100.0 491.19 608.47 1495.96 1262.01 9.35 13.66 333.03 2324.08 8721.88 1.07 44.69 314.0 2388.22 8057.78 9.299 0.03 368 2324 100.0 24.3 14.5476
242 213 0.0002 0.0015 100.0 518.67 644.0 1591.75 1426.33 14.62 21.61 550.95 2388.21 9056.68 1.3 48.06 519.84 2388.27 8132.75 8.5134 0.03 394 2388 100.0 38.69 23.0639
242 214 20.0046 0.7 100.0 491.19 608.36 1494.29 1273.23 9.35 13.66 332.74 2324.09 8723.68 1.07 44.94 313.76 2388.19 8057.27 9.2982 0.03 368 2324 100.0 24.15 14.5344
242 215 20.0021 0.7006 100.0 491.19 608.64 1500.67 1275.01 9.35 13.66 332.76 2324.08 8726.65 1.08 44.9 313.57 2388.28 8054.74 9.3212 0.03 369 2324 100.0 24.33 14.5666
242 216 0.002 0.0001 100.0 518.67 643.37 1606.77 1426.45 14.62 21.61 552.38 2388.26 9059.38 1.3 48.23 519.46 2388.3 8130.36 8.4718 0.03 397 2388 100.0 38.53 23.1288
242 217 20.0056 0.702 100.0 491.19 607.57 1491.86 1267.13 9.35 13.66 333.76 2324.16 8725.43 1.07 45.05 314.13 2388.31 8056.4 9.3473 0.03 368 2324 100.0 24.24 14.6124
242 218 25.0038 0.62 60.0 462.54 536.95 1267.38 1059.55 7.05 9.03 174.55 1915.19 8014.06 0.94 37.16 164.34 2028.08 7870.48 11.0051 0.02 310 1915 84.93 14.44 8.5009
242 219 35.0063 0.84 100.0 449.44 556.11 1368.31 1141.18 5.48 8.0 194.04 2222.87 8349.44 1.02 42.56 182.6 2387.85 8059.63 9.4242 0.02 336 2223 100.0 14.7 8.7858
242 220 20.0009 0.7 100.0 491.19 608.02 1493.36 1276.32 9.35 13.66 333.29 2324.16 8723.1 1.08 45.08 313.56 2388.27 8055.12 9.3434 0.03 367 2324 100.0 24.26 14.4521
242 221 41.9989 0.842 100.0 445.0 550.6 1364.84 1140.68 3.91 5.72 138.27 2211.63 8324.27 1.02 42.76 129.33 2387.71 8072.29 9.4522 0.02 334 2212 100.0 10.32 6.2131
242 222 42.0014 0.8415 100.0 445.0 550.31 1365.93 1141.82 3.91 5.72 138.52 2211.55 8315.02 1.02 42.88 129.5 2387.61 8080.78 9.4858 0.02 334 2212 100.0 10.48 6.2919
