9 1 0.0005 0.0004 100.0 518.67 642.18 1582.99 1396.22 14.62 21.61 554.35 2387.96 9065.59 1.3 47.09 522.34 2387.95 8149.16 8.402 0.03 391 2388 100.0 39.04 23.5349
9 2 0.0001 0.0001 100.0 518.67 641.91 1580.17 1394.7 14.62 21.61 554.85 2387.94 9063.39 1.3 47.12 523.03 2387.98 8148.23 8.4331 0.03 392 2388 100.0 38.97 23.4335
9 3 -0.0009 -0.0003 100.0 518.67 642.5 1587.57 1396.79 14.62 21.61 554.75 2388.03 9057.58 1.3 47.12 522.63 2388.05 8140.94 8.4028 0.03 391 2388 100.0 39.09 23.4296
9 4 -0.0022 0.0001 100.0 518.67 642.04 1584.66 1406.4 14.62 21.61 555.19 2388.0 9061.97 1.3 47.04 522.85 2388.01 8145.41 8.3741 0.03 392 2388 100.0 38.96 23.5159
9 5 -0.0018 -0.0003 100.0 518.67 642.06 1580.0 1400.12 14.62 21.61 554.84 2387.95 9062.05 1.3 47.15 522.51 2387.98 8145.92 8.3664 0.03 390 2388 100.0 39.08 23.45
9 6 0.0009 -0.0005 100.0 518.67 641.84 1589.51 1401.32 14.62 21.61 554.42 2388.01 9062.76 1.3 47.07 522.54 2388.04 8147.93 8.3554 0.03 393 2388 100.0 38.79 23.4186
9 7 -0.0021 -0.0004 100.0 518.67 641.66 1584.33 1400.27 14.62 21.61 553.55 2388.04 9063.1 1.3 47.28 522.57 2388.01 8148.53 8.3917 0.03 392 2388 100.0 39.07 23.4575
9 8 0.0018 0.0 100.0 518.67 641.46 1581.9 1392.49 14.62 21.61 555.66 2388.02 9064.64 1.3 47.37 522.21 2387.94 8145.97 8.4011 0.03 390 2388 100.0 39.27 23.4105
9 9 0.0003 -0.0004 100.0 518.67 641.99 1580.58 1394.58 14.62 21.6 554.88 2388.04 9070.86 1.3 47.2 522.35 2388.04 8148.65 8.3858 0.03 391 2388 100.0 39.03 23.5122
9 10 0.0009 -0.0002 100.0 518.67 641.77 1580.84 1391.62 14.62 21.61 554.37 2388.02 9068.09 1.3 47.21 522.48 2388.03 8142.56 8.4069 0.03 391 2388 100.0 38.9 23.4672
9 11 -0.0012 -0.0004 100.0 518.67 642.33 1581.8 1400.58 14.62 21.61 553.61 2388.0 9067.61 1.3 47.16 522.75 2387.99 8144.65 8.3929 0.03 391 2388 100.0 39.08 23.4228
9 12 -0.0001 -0.0001 100.0 518.67 641.63 1584.2 1402.16 14.62 21.61 554.36 2387.98 9066.29 1.3 47.0 522.56 2388.04 8150.53 8.4091 0.03 392 2388 100.0 38.99 23.4246
9 13 0.003 -0.0003 100.0 518.67 641.97 1589.32 1399.58 14.62 21.61 553.84 2387.99 9062.77 1.3 47.11 522.67 2388.01 8150.97 8.3998 0.03 392 2388 100.0 38.87 23.516
9 14 -0.0022 0.0003 100.0 518.67 642.44 1584.43 1398.28 14.62 21.61 554.68 2387.98 9064.45 1.3 47.26 522.4 2387.97 8141.72 8.4069 0.03 392 2388 100.0 39.01 23.445
9 15 -0.0048 -0.0001 100.0 518.67 641.89 1587.29 1394.71 14.62 21.61 555.01 2388.01 9069.84 1.3 47.11 522.55 2387.94 8145.79 8.376 0.03 392 2388 100.0 39.12 23.4519
9 16 0.0001 0.0005 100.0 518.67 642.18 1587.42 1400.74 14.62 21.61 554.3 2388.04 9066.31 1.3 47.16 523.12 2387.97 8145.13 8.3869 0.03 390 2388 100.0 38.95 23.393
9 17 -0.0043 0.0 100.0 518.67 641.63 1587.14 1395.4 14.62 21.61 554.68 2387.96 9062.97 1.3 47.15 522.69 2387.97 8143.8 8.3998 0.03 392 2388 100.0 39.06 23.3596
9 18 -0.0013 -0.0001 100.0 518.67 641.7 1592.2 1396.41 14.62 21.61 553.78 2388.03 9063.77 1.3 47.06 522.48 2388.0 8144.65 8.4065 0.03 391 2388 100.0 39.04 23.3688
9 19 0.0012 -0.0001 100.0 518.67 641.73 1579.41 1398.7 14.62 21.61 554.76 2388.02 9065.94 1.3 47.2 522.09 2387.96 8146.81 8.4425 0.03 391 2388 100.0 38.95 23.3515
9 20 -0.0023 0.0003 100.0 518.67 642.11 1577.05 1389.2 14.62 21.61 555.07 2387.98 9063.07 1.3 47.31 522.41 2387.96 8145.7 8.4309 0.03 392 2388 100.0 39.09 23.3684
9 21 -0.0016 -0.0004 100.0 518.67 642.03 1579.94 1394.42 14.62 21.61 554.75 2388.08 9065.62 1.3 47.29 522.86 2387.95 8150.07 8.3922 0.03 392 2388 100.0 39.06 23.4057
9 22 -0.0001 -0.0005 100.0 518.67 642.25 1579.87 1399.51 14.62 21.61 554.39 2387.95 9067.21 1.3 47.12 522.11 2388.0 8146.36 8.404 0.03 391 2388 100.0 38.97 23.4904
9 23 0.0015 0.0004 100.0 518.67 641.41 1585.55 1402.96 14.62 21.61 554.57 2388.0 9064.76 1.3 47.24 522.27 2387.98 8147.03 8.3777 0.03 390 2388 100.0 38.89 23.3659
9 24 0.0035 0.0003 100.0 518.67 642.04 1585.23 1394.39 14.62 21.61 553.95 2388.0 9051.59 1.3 47.17 522.36 2388.03 8143.34 8.3681 0.03 389 2388 100.0 39.03 23.3478
9 25 0.0003 0.0001 100.0 518.67 642.2 1585.38 1397.22 14.62 21.61 554.44 2387.96 9067.31 1.3 47.14 522.29 2388.0 8145.8 8.3869 0.03 390 2388 100.0 39.03 23.4795
9 26 0.0021 0.0002 100.0 518.67 642.72 1584.85 1396.74 14.62 21.61 555.45 2388.0 9068.74 1.3 47.15 522.82 2388.07 8150.14 8.3875 0.03 392 2388 100.0 38.94 23.4496
9 27 0.0022 0.0004 100.0 518.67 642.55 1593.03 1395.38 14.62 21.61 554.34 2387.97 9073.71 1.3 47.08 522.77 2387.95 8144.51 8.3595 0.03 392 2388 100.0 39.03 23.4669
9 28 0.001 -0.0001 100.0 518.67 641.88 1582.39 1396.46 14.62 21.61 555.12 2387.95 9064.43 1.3 47.35 522.24 2388.02 8152.92 8.3847 0.03 390 2388 100.0 39.19 23.494
9 29 -0.0009 -0.0005 100.0 518.67 642.17 1578.06 1398.25 14.62 21.61 554.2 2387.99 9067.72 1.3 47.06 522.32 2387.98 8143.39 8.3925 0.03 392 2388 100.0 39.02 23.4314
9 30 0.0022 0.0004 100.0 518.67 641.96 1584.82 1396.4 14.62 21.61 554.62 2387.97 9069.3 1.3 47.17 522.49 2388.01 8150.5 8.4135 0.03 391 2388 100.0 39.08 23.4083
9 31 -0.0001 0.0001 100.0 518.67 642.33 1589.31 1393.67 14.62 21.61 554.49 2387.99 9067.82 1.3 47.08 522.58 2388.01 8143.69 8.4265 0.03 391 2388 100.0 39.13 23.4235
9 32 -0.0018 0.0 100.0 518.67 641.89 1588.4 1390.48 14.62 21.61 554.32 2388.05 9064.15 1.3 47.44 522.74 2387.98 8145.99 8.3919 0.03 391 2388 100.0 38.96 23.4849
9 33 0.0019 0.0004 100.0 518.67 642.02 1585.92 1395.64 14.62 21.6 554.07 2387.98 9067.78 1.3 47.19 522.74 2387.97 8145.74 8.3858 0.03 392 2388 100.0 38.84 23.3714
9 34 -0.0024 0.0004 100.0 518.67 642.09 1588.32 1405.48 14.62 21.61 553.88 2387.98 9053.45 1.3 47.1 522.59 2387.98 8148.6 8.4059 0.03 391 2388 100.0 39.03 23.4291
9 35 0.0016 -0.0001 100.0 518.67 642.02 1589.52 1400.73 14.62 21.61 554.69 2387.98 9066.53 1.3 47.02 522.59 2388.0 8148.51 8.4298 0.03 391 2388 100.0 39.09 23.4587
9 36 -0.0022 -0.0 100.0 518.67 641.85 1582.88 1396.31 14.62 21.61 553.95 2387.98 9068.19 1.3 47.12 522.53 2387.96 8149.0 8.4095 0.03 390 2388 100.0 38.94 23.4388
9 37 -0.0009 -0.0003 100.0 518.67 642.35 1579.77 1397.08 14.62 21.61 553.84 2388.0 9069.05 1.3 47.26 522.19 2388.01 8147.94 8.392 0.03 391 2388 100.0 38.88 23.3842
9 38 -0.0012 0.0002 100.0 518.67 641.74 1590.18 1393.55 14.62 21.61 555.04 2387.96 9061.91 1.3 47.03 521.87 2387.97 8150.74 8.3881 0.03 392 2388 100.0 38.84 23.4311
9 39 0.0009 0.0003 100.0 518.67 642.51 1588.38 1400.47 14.62 21.61 554.35 2387.99 9061.31 1.3 47.2 522.19 2387.96 8155.12 8.3689 0.03 391 2388 100.0 39.09 23.425
9 40 -0.0049 0.0004 100.0 518.67 642.38 1592.26 1393.79 14.62 21.61 554.12 2388.0 9065.3 1.3 47.05 522.1 2387.94 8143.52 8.3714 0.03 391 2388 100.0 39.07 23.4292
9 41 0.0009 -0.0002 100.0 518.67 642.23 1582.98 1392.08 14.62 21.61 554.44 2388.0 9060.49 1.3 47.13 522.4 2388.01 8149.01 8.4108 0.03 392 2388 100.0 39.1 23.3787
9 42 0.0029 0.0003 100.0 518.67 642.19 1582.46 1397.76 14.62 21.61 554.15 2388.03 9065.46 1.3 47.45 521.99 2387.98 8149.6 8.4152 0.03 392 2388 100.0 39.14 23.3315
9 43 -0.0013 -0.0 100.0 518.67 642.21 1583.62 1395.74 14.62 21.6 554.44 2388.0 9062.97 1.3 47.16 522.39 2388.01 8147.63 8.4003 0.03 392 2388 100.0 39.04 23.4445
9 44 0.0008 -0.0005 100.0 518.67 642.03 1576.57 1397.21 14.62 21.61 554.0 2387.97 9065.45 1.3 47.19 522.58 2387.96 8148.19 8.4301 0.03 391 2388 100.0 38.92 23.4561
9 45 -0.0017 0.0002 100.0 518.67 641.91 1578.31 1395.2 14.62 21.61 554.05 2388.01 9064.45 1.3 47.09 522.02 2387.93 8147.52 8.3795 0.03 392 2388 100.0 38.99 23.4097
9 46 0.0003 0.0002 100.0 518.67 642.02 1576.37 1403.72 14.62 21.61 554.78 2387.96 9062.07 1.3 47.24 523.04 2388.03 8143.48 8.4083 0.03 392 2388 100.0 38.85 23.4921
9 47 -0.001 0.0001 100.0 518.67 642.14 1583.6 1401.14 14.62 21.61 554.72 2387.97 9064.76 1.3 47.17 522.58 2388.02 8148.0 8.3744 0.03 390 2388 100.0 38.99 23.4631
9 48 0.0009 0.0001 100.0 518.67 642.36 1586.08 1394.15 14.62 21.61 554.9 2388.01 9070.4 1.3 46.88 523.07 2388.0 8147.3 8.3843 0.03 391 2388 100.0 38.92 23.4633
9 49 0.0016 0.0004 100.0 518.67 642.42 1580.82 1393.84 14.62 21.61 554.33 2388.05 9058.33 1.3 47.23 522.77 2388.0 8145.27 8.3966 0.03 393 2388 100.0 38.98 23.4048
9 50 0.0029 0.0 100.0 518.67 641.95 1585.84 1396.96 14.62 21.61 554.37 2388.02 9066.64 1.3 47.31 523.02 2388.01 8148.66 8.421 0.03 393 2388 100.0 38.99 23.2776
9 51 -0.001 0.0005 100.0 518.67 641.85 1590.61 1394.64 14.62 21.61 554.39 2388.0 9068.63 1.3 47.22 521.79 2387.95 8152.32 8.4122 0.03 391 2388 100.0 39.12 23.3401
9 52 -0.0016 -0.0005 100.0 518.67 641.79 1586.48 1390.75 14.62 21.6 554.92 2388.02 9072.79 1.3 47.26 522.06 2388.01 8147.73 8.3951 0.03 391 2388 100.0 39.09 23.427
9 53 -0.0004 -0.0002 100.0 518.67 641.9 1588.27 1394.15 14.62 21.61 554.88 2387.97 9068.24 1.3 47.09 522.0 2387.99 8141.72 8.3714 0.03 392 2388 100.0 38.99 23.4471
9 54 -0.0022 0.0004 100.0 518.67 642.36 1582.51 1389.74 14.62 21.61 554.28 2388.01 9072.89 1.3 47.23 522.81 2387.98 8151.56 8.3968 0.03 391 2388 100.0 39.09 23.4496
9 55 0.0024 0.0002 100.0 518.67 642.27 1583.8 1400.69 14.62 21.61 554.74 2387.99 9063.78 1.3 47.15 522.81 2388.02 8145.53 8.4109 0.03 391 2388 100.0 39.02 23.3817
9 56 -0.0011 -0.0002 100.0 518.67 642.01 1582.0 1397.74 14.62 21.61 554.13 2388.03 9062.3 1.3 47.18 522.78 2388.0 8146.01 8.4563 0.03 393 2388 100.0 38.92 23.4822
9 57 -0.0016 0.0001 100.0 518.67 642.44 1577.63 1398.72 14.62 21.61 554.86 2388.06 9068.03 1.3 47.12 522.45 2387.99 8146.66 8.3993 0.03 392 2388 100.0 39.05 23.3403
9 58 -0.0028 -0.0005 100.0 518.67 642.62 1585.2 1402.6 14.62 21.61 554.52 2388.05 9060.94 1.3 47.27 522.41 2388.01 8149.06 8.4227 0.03 392 2388 100.0 38.92 23.4016
9 59 -0.003 0.0004 100.0 518.67 642.14 1589.48 1401.5 14.62 21.61 554.46 2388.02 9068.72 1.3 47.06 522.63 2388.04 8151.81 8.4091 0.03 391 2388 100.0 39.11 23.4678
9 60 -0.0024 0.0001 100.0 518.67 642.54 1584.68 1398.98 14.62 21.61 553.98 2388.01 9068.77 1.3 47.33 522.21 2388.0 8147.12 8.4107 0.03 391 2388 100.0 38.93 23.4029
9 61 -0.001 -0.0004 100.0 518.67 642.27 1582.62 1389.95 14.62 21.61 555.0 2388.03 9060.32 1.3 47.18 522.54 2388.01 8152.77 8.4093 0.03 392 2388 100.0 39.01 23.3036
9 62 0.0044 -0.0005 100.0 518.67 642.3 1586.22 1396.13 14.62 21.61 554.45 2388.02 9068.29 1.3 47.34 521.74 2388.04 8150.2 8.3948 0.03 392 2388 100.0 39.05 23.4236
9 63 0.0005 -0.0002 100.0 518.67 642.62 1582.67 1393.77 14.62 21.61 554.42 2388.03 9068.46 1.3 47.19 522.27 2387.89 8150.42 8.4121 0.03 391 2388 100.0 38.95 23.3899
9 64 -0.001 -0.0003 100.0 518.67 641.99 1584.05 1398.39 14.62 21.61 554.98 2387.95 9069.14 1.3 47.18 521.97 2388.02 8147.58 8.3769 0.03 391 2388 100.0 38.96 23.3703
9 65 0.0016 0.0003 100.0 518.67 642.64 1582.06 1400.38 14.62 21.61 554.36 2387.98 9070.65 1.3 47.31 522.63 2387.95 8147.06 8.4003 0.03 391 2388 100.0 39.06 23.3906
9 66 0.0003 -0.0001 100.0 518.67 642.2 1585.41 1394.61 14.62 21.61 554.37 2388.02 9068.65 1.3 47.08 522.31 2388.0 8148.44 8.4314 0.03 392 2388 100.0 39.05 23.387
9 67 0.0017 0.0002 100.0 518.67 641.9 1586.88 1403.17 14.62 21.61 554.07 2388.04 9068.95 1.3 47.2 522.56 2387.95 8151.98 8.4011 0.03 393 2388 100.0 39.05 23.4275
9 68 0.0007 0.0003 100.0 518.67 642.07 1584.94 1399.61 14.62 21.61 554.41 2387.99 9065.31 1.3 47.19 521.7 2387.97 8146.7 8.3892 0.03 391 2388 100.0 38.93 23.4194
9 69 -0.0003 0.0003 100.0 518.67 642.04 1584.82 1392.73 14.62 21.61 554.73 2388.02 9066.51 1.3 47.36 521.99 2387.99 8147.94 8.4043 0.03 392 2388 100.0 38.96 23.3616
9 70 0.0009 -0.0005 100.0 518.67 641.94 1585.09 1398.8 14.62 21.61 553.79 2388.07 9070.96 1.3 47.34 522.29 2387.98 8148.64 8.3855 0.03 391 2388 100.0 39.17 23.4468
9 71 -0.0014 0.0003 100.0 518.67 641.82 1590.96 1407.83 14.62 21.61 554.27 2388.03 9065.51 1.3 47.39 522.06 2388.01 8147.37 8.3736 0.03 391 2388 100.0 38.94 23.3084
9 72 0.0022 -0.0 100.0 518.67 641.85 1577.38 1406.79 14.62 21.6 554.34 2387.98 9071.52 1.3 47.17 522.22 2387.98 8155.36 8.4274 0.03 392 2388 100.0 38.9 23.4287
9 73 0.0 -0.0 100.0 518.67 641.8 1582.66 1399.71 14.62 21.61 554.45 2388.02 9071.69 1.3 47.27 521.68 2387.98 8151.29 8.3972 0.03 392 2388 100.0 38.96 23.3687
9 74 -0.0035 0.0003 100.0 518.67 642.33 1583.15 1400.1 14.62 21.6 554.15 2388.0 9067.25 1.3 47.14 522.13 2387.98 8151.86 8.3887 0.03 392 2388 100.0 38.86 23.5318
9 75 0.0 0.0001 100.0 518.67 642.81 1587.78 1406.51 14.62 21.6 554.04 2388.03 9065.02 1.3 47.26 522.57 2387.94 8149.09 8.3924 0.03 391 2388 100.0 39.01 23.3706
9 76 -0.0018 -0.0003 100.0 518.67 642.01 1574.3 1400.42 14.62 21.61 554.23 2388.03 9068.44 1.3 47.24 522.24 2388.04 8152.8 8.403 0.03 391 2388 100.0 38.77 23.3159
9 77 0.0008 -0.0005 100.0 518.67 642.03 1585.42 1404.25 14.62 21.61 554.24 2387.96 9073.93 1.3 47.2 522.74 2388.03 8153.67 8.4063 0.03 392 2388 100.0 39.03 23.3879
9 78 -0.0005 -0.0001 100.0 518.67 641.81 1586.47 1406.3 14.62 21.61 554.52 2387.99 9068.45 1.3 47.18 522.23 2388.08 8151.19 8.3749 0.03 391 2388 100.0 39.09 23.4532
9 79 -0.0027 -0.0005 100.0 518.67 642.22 1587.87 1392.83 14.62 21.61 554.18 2388.01 9066.73 1.3 47.25 522.58 2387.95 8152.76 8.4097 0.03 390 2388 100.0 39.0 23.4879
9 80 -0.0046 -0.0002 100.0 518.67 641.88 1584.25 1400.68 14.62 21.61 554.89 2387.96 9073.04 1.3 47.33 522.78 2388.01 8156.11 8.4186 0.03 392 2388 100.0 38.99 23.4188
9 81 0.0001 0.0004 100.0 518.67 642.16 1586.42 1399.24 14.62 21.61 554.03 2388.02 9072.77 1.3 47.23 522.25 2388.0 8145.57 8.4188 0.03 392 2388 100.0 38.84 23.4484
9 82 0.001 0.0003 100.0 518.67 642.17 1585.45 1402.04 14.62 21.61 554.26 2387.96 9069.07 1.3 47.26 522.01 2388.0 8155.38 8.4205 0.03 392 2388 100.0 39.13 23.3747
9 83 -0.0021 0.0003 100.0 518.67 641.76 1585.4 1397.5 14.62 21.61 554.15 2387.98 9069.92 1.3 47.17 521.97 2388.0 8150.5 8.4005 0.03 392 2388 100.0 38.83 23.4324
9 84 -0.0008 -0.0002 100.0 518.67 642.1 1583.96 1398.43 14.62 21.6 555.01 2388.01 9065.65 1.3 47.34 522.16 2387.99 8149.19 8.3936 0.03 394 2388 100.0 38.87 23.3995
9 85 -0.0015 -0.0002 100.0 518.67 641.95 1586.76 1400.9 14.62 21.6 553.89 2388.03 9072.14 1.3 47.21 522.73 2387.98 8154.59 8.4401 0.03 393 2388 100.0 39.02 23.3644
9 86 -0.0009 0.0003 100.0 518.67 641.67 1588.86 1403.43 14.62 21.6 553.78 2387.98 9066.2 1.3 47.31 522.22 2387.96 8151.48 8.4162 0.03 392 2388 100.0 39.16 23.4124
9 87 0.0005 0.0004 100.0 518.67 642.34 1591.24 1392.08 14.62 21.61 553.78 2388.03 9067.77 1.3 47.24 522.91 2388.02 8150.58 8.3987 0.03 391 2388 100.0 38.99 23.3438
9 88 -0.0001 -0.0003 100.0 518.67 641.71 1580.37 1398.54 14.62 21.61 553.98 2387.95 9078.18 1.3 47.36 522.2 2387.93 8152.78 8.3972 0.03 392 2388 100.0 38.97 23.4347
9 89 -0.0007 0.0003 100.0 518.67 642.21 1592.17 1399.66 14.62 21.61 554.21 2387.99 9071.3 1.3 47.15 522.37 2387.99 8148.86 8.3678 0.03 392 2388 100.0 39.03 23.3618
9 90 0.0024 0.0003 100.0 518.67 642.44 1584.42 1401.57 14.62 21.61 554.56 2388.04 9073.48 1.3 47.13 522.23 2388.03 8149.62 8.3955 0.03 392 2388 100.0 39.06 23.2989
9 91 0.0008 -0.0003 100.0 518.67 642.05 1579.7 1405.67 14.62 21.61 554.48 2388.04 9074.45 1.3 47.26 522.54 2388.03 8153.95 8.3967 0.03 391 2388 100.0 38.91 23.3828
9 92 -0.0007 0.0 100.0 518.67 642.02 1585.64 1399.92 14.62 21.6 554.41 2387.96 9080.53 1.3 47.36 522.54 2388.03 8152.65 8.3487 0.03 392 2388 100.0 38.97 23.4963
9 93 0.0005 0.0003 100.0 518.67 642.08 1591.47 1405.21 14.62 21.61 553.49 2388.03 9077.37 1.3 47.26 522.51 2387.98 8150.27 8.3908 0.03 390 2388 100.0 38.97 23.4075
9 94 -0.0027 -0.0003 100.0 518.67 642.05 1593.45 1401.46 14.62 21.61 554.6 2387.99 9075.05 1.3 47.41 522.31 2387.98 8155.41 8.3753 0.03 392 2388 100.0 39.13 23.4523
9 95 -0.0017 -0.0003 100.0 518.67 642.38 1585.12 1395.08 14.62 21.61 553.67 2388.02 9074.81 1.3 47.18 522.39 2388.03 8155.83 8.4258 0.03 392 2388 100.0 39.13 23.3849
9 96 0.001 -0.0001 100.0 518.67 642.41 1584.72 1397.68 14.62 21.61 554.18 2387.96 9068.23 1.3 47.35 521.87 2388.01 8152.14 8.4256 0.03 391 2388 100.0 39.03 23.4274
9 97 -0.0021 0.0003 100.0 518.67 642.41 1586.47 1404.15 14.62 21.61 554.51 2387.99 9069.02 1.3 47.3 521.99 2388.03 8154.01 8.387 0.03 391 2388 100.0 39.09 23.3229
9 98 -0.001 0.0005 100.0 518.67 642.75 1586.33 1400.38 14.62 21.61 553.98 2388.02 9069.2 1.3 47.28 522.05 2387.97 8155.49 8.4246 0.03 393 2388 100.0 38.99 23.4708
9 99 -0.0041 0.0002 100.0 518.67 642.39 1583.53 1400.32 14.62 21.61 554.47 2388.04 9082.33 1.3 47.19 522.45 2388.01 8151.13 8.4133 0.03 391 2388 100.0 38.79 23.3398
9 100 -0.0021 0.0003 100.0 518.67 642.24 1589.51 1394.51 14.62 21.61 553.9 2388.01 9079.17 1.3 47.12 522.18 2387.98 8158.78 8.4205 0.03 393 2388 100.0 38.99 23.4565
9 101 0.0033 0.0005 100.0 518.67 642.47 1587.89 1401.94 14.62 21.61 554.71 2388.04 9077.43 1.3 47.33 521.98 2388.06 8151.73 8.4567 0.03 394 2388 100.0 38.99 23.3922
9 102 0.0002 -0.0001 100.0 518.67 642.33 1586.42 1396.58 14.62 21.61 554.31 2387.98 9076.51 1.3 47.3 522.19 2387.96 8161.15 8.3901 0.03 391 2388 100.0 38.94 23.3951
9 103 -0.0011 0.0004 100.0 518.67 641.93 1590.3 1403.32 14.62 21.61 554.04 2387.99 9068.58 1.3 47.2 521.86 2387.99 8158.97 8.4505 0.03 390 2388 100.0 39.06 23.3906
9 104 -0.0008 -0.0003 100.0 518.67 642.35 1588.74 1403.04 14.62 21.61 554.32 2387.99 9076.04 1.3 47.35 522.2 2388.0 8158.55 8.397 0.03 391 2388 100.0 38.9 23.3719
9 105 0.0037 0.0001 100.0 518.67 641.81 1590.74 1399.4 14.62 21.61 554.71 2388.05 9077.35 1.3 47.2 522.21 2387.96 8155.38 8.4489 0.03 393 2388 100.0 39.01 23.4281
9 106 0.0045 0.0003 100.0 518.67 642.68 1590.52 1401.0 14.62 21.61 554.37 2388.02 9078.93 1.3 47.33 522.04 2388.0 8160.08 8.3934 0.03 393 2388 100.0 38.99 23.5181
9 107 -0.0014 0.0002 100.0 518.67 641.9 1582.4 1405.78 14.62 21.61 554.79 2387.98 9065.64 1.3 47.14 522.06 2387.98 8159.11 8.4203 0.03 391 2388 100.0 38.98 23.3048
9 108 -0.0028 0.0002 100.0 518.67 642.46 1582.5 1396.02 14.62 21.6 554.53 2388.02 9082.82 1.3 47.18 522.43 2387.97 8152.65 8.444 0.03 394 2388 100.0 38.83 23.5016
9 109 0.0024 0.0004 100.0 518.67 642.18 1583.91 1406.15 14.62 21.61 554.2 2388.03 9074.04 1.3 47.51 522.14 2388.0 8152.11 8.4282 0.03 392 2388 100.0 38.88 23.4369
9 110 -0.0002 -0.0002 100.0 518.67 642.03 1588.57 1394.19 14.62 21.61 553.57 2387.99 9082.4 1.3 47.19 522.4 2388.01 8156.46 8.3732 0.03 392 2388 100.0 38.88 23.3791
9 111 -0.0005 0.0002 100.0 518.67 642.9 1584.82 1398.69 14.62 21.6 554.72 2388.0 9075.53 1.3 47.03 522.63 2388.03 8161.05 8.3941 0.03 391 2388 100.0 38.94 23.3019
9 112 0.0029 0.0001 100.0 518.67 642.69 1588.48 1403.69 14.62 21.61 554.19 2388.06 9075.18 1.3 47.36 522.39 2387.98 8161.98 8.3856 0.03 393 2388 100.0 38.85 23.3845
9 113 -0.0001 -0.0003 100.0 518.67 642.0 1578.0 1401.6 14.62 21.61 554.66 2388.04 9083.15 1.3 47.18 521.89 2387.96 8160.21 8.4436 0.03 391 2388 100.0 39.0 23.3882
9 114 0.005 -0.0003 100.0 518.67 642.03 1588.62 1399.35 14.62 21.61 554.06 2388.02 9077.51 1.3 47.28 522.36 2388.0 8160.97 8.4107 0.03 393 2388 100.0 38.86 23.3366
9 115 -0.0024 0.0 100.0 518.67 642.6 1584.83 1400.65 14.62 21.61 554.71 2388.01 9079.4 1.3 47.24 521.72 2387.99 8158.25 8.4247 0.03 391 2388 100.0 38.81 23.4275
9 116 0.0025 0.0 100.0 518.67 642.53 1584.24 1386.43 14.62 21.61 553.94 2388.0 9084.13 1.3 47.24 521.82 2388.03 8159.54 8.4003 0.03 394 2388 100.0 38.98 23.3225
9 117 -0.0024 0.0002 100.0 518.67 641.76 1588.65 1402.37 14.62 21.61 554.35 2388.02 9076.57 1.3 47.49 521.9 2387.99 8163.99 8.3758 0.03 393 2388 100.0 39.07 23.3912
9 118 0.0017 -0.0 100.0 518.67 642.31 1588.73 1412.17 14.62 21.61 554.0 2387.97 9086.7 1.3 47.16 522.19 2388.0 8161.35 8.4304 0.03 393 2388 100.0 38.86 23.3916
9 119 -0.0034 -0.0002 100.0 518.67 642.37 1586.73 1397.87 14.62 21.61 554.56 2388.02 9079.72 1.3 47.12 521.91 2388.0 8161.07 8.4293 0.03 393 2388 100.0 38.95 23.4278
9 120 -0.0011 0.0001 100.0 518.67 642.01 1580.71 1394.99 14.62 21.6 554.4 2388.02 9087.44 1.3 47.18 521.88 2388.0 8160.93 8.4111 0.03 394 2388 100.0 38.89 23.4211
9 121 -0.0012 0.0003 100.0 518.67 642.21 1587.72 1398.53 14.62 21.61 554.55 2387.99 9073.08 1.3 47.48 521.92 2388.03 8158.78 8.4736 0.03 393 2388 100.0 39.03 23.2865
9 122 -0.0003 -0.0002 100.0 518.67 642.55 1596.55 1404.44 14.62 21.61 553.64 2388.04 9085.01 1.3 47.22 522.22 2387.99 8161.89 8.4564 0.03 395 2388 100.0 38.92 23.3283
9 123 -0.0013 -0.0002 100.0 518.67 642.56 1597.71 1398.36 14.62 21.61 553.52 2387.98 9082.43 1.3 47.41 522.51 2387.98 8160.55 8.3994 0.03 394 2388 100.0 38.93 23.4026
9 124 -0.0029 0.0003 100.0 518.67 642.42 1588.05 1396.84 14.62 21.61 553.83 2388.02 9086.53 1.3 47.52 521.79 2387.98 8161.35 8.4077 0.03 392 2388 100.0 38.86 23.3782
9 125 -0.0037 -0.0005 100.0 518.67 642.74 1586.93 1402.64 14.62 21.6 554.35 2388.05 9081.28 1.3 47.31 522.01 2388.0 8165.9 8.4323 0.03 392 2388 100.0 38.77 23.4928
9 126 -0.0015 0.0 100.0 518.67 642.68 1583.34 1398.03 14.62 21.61 553.9 2387.98 9080.82 1.3 47.28 521.66 2387.96 8163.95 8.4223 0.03 392 2388 100.0 38.99 23.2663
9 127 -0.0057 0.0004 100.0 518.67 642.36 1588.29 1403.56 14.62 21.61 554.1 2388.04 9084.48 1.3 47.25 522.3 2387.96 8160.31 8.4028 0.03 393 2388 100.0 39.09 23.3348
9 128 -0.0057 0.0001 100.0 518.67 642.43 1589.84 1406.91 14.62 21.61 554.93 2388.03 9086.47 1.3 47.36 521.64 2388.05 8163.24 8.4079 0.03 392 2388 100.0 38.97 23.3642
9 129 -0.0049 0.0 100.0 518.67 642.77 1588.02 1399.03 14.62 21.61 553.8 2387.99 9082.14 1.3 47.4 522.08 2388.02 8169.03 8.4154 0.03 393 2388 100.0 38.85 23.4363
9 130 -0.0014 0.0002 100.0 518.67 642.6 1589.58 1399.16 14.62 21.61 554.4 2387.98 9089.94 1.3 47.37 522.07 2387.98 8172.39 8.408 0.03 393 2388 100.0 39.02 23.4145
9 131 -0.0023 0.0003 100.0 518.67 642.25 1589.06 1395.46 14.62 21.61 553.95 2387.98 9086.07 1.3 47.43 522.04 2388.01 8171.99 8.375 0.03 394 2388 100.0 38.84 23.3274
9 132 0.0034 -0.0004 100.0 518.67 642.15 1593.99 1397.84 14.62 21.61 553.57 2388.04 9082.92 1.3 47.38 522.34 2388.04 8168.49 8.416 0.03 392 2388 100.0 38.87 23.306
9 133 -0.0001 0.0004 100.0 518.67 642.73 1587.86 1406.84 14.62 21.61 554.48 2387.97 9088.3 1.3 47.28 521.8 2387.97 8162.61 8.4072 0.03 392 2388 100.0 39.06 23.2638
9 134 0.0033 -0.0004 100.0 518.67 642.61 1593.65 1408.87 14.62 21.61 553.87 2388.01 9091.7 1.3 47.26 522.42 2388.02 8171.6 8.4193 0.03 391 2388 100.0 38.97 23.3152
9 135 0.0006 -0.0 100.0 518.67 642.26 1594.48 1397.92 14.62 21.61 553.79 2388.05 9093.5 1.3 47.49 522.14 2387.98 8172.74 8.3921 0.03 393 2388 100.0 38.95 23.3671
9 136 -0.0003 0.0003 100.0 518.67 642.57 1588.21 1405.17 14.62 21.61 554.32 2388.03 9093.1 1.3 47.44 521.96 2388.06 8169.7 8.4226 0.03 392 2388 100.0 38.75 23.3723
9 137 -0.0048 -0.0001 100.0 518.67 642.63 1594.85 1404.57 14.62 21.61 554.2 2388.02 9092.35 1.3 47.26 521.37 2387.97 8166.88 8.4244 0.03 392 2388 100.0 38.99 23.3045
9 138 -0.0023 0.0005 100.0 518.67 642.6 1590.0 1401.97 14.62 21.61 554.07 2387.94 9096.42 1.3 47.29 521.83 2387.88 8171.26 8.4119 0.03 391 2388 100.0 38.85 23.4244
9 139 -0.0045 -0.0003 100.0 518.67 642.67 1593.77 1405.55 14.62 21.61 554.29 2388.04 9100.05 1.3 47.16 522.16 2387.96 8174.39 8.4192 0.03 393 2388 100.0 38.8 23.3646
9 140 0.0005 -0.0005 100.0 518.67 642.9 1595.5 1399.53 14.62 21.61 553.82 2388.02 9091.95 1.3 47.37 521.92 2388.03 8169.43 8.4102 0.03 393 2388 100.0 39.06 23.4891
9 141 -0.002 -0.0001 100.0 518.67 642.57 1589.27 1402.76 14.62 21.61 554.32 2387.98 9094.64 1.3 47.29 522.24 2387.96 8171.09 8.4445 0.03 394 2388 100.0 38.95 23.2601
9 142 0.001 -0.0002 100.0 518.67 642.15 1582.78 1403.63 14.62 21.61 554.09 2388.03 9102.75 1.3 47.31 521.54 2388.03 8174.26 8.4111 0.03 394 2388 100.0 38.87 23.2932
9 143 -0.0009 -0.0002 100.0 518.67 642.16 1591.78 1405.24 14.62 21.61 554.33 2388.04 9099.46 1.3 47.43 522.49 2388.03 8175.63 8.4191 0.03 393 2388 100.0 38.86 23.412
9 144 0.0003 -0.0005 100.0 518.67 642.58 1593.66 1405.62 14.62 21.61 553.87 2387.99 9091.19 1.3 47.38 521.85 2388.02 8175.2 8.4566 0.03 391 2388 100.0 38.78 23.2728
9 145 0.0024 -0.0004 100.0 518.67 642.16 1591.9 1399.45 14.62 21.61 554.12 2387.96 9091.96 1.3 47.35 521.85 2388.03 8175.43 8.4392 0.03 392 2388 100.0 38.86 23.2554
9 146 0.0006 -0.0005 100.0 518.67 642.96 1582.97 1405.57 14.62 21.61 553.96 2387.99 9095.13 1.3 47.5 522.19 2387.98 8173.26 8.438 0.03 392 2388 100.0 38.91 23.3391
9 147 0.002 0.0003 100.0 518.67 642.18 1588.5 1404.5 14.62 21.61 554.07 2387.96 9100.27 1.3 47.37 522.08 2387.99 8171.61 8.4109 0.03 394 2388 100.0 38.78 23.3047
9 148 0.0029 -0.0003 100.0 518.67 641.94 1591.11 1400.75 14.62 21.61 553.62 2388.07 9099.55 1.3 47.47 521.9 2388.04 8177.85 8.3997 0.03 393 2388 100.0 38.77 23.3213
9 149 -0.0019 0.0004 100.0 518.67 642.6 1589.07 1401.45 14.62 21.61 554.24 2387.99 9106.83 1.3 47.05 522.38 2388.03 8178.21 8.4184 0.03 392 2388 100.0 38.86 23.3484
9 150 0.0008 0.0004 100.0 518.67 642.32 1594.79 1406.44 14.62 21.61 553.97 2388.04 9102.61 1.3 47.33 521.78 2387.99 8178.9 8.4054 0.03 392 2388 100.0 38.98 23.2999
9 151 -0.0042 -0.0003 100.0 518.67 641.94 1583.76 1407.19 14.62 21.61 553.95 2388.03 9110.49 1.3 47.41 522.21 2387.94 8179.13 8.4205 0.03 393 2388 100.0 39.1 23.3506
9 152 -0.0007 -0.0002 100.0 518.67 642.65 1586.94 1419.46 14.62 21.61 554.41 2388.0 9105.06 1.3 47.56 522.89 2388.0 8182.54 8.4164 0.03 394 2388 100.0 38.89 23.172
9 153 0.0016 0.0001 100.0 518.67 642.2 1589.11 1410.85 14.62 21.61 553.88 2388.01 9109.33 1.3 47.48 521.62 2388.02 8179.42 8.418 0.03 394 2388 100.0 38.86 23.2934
9 154 -0.0013 -0.0004 100.0 518.67 642.66 1593.14 1405.96 14.62 21.61 554.24 2388.02 9102.94 1.3 47.37 521.6 2388.03 8185.48 8.4437 0.03 395 2388 100.0 38.71 23.2834
9 155 0.0008 0.0001 100.0 518.67 642.86 1588.68 1411.51 14.62 21.61 553.61 2388.04 9105.08 1.3 47.46 522.01 2388.03 8182.74 8.4114 0.03 393 2388 100.0 38.89 23.2729
9 156 -0.0 0.0002 100.0 518.67 642.68 1585.05 1404.54 14.62 21.61 554.5 2388.07 9106.52 1.3 47.45 521.33 2388.01 8180.85 8.4406 0.03 394 2388 100.0 38.8 23.3428
9 157 -0.0005 -0.0 100.0 518.67 642.82 1591.95 1401.39 14.62 21.61 554.36 2388.05 9117.58 1.3 47.5 522.01 2388.01 8180.59 8.4341 0.03 393 2388 100.0 38.86 23.2617
9 158 0.003 -0.0004 100.0 518.67 642.61 1594.78 1399.17 14.62 21.6 553.56 2387.97 9116.11 1.3 47.44 521.89 2388.02 8188.3 8.4119 0.03 392 2388 100.0 38.89 23.2962
9 159 0.0005 0.0003 100.0 518.67 642.67 1585.67 1401.96 14.62 21.61 554.01 2388.04 9115.42 1.3 47.41 521.28 2388.01 8185.06 8.4398 0.03 394 2388 100.0 38.72 23.4176
9 160 -0.0026 -0.0003 100.0 518.67 642.47 1588.7 1407.75 14.62 21.61 555.05 2388.02 9116.9 1.3 47.49 521.52 2387.99 8192.76 8.39 0.03 394 2388 100.0 38.64 23.2255
9 161 0.0006 0.0001 100.0 518.67 642.96 1584.58 1412.27 14.62 21.61 554.44 2388.01 9111.74 1.3 47.44 521.51 2388.01 8189.92 8.4236 0.03 393 2388 100.0 38.76 23.2392
9 162 -0.0019 -0.0003 100.0 518.67 642.76 1592.35 1411.12 14.62 21.61 553.91 2388.02 9115.02 1.3 47.65 521.97 2388.02 8194.28 8.4316 0.03 394 2388 100.0 39.0 23.2257
9 163 0.0012 0.0001 100.0 518.67 642.64 1589.33 1411.84 14.62 21.61 553.2 2388.02 9120.72 1.3 47.48 522.05 2388.04 8190.5 8.4667 0.03 393 2388 100.0 38.75 23.282
9 164 0.0041 -0.0001 100.0 518.67 643.05 1596.45 1402.53 14.62 21.61 553.77 2388.08 9122.91 1.3 47.35 522.3 2387.98 8189.68 8.4182 0.03 392 2388 100.0 38.76 23.3422
9 165 -0.0004 0.0001 100.0 518.67 642.56 1595.52 1411.15 14.62 21.61 553.75 2388.03 9131.26 1.3 47.65 521.93 2388.06 8189.52 8.4529 0.03 394 2388 100.0 38.9 23.3964
9 166 0.0015 0.0003 100.0 518.67 642.96 1592.6 1411.1 14.62 21.61 553.73 2387.99 9123.34 1.3 47.58 521.47 2387.99 8194.4 8.4258 0.03 393 2388 100.0 38.89 23.3474
9 167 0.0025 -0.0001 100.0 518.67 642.81 1589.01 1403.24 14.62 21.61 554.35 2388.04 9122.81 1.3 47.51 520.92 2388.09 8197.22 8.4609 0.03 393 2388 100.0 38.8 23.1219
9 168 0.0015 -0.0003 100.0 518.67 642.77 1590.97 1411.1 14.62 21.61 553.62 2387.98 9131.74 1.3 47.51 521.1 2388.05 8194.48 8.4335 0.03 395 2388 100.0 38.8 23.3069
9 169 -0.0033 -0.0002 100.0 518.67 642.83 1594.76 1404.33 14.62 21.61 554.16 2388.03 9128.49 1.3 47.39 521.84 2388.01 8198.27 8.4545 0.03 395 2388 100.0 38.66 23.2603
9 170 0.001 -0.0003 100.0 518.67 642.61 1588.33 1410.55 14.62 21.61 553.2 2388.07 9135.12 1.3 47.69 521.8 2388.14 8209.53 8.4699 0.03 394 2388 100.0 38.8 23.2649
9 171 0.0024 0.0002 100.0 518.67 642.34 1587.08 1418.0 14.62 21.61 552.79 2388.1 9142.03 1.3 47.83 521.36 2388.06 8202.43 8.4846 0.03 393 2388 100.0 39.06 23.2852
9 172 0.0041 0.0004 100.0 518.67 643.07 1593.98 1410.93 14.62 21.61 553.53 2388.01 9133.2 1.3 47.58 521.37 2388.08 8202.5 8.4565 0.03 393 2388 100.0 38.78 23.2069
9 173 -0.0029 -0.0004 100.0 518.67 642.57 1589.82 1403.42 14.62 21.61 553.84 2388.04 9131.44 1.3 47.51 521.43 2388.07 8209.55 8.4393 0.03 394 2388 100.0 38.75 23.2196
9 174 0.0002 0.0001 100.0 518.67 642.57 1595.3 1417.95 14.62 21.61 553.52 2388.05 9143.61 1.3 47.57 520.99 2388.03 8210.34 8.4596 0.03 393 2388 100.0 38.73 23.2271
9 175 0.0023 0.0001 100.0 518.67 642.89 1595.01 1412.09 14.62 21.61 552.79 2388.02 9137.19 1.3 47.45 521.28 2388.05 8207.79 8.4407 0.03 393 2388 100.0 38.79 23.2424
9 176 0.001 -0.0001 100.0 518.67 643.16 1591.56 1408.48 14.62 21.61 553.89 2388.01 9139.98 1.3 47.6 521.38 2388.01 8214.49 8.4672 0.03 395 2388 100.0 38.78 23.2337
9 177 -0.0047 0.0003 100.0 518.67 642.83 1595.84 1408.22 14.62 21.61 553.54 2388.07 9147.59 1.3 47.43 521.46 2388.08 8212.23 8.4358 0.03 396 2388 100.0 38.89 23.186
9 178 -0.0013 -0.0002 100.0 518.67 643.3 1594.77 1407.18 14.62 21.61 552.79 2388.09 9151.39 1.3 47.72 521.66 2388.05 8217.98 8.4521 0.03 394 2388 100.0 38.72 23.3195
9 179 0.0007 0.0003 100.0 518.67 643.01 1600.05 1412.2 14.62 21.61 553.9 2388.09 9156.95 1.3 47.66 521.22 2388.04 8216.9 8.4385 0.03 394 2388 100.0 38.73 23.2207
9 180 -0.0008 0.0002 100.0 518.67 643.05 1594.96 1406.19 14.62 21.61 553.86 2388.05 9155.81 1.3 47.5 521.24 2388.1 8227.97 8.4948 0.03 394 2388 100.0 38.48 23.1341
9 181 -0.0008 -0.0004 100.0 518.67 643.23 1602.99 1417.63 14.62 21.61 553.83 2388.0 9144.98 1.3 47.59 520.87 2388.08 8223.18 8.4468 0.03 395 2388 100.0 38.91 23.1923
9 182 0.0002 -0.0004 100.0 518.67 643.01 1596.98 1416.51 14.62 21.61 552.95 2388.11 9162.89 1.3 47.59 520.88 2388.1 8220.13 8.4763 0.03 395 2388 100.0 38.66 23.1898
9 183 0.0015 0.0004 100.0 518.67 643.07 1590.68 1410.37 14.62 21.61 552.94 2388.09 9167.16 1.3 47.68 521.63 2388.09 8229.79 8.4718 0.03 394 2388 100.0 38.61 23.2067
9 184 -0.0024 -0.0001 100.0 518.67 643.55 1602.59 1415.55 14.62 21.61 553.87 2388.08 9163.47 1.3 47.76 521.04 2388.08 8230.96 8.4605 0.03 395 2388 100.0 38.62 23.1689
9 185 0.002 -0.0004 100.0 518.67 643.2 1601.8 1420.83 14.62 21.61 552.81 2388.07 9162.66 1.3 47.78 521.04 2388.08 8229.33 8.5005 0.03 393 2388 100.0 38.63 23.1598
9 186 -0.0004 0.0 100.0 518.67 643.16 1593.59 1415.44 14.62 21.61 552.4 2388.06 9171.18 1.3 47.66 521.29 2388.05 8238.32 8.4461 0.03 395 2388 100.0 38.71 23.1954
9 187 -0.0022 -0.0 100.0 518.67 643.55 1607.04 1421.69 14.62 21.61 552.45 2388.07 9164.94 1.3 47.67 520.93 2388.08 8237.87 8.4938 0.03 395 2388 100.0 38.79 23.168
9 188 -0.006 0.0003 100.0 518.67 642.83 1601.88 1417.4 14.62 21.61 552.83 2388.13 9171.99 1.3 47.85 520.79 2388.07 8240.06 8.4992 0.03 395 2388 100.0 38.46 23.2898
9 189 0.0025 -0.0002 100.0 518.67 642.84 1596.03 1418.62 14.62 21.61 552.84 2388.04 9178.37 1.3 47.9 521.39 2388.11 8243.94 8.4522 0.03 396 2388 100.0 38.64 23.0994
9 190 -0.0016 0.0002 100.0 518.67 643.73 1595.56 1417.78 14.62 21.61 553.36 2388.12 9188.49 1.3 47.92 520.98 2388.1 8242.41 8.4987 0.03 396 2388 100.0 38.52 23.1614
9 191 -0.0001 -0.0001 100.0 518.67 643.38 1602.92 1423.1 14.62 21.61 552.52 2388.12 9183.92 1.3 47.89 520.79 2388.1 8248.3 8.4932 0.03 395 2388 100.0 38.68 23.2104
9 192 0.0015 0.0004 100.0 518.67 643.23 1598.22 1420.21 14.62 21.61 552.31 2388.15 9189.49 1.3 47.91 520.11 2388.08 8251.76 8.5037 0.03 396 2388 100.0 38.68 23.1819
9 193 -0.0011 -0.0004 100.0 518.67 643.32 1602.15 1427.4 14.62 21.61 552.36 2388.12 9191.59 1.3 47.91 520.78 2388.17 8255.79 8.498 0.03 396 2388 100.0 38.67 23.0226
9 194 -0.0001 -0.0 100.0 518.67 643.13 1599.34 1418.42 14.62 21.61 552.36 2388.16 9207.36 1.3 48.08 521.07 2388.07 8257.19 8.4414 0.03 396 2388 100.0 38.39 23.2319
9 195 0.0007 0.0001 100.0 518.67 642.7 1602.99 1431.01 14.62 21.61 552.15 2388.09 9205.71 1.3 48.04 520.71 2388.13 8262.08 8.4908 0.03 396 2388 100.0 38.54 23.1513
9 196 -0.0018 -0.0001 100.0 518.67 643.24 1597.81 1424.02 14.62 21.61 551.75 2388.12 9199.59 1.3 47.85 520.59 2388.07 8262.57 8.4898 0.03 396 2388 100.0 38.55 23.0542
9 197 0.0006 0.0005 100.0 518.67 643.42 1596.7 1417.01 14.62 21.61 552.63 2388.15 9206.31 1.3 47.94 520.35 2388.09 8266.83 8.5095 0.03 396 2388 100.0 38.51 23.181
9 198 0.0022 -0.0002 100.0 518.67 643.46 1599.45 1433.83 14.62 21.61 552.86 2388.15 9214.62 1.3 47.85 519.86 2388.13 8271.39 8.5206 0.03 397 2388 100.0 38.49 23.1286
9 199 -0.0026 0.0002 100.0 518.67 643.69 1603.7 1429.19 14.62 21.61 551.71 2388.09 9220.88 1.3 47.82 520.5 2388.1 8272.83 8.5282 0.03 396 2388 100.0 38.4 23.0677
9 200 -0.0014 -0.0004 100.0 518.67 643.4 1602.89 1431.95 14.62 21.61 552.29 2388.44 9224.87 1.3 47.98 520.35 2388.44 8279.79 8.4968 0.03 397 2388 100.0 38.43 23.1008
9 201 -0.0016 0.0004 100.0 518.67 644.04 1595.36 1428.43 14.62 21.61 552.3 2388.5 9239.76 1.3 48.11 520.28 2388.56 8289.63 8.5156 0.03 399 2388 100.0 38.45 23.0284
90 1 -0.0013 -0.0004 100.0 518.67 642.34 1584.51 1394.55 14.62 21.61 553.98 2388.08 9056.25 1.3 47.06 521.98 2388.01 8139.65 8.4261 0.03 392 2388 100.0 39.07 23.4068
90 2 0.0002 -0.0004 100.0 518.67 642.33 1589.07 1402.94 14.62 21.61 555.05 2387.98 9062.04 1.3 47.21 522.44 2388.0 8138.44 8.4105 0.03 391 2388 100.0 39.22 23.3356
90 3 0.0019 0.0002 100.0 518.67 641.72 1587.88 1393.65 14.62 21.61 554.24 2388.01 9059.19 1.3 47.13 522.62 2388.04 8141.14 8.4002 0.03 393 2388 100.0 39.01 23.331
90 4 0.0038 0.0002 100.0 518.67 642.22 1585.07 1403.89 14.62 21.61 554.01 2388.04 9060.47 1.3 47.27 522.23 2388.05 8134.55 8.4205 0.03 390 2388 100.0 39.09 23.4409
90 5 0.0014 0.0001 100.0 518.67 641.79 1584.47 1402.97 14.62 21.61 554.4 2388.0 9055.69 1.3 47.1 522.38 2388.01 8134.12 8.423 0.03 391 2388 100.0 39.05 23.4711
90 6 -0.0008 0.0002 100.0 518.67 642.57 1587.95 1395.4 14.62 21.61 554.28 2387.96 9053.33 1.3 47.24 522.11 2388.01 8140.13 8.4162 0.03 392 2388 100.0 38.95 23.409
90 7 0.0013 0.0005 100.0 518.67 642.48 1581.21 1400.42 14.62 21.61 553.48 2387.99 9060.81 1.3 47.25 521.87 2388.0 8136.43 8.3672 0.03 392 2388 100.0 38.94 23.2898
90 8 -0.0015 0.0 100.0 518.67 642.85 1587.27 1402.67 14.62 21.61 554.79 2387.99 9054.87 1.3 47.29 522.3 2387.98 8140.14 8.4237 0.03 392 2388 100.0 39.0 23.4335
90 9 0.0047 0.0001 100.0 518.67 642.14 1580.05 1399.4 14.62 21.61 554.27 2388.02 9048.2 1.3 47.21 522.86 2387.97 8136.46 8.419 0.03 391 2388 100.0 39.16 23.4813
90 10 0.0003 0.0005 100.0 518.67 642.21 1584.76 1391.16 14.62 21.61 553.88 2388.0 9060.54 1.3 47.08 522.19 2388.05 8144.05 8.3768 0.03 391 2388 100.0 38.96 23.3228
90 11 0.0015 -0.0004 100.0 518.67 642.11 1579.96 1395.12 14.62 21.61 554.86 2388.03 9054.53 1.3 47.34 522.04 2387.98 8137.13 8.4079 0.03 392 2388 100.0 39.04 23.447
90 12 -0.0044 0.0005 100.0 518.67 642.02 1586.89 1400.67 14.62 21.61 553.66 2388.04 9063.23 1.3 47.16 522.32 2388.02 8138.4 8.405 0.03 393 2388 100.0 39.12 23.5339
90 13 -0.0005 -0.0003 100.0 518.67 642.74 1586.99 1407.15 14.62 21.61 554.17 2388.01 9046.46 1.3 47.4 522.12 2387.98 8138.22 8.3769 0.03 391 2388 100.0 39.11 23.3122
90 14 -0.0019 -0.0002 100.0 518.67 642.28 1585.37 1400.2 14.62 21.61 554.28 2387.97 9053.03 1.3 47.26 522.01 2388.03 8135.57 8.3701 0.03 391 2388 100.0 39.11 23.4165
90 15 -0.0004 0.0002 100.0 518.67 642.13 1588.19 1392.74 14.62 21.61 554.09 2388.07 9051.9 1.3 47.12 522.32 2388.01 8139.85 8.3911 0.03 392 2388 100.0 39.18 23.527
90 16 -0.0058 -0.0002 100.0 518.67 642.35 1582.18 1403.28 14.62 21.61 554.19 2388.04 9041.77 1.3 47.09 522.5 2388.03 8140.01 8.4098 0.03 391 2388 100.0 39.18 23.3494
90 17 0.0015 0.0005 100.0 518.67 642.5 1584.17 1395.63 14.62 21.61 554.45 2388.03 9055.67 1.3 47.11 522.11 2388.01 8137.73 8.4297 0.03 390 2388 100.0 39.11 23.4676
90 18 0.0004 0.0001 100.0 518.67 642.65 1581.42 1400.43 14.62 21.61 554.28 2387.98 9064.46 1.3 47.3 521.83 2388.01 8136.26 8.4011 0.03 393 2388 100.0 39.12 23.4023
90 19 0.0 -0.0002 100.0 518.67 642.34 1585.95 1402.02 14.62 21.61 554.34 2388.02 9058.31 1.3 47.25 522.21 2388.01 8132.38 8.3823 0.03 391 2388 100.0 39.03 23.3526
90 20 -0.0025 -0.0003 100.0 518.67 641.92 1589.11 1401.89 14.62 21.61 554.68 2388.04 9057.33 1.3 47.11 522.7 2388.05 8140.26 8.4376 0.03 392 2388 100.0 38.98 23.334
90 21 -0.0032 0.0001 100.0 518.67 642.09 1589.21 1397.19 14.62 21.61 553.98 2388.03 9049.64 1.3 47.13 522.34 2388.02 8134.03 8.4033 0.03 392 2388 100.0 38.98 23.4314
90 22 -0.002 -0.0 100.0 518.67 642.42 1585.78 1396.95 14.62 21.6 554.28 2388.03 9056.1 1.3 47.56 522.38 2388.02 8136.66 8.3858 0.03 392 2388 100.0 38.92 23.4472
90 23 0.0022 0.0 100.0 518.67 641.95 1586.65 1400.84 14.62 21.61 553.96 2388.06 9050.37 1.3 47.23 522.72 2388.0 8138.83 8.3966 0.03 392 2388 100.0 39.05 23.3468
90 24 -0.0024 0.0003 100.0 518.67 642.45 1587.39 1399.11 14.62 21.61 554.89 2388.07 9051.17 1.3 47.22 522.53 2388.05 8137.93 8.4304 0.03 391 2388 100.0 38.84 23.4508
90 25 0.0017 -0.0001 100.0 518.67 641.94 1584.47 1401.39 14.62 21.6 554.7 2388.01 9056.21 1.3 47.23 522.27 2387.99 8144.74 8.3865 0.03 391 2388 100.0 39.06 23.4091
90 26 0.0062 0.0002 100.0 518.67 642.08 1593.52 1397.96 14.62 21.61 554.08 2388.01 9056.99 1.3 47.35 522.05 2388.05 8138.6 8.4308 0.03 390 2388 100.0 39.0 23.4212
90 27 0.0028 0.0001 100.0 518.67 641.84 1584.55 1393.48 14.62 21.61 554.86 2387.98 9048.7 1.3 47.11 522.79 2388.08 8139.31 8.3742 0.03 392 2388 100.0 38.93 23.5081
90 28 -0.0023 0.0006 100.0 518.67 642.91 1593.32 1395.81 14.62 21.61 555.02 2388.04 9057.35 1.3 47.23 522.45 2388.05 8146.55 8.4442 0.03 392 2388 100.0 39.17 23.4003
90 29 0.0048 0.0002 100.0 518.67 642.22 1591.19 1396.49 14.62 21.61 554.36 2388.03 9056.36 1.3 47.17 521.97 2388.04 8133.57 8.4096 0.03 391 2388 100.0 39.04 23.4463
90 30 -0.0016 0.0005 100.0 518.67 642.73 1584.91 1397.01 14.62 21.61 554.05 2388.08 9050.43 1.3 47.39 522.19 2388.09 8136.7 8.415 0.03 392 2388 100.0 38.9 23.4607
90 31 -0.0035 0.0001 100.0 518.67 642.61 1589.73 1396.23 14.62 21.61 553.6 2388.02 9055.07 1.3 47.1 522.48 2387.97 8137.21 8.4006 0.03 390 2388 100.0 39.11 23.4237
90 32 -0.0011 0.0001 100.0 518.67 641.62 1588.54 1397.03 14.62 21.61 554.8 2388.02 9053.34 1.3 47.3 522.42 2388.02 8138.4 8.4365 0.03 392 2388 100.0 38.98 23.3424
90 33 0.0024 -0.0004 100.0 518.67 642.45 1585.96 1406.16 14.62 21.61 553.72 2388.06 9050.51 1.3 47.15 522.93 2388.02 8136.01 8.4001 0.03 391 2388 100.0 38.97 23.3694
90 34 -0.0019 -0.0002 100.0 518.67 642.2 1578.13 1398.67 14.62 21.61 554.32 2388.08 9051.32 1.3 47.11 522.55 2388.05 8138.02 8.4001 0.03 392 2388 100.0 39.02 23.4476
90 35 0.0017 -0.0 100.0 518.67 641.99 1579.63 1398.09 14.62 21.61 554.97 2387.96 9062.27 1.3 47.19 521.97 2387.97 8137.2 8.4177 0.03 391 2388 100.0 39.02 23.4238
90 36 -0.0027 -0.0 100.0 518.67 642.5 1588.42 1396.82 14.62 21.61 554.72 2388.0 9053.41 1.3 47.35 521.73 2388.01 8138.5 8.3984 0.03 390 2388 100.0 38.99 23.5126
90 37 0.0021 0.0001 100.0 518.67 642.45 1584.62 1402.89 14.62 21.61 554.55 2388.02 9055.07 1.3 47.15 522.11 2388.01 8143.41 8.4377 0.03 391 2388 100.0 39.05 23.3743
90 38 -0.0017 -0.0002 100.0 518.67 642.55 1578.62 1403.54 14.62 21.61 555.25 2388.02 9057.56 1.3 47.16 521.92 2388.03 8139.67 8.3889 0.03 392 2388 100.0 38.97 23.2776
90 39 -0.001 0.0003 100.0 518.67 642.57 1581.14 1396.09 14.62 21.61 553.56 2387.99 9058.54 1.3 47.09 522.17 2388.04 8134.78 8.4072 0.03 392 2388 100.0 38.94 23.4075
90 40 -0.0033 0.0001 100.0 518.67 642.06 1582.11 1397.58 14.62 21.61 553.88 2388.04 9049.73 1.3 47.09 521.99 2388.04 8129.77 8.438 0.03 391 2388 100.0 38.93 23.4258
90 41 -0.0027 0.0 100.0 518.67 642.91 1590.05 1402.55 14.62 21.61 553.61 2388.03 9061.69 1.3 47.36 522.2 2388.0 8136.4 8.4406 0.03 392 2388 100.0 39.1 23.4689
90 42 -0.0005 0.0 100.0 518.67 642.24 1575.78 1402.82 14.62 21.61 553.98 2387.99 9058.11 1.3 47.23 521.85 2388.03 8138.78 8.4106 0.03 392 2388 100.0 39.03 23.4685
90 43 0.0016 0.0 100.0 518.67 641.98 1592.87 1394.86 14.62 21.61 554.79 2388.0 9051.5 1.3 47.36 522.3 2388.01 8137.91 8.374 0.03 390 2388 100.0 38.93 23.4957
90 44 -0.0023 0.0001 100.0 518.67 642.06 1584.53 1401.08 14.62 21.61 553.85 2387.97 9055.7 1.3 47.44 522.08 2388.03 8144.06 8.3676 0.03 389 2388 100.0 39.05 23.3729
90 45 0.0012 0.0001 100.0 518.67 642.1 1588.57 1395.36 14.62 21.61 553.19 2388.03 9054.57 1.3 47.23 521.95 2388.1 8133.53 8.4314 0.03 391 2388 100.0 39.01 23.3888
90 46 0.0006 -0.0001 100.0 518.67 642.19 1587.09 1397.52 14.62 21.61 554.17 2388.02 9061.61 1.3 47.23 522.44 2388.02 8135.26 8.393 0.03 392 2388 100.0 39.03 23.292
90 47 0.0002 0.0005 100.0 518.67 642.42 1580.04 1404.73 14.62 21.61 554.5 2388.05 9059.06 1.3 47.15 522.17 2387.99 8141.76 8.3911 0.03 391 2388 100.0 38.95 23.3812
90 48 -0.0008 -0.0 100.0 518.67 641.56 1581.43 1392.44 14.62 21.61 554.34 2388.02 9056.14 1.3 47.41 522.45 2388.03 8136.24 8.4207 0.03 393 2388 100.0 38.84 23.389
90 49 0.0001 -0.0002 100.0 518.67 642.87 1587.54 1396.81 14.62 21.61 554.33 2388.02 9059.3 1.3 47.27 522.58 2388.02 8137.21 8.4252 0.03 394 2388 100.0 39.1 23.3458
90 50 -0.0006 -0.0001 100.0 518.67 642.12 1579.53 1391.38 14.62 21.61 554.5 2388.01 9054.52 1.3 47.33 522.53 2388.02 8139.9 8.4089 0.03 392 2388 100.0 38.87 23.3707
90 51 0.0002 0.0005 100.0 518.67 642.32 1589.24 1398.27 14.62 21.61 554.84 2388.03 9054.49 1.3 47.24 521.92 2388.01 8139.23 8.4259 0.03 391 2388 100.0 38.83 23.3767
90 52 -0.0025 0.0001 100.0 518.67 641.9 1581.26 1398.37 14.62 21.61 554.3 2388.03 9059.26 1.3 47.42 522.2 2388.01 8136.73 8.3871 0.03 394 2388 100.0 38.84 23.3401
90 53 -0.0012 0.0001 100.0 518.67 642.34 1587.55 1400.21 14.62 21.61 554.67 2388.06 9059.34 1.3 47.3 522.49 2388.01 8137.22 8.4298 0.03 393 2388 100.0 39.1 23.4033
90 54 -0.0009 0.0002 100.0 518.67 642.54 1589.29 1399.51 14.62 21.61 554.05 2387.99 9049.19 1.3 47.32 522.75 2387.99 8138.39 8.3984 0.03 392 2388 100.0 38.89 23.52
90 55 0.0018 -0.0004 100.0 518.67 642.26 1584.84 1403.95 14.62 21.61 554.43 2388.04 9060.21 1.3 47.08 522.34 2388.03 8136.65 8.4026 0.03 393 2388 100.0 39.07 23.2984
90 56 0.0015 -0.0001 100.0 518.67 642.29 1583.17 1400.04 14.62 21.61 553.93 2388.05 9059.44 1.3 46.97 522.69 2388.0 8135.76 8.4231 0.03 392 2388 100.0 38.92 23.3727
90 57 -0.0012 0.0002 100.0 518.67 642.31 1583.16 1398.22 14.62 21.61 554.27 2388.07 9054.3 1.3 47.52 521.9 2388.08 8137.19 8.4275 0.03 393 2388 100.0 38.88 23.3663
90 58 0.0006 -0.0003 100.0 518.67 641.91 1585.95 1402.0 14.62 21.61 553.75 2388.02 9057.95 1.3 47.22 522.53 2388.05 8137.65 8.3932 0.03 391 2388 100.0 39.01 23.2882
90 59 0.0006 0.0 100.0 518.67 642.32 1588.81 1408.35 14.62 21.61 554.22 2388.06 9056.49 1.3 47.39 521.86 2388.06 8133.05 8.4272 0.03 392 2388 100.0 38.93 23.4814
90 60 0.0013 -0.0001 100.0 518.67 642.18 1581.87 1408.81 14.62 21.61 554.09 2388.05 9052.23 1.3 47.53 522.18 2388.02 8131.3 8.3908 0.03 392 2388 100.0 38.88 23.3925
90 61 0.0041 0.0005 100.0 518.67 641.82 1581.87 1400.28 14.62 21.61 553.69 2388.09 9055.79 1.3 47.42 521.97 2388.05 8135.56 8.4081 0.03 392 2388 100.0 39.02 23.3566
90 62 -0.0008 -0.0004 100.0 518.67 642.26 1582.67 1393.41 14.62 21.61 554.24 2388.11 9049.0 1.3 47.24 521.93 2388.02 8140.6 8.3879 0.03 392 2388 100.0 38.95 23.2114
90 63 -0.0018 0.0004 100.0 518.67 641.93 1585.6 1401.01 14.62 21.61 553.88 2388.03 9058.54 1.3 47.28 522.22 2388.02 8137.68 8.3914 0.03 391 2388 100.0 38.77 23.3943
90 64 -0.0024 -0.0003 100.0 518.67 642.08 1585.06 1403.93 14.62 21.61 553.77 2388.09 9052.99 1.3 47.34 522.31 2387.99 8134.52 8.42 0.03 393 2388 100.0 38.88 23.294
90 65 0.0043 0.0 100.0 518.67 642.49 1591.68 1398.09 14.62 21.61 554.58 2387.98 9054.81 1.3 47.12 522.07 2388.05 8133.78 8.4029 0.03 394 2388 100.0 38.98 23.2972
90 66 -0.0041 -0.0002 100.0 518.67 642.34 1585.77 1401.15 14.62 21.61 553.51 2388.08 9052.4 1.3 47.4 521.92 2388.06 8132.5 8.4455 0.03 391 2388 100.0 38.9 23.2617
90 67 -0.003 -0.0001 100.0 518.67 642.12 1586.23 1401.71 14.62 21.61 553.87 2388.08 9059.68 1.3 47.24 522.12 2388.04 8136.38 8.4055 0.03 393 2388 100.0 38.94 23.3027
90 68 -0.0006 0.0003 100.0 518.67 641.65 1587.27 1399.15 14.62 21.61 554.51 2388.04 9056.49 1.3 47.43 522.09 2388.07 8132.4 8.4262 0.03 392 2388 100.0 38.96 23.2553
90 69 -0.0035 -0.0003 100.0 518.67 642.03 1587.55 1396.75 14.62 21.61 554.51 2388.02 9054.06 1.3 47.33 522.51 2388.09 8132.39 8.4148 0.03 393 2388 100.0 38.93 23.3169
90 70 0.0012 -0.0002 100.0 518.67 642.07 1588.61 1404.4 14.62 21.61 554.95 2388.06 9055.95 1.3 47.43 522.2 2388.05 8132.54 8.374 0.03 393 2388 100.0 38.94 23.2229
90 71 0.0022 0.0002 100.0 518.67 642.34 1587.84 1409.67 14.62 21.61 553.83 2388.06 9062.97 1.3 47.43 522.43 2388.06 8141.54 8.415 0.03 390 2388 100.0 38.92 23.3725
90 72 -0.0046 0.0005 100.0 518.67 642.65 1587.7 1400.69 14.62 21.61 554.27 2388.09 9057.62 1.3 47.38 521.65 2388.07 8138.17 8.3957 0.03 391 2388 100.0 38.97 23.4598
90 73 0.0002 0.0005 100.0 518.67 642.38 1585.0 1401.65 14.62 21.61 553.68 2388.08 9052.79 1.3 47.19 522.09 2388.07 8136.45 8.3993 0.03 392 2388 100.0 38.86 23.2507
90 74 -0.0 -0.0003 100.0 518.67 642.33 1577.86 1405.37 14.62 21.61 554.54 2388.05 9046.52 1.3 47.34 521.66 2388.09 8135.43 8.3894 0.03 392 2388 100.0 38.72 23.3282
90 75 0.0037 0.0 100.0 518.67 642.78 1579.95 1395.81 14.62 21.61 554.13 2388.1 9052.68 1.3 47.22 522.29 2388.04 8140.98 8.425 0.03 392 2388 100.0 38.86 23.4041
90 76 -0.0024 0.0001 100.0 518.67 642.64 1590.95 1401.33 14.62 21.61 553.73 2388.0 9049.52 1.3 47.41 522.1 2388.07 8136.73 8.358 0.03 393 2388 100.0 38.95 23.3867
90 77 0.0014 -0.0002 100.0 518.67 642.68 1580.45 1399.25 14.62 21.61 553.5 2388.11 9043.13 1.3 47.35 521.51 2388.08 8133.08 8.4376 0.03 392 2388 100.0 38.87 23.4124
90 78 -0.0001 -0.0003 100.0 518.67 641.94 1579.86 1412.64 14.62 21.61 553.94 2388.07 9050.33 1.3 47.41 522.1 2388.12 8139.46 8.4569 0.03 392 2388 100.0 39.01 23.413
90 79 -0.0 0.0004 100.0 518.67 641.8 1589.81 1399.43 14.62 21.61 553.62 2388.05 9050.15 1.3 47.31 522.05 2388.06 8131.05 8.4318 0.03 392 2388 100.0 38.89 23.3669
90 80 -0.0011 0.0005 100.0 518.67 642.49 1590.17 1403.35 14.62 21.61 553.79 2388.06 9059.07 1.3 47.41 521.71 2388.08 8132.26 8.4198 0.03 392 2388 100.0 39.0 23.3803
90 81 -0.0008 0.0002 100.0 518.67 642.37 1581.69 1398.67 14.62 21.61 553.74 2388.06 9059.96 1.3 47.29 522.05 2388.06 8135.51 8.4024 0.03 392 2388 100.0 39.0 23.2425
90 82 -0.0016 -0.0001 100.0 518.67 642.0 1587.16 1404.25 14.62 21.61 553.9 2388.09 9058.65 1.3 47.32 521.6 2388.07 8134.39 8.4319 0.03 393 2388 100.0 39.08 23.2806
90 83 -0.0009 0.0003 100.0 518.67 642.37 1583.99 1405.97 14.62 21.61 553.18 2388.05 9054.1 1.3 47.6 522.01 2388.05 8134.84 8.4117 0.03 393 2388 100.0 38.9 23.3462
90 84 -0.0006 -0.0004 100.0 518.67 642.35 1585.39 1399.4 14.62 21.61 553.98 2388.12 9054.57 1.3 47.39 521.42 2388.08 8134.93 8.4064 0.03 391 2388 100.0 38.92 23.2095
90 85 0.0026 -0.0 100.0 518.67 642.55 1585.62 1400.34 14.62 21.61 553.58 2388.05 9043.82 1.3 47.53 521.82 2388.09 8133.35 8.3947 0.03 391 2388 100.0 39.01 23.2779
90 86 -0.0049 0.0003 100.0 518.67 642.97 1588.35 1404.39 14.62 21.6 553.98 2388.07 9067.24 1.3 47.45 521.5 2388.08 8133.51 8.3852 0.03 392 2388 100.0 39.02 23.2249
90 87 0.0024 0.0005 100.0 518.67 642.2 1585.73 1404.79 14.62 21.61 554.28 2388.07 9048.9 1.3 47.62 522.52 2388.06 8132.45 8.4576 0.03 392 2388 100.0 38.75 23.3476
90 88 -0.0002 -0.0001 100.0 518.67 643.13 1592.57 1404.56 14.62 21.61 553.56 2388.1 9056.12 1.3 47.46 521.98 2388.0 8136.57 8.4175 0.03 394 2388 100.0 38.78 23.4285
90 89 -0.0039 -0.0004 100.0 518.67 642.57 1593.21 1404.5 14.62 21.61 553.92 2388.02 9057.47 1.3 47.3 522.26 2388.08 8133.09 8.4552 0.03 393 2388 100.0 38.75 23.3383
90 90 -0.0008 0.0001 100.0 518.67 642.8 1586.35 1403.46 14.62 21.61 554.08 2388.08 9050.18 1.3 47.29 521.97 2388.05 8131.46 8.3917 0.03 393 2388 100.0 38.85 23.4111
90 91 -0.005 0.0002 100.0 518.67 642.54 1584.08 1399.36 14.62 21.61 554.03 2388.07 9052.02 1.3 47.51 521.94 2388.07 8129.6 8.4408 0.03 392 2388 100.0 38.86 23.3728
90 92 0.0007 0.0002 100.0 518.67 642.46 1585.07 1403.68 14.62 21.61 552.95 2388.06 9051.69 1.3 47.39 521.33 2388.13 8139.82 8.3943 0.03 392 2388 100.0 38.92 23.2634
90 93 -0.0024 -0.0004 100.0 518.67 642.76 1585.17 1408.8 14.62 21.61 554.22 2388.16 9052.48 1.3 47.56 521.63 2388.06 8130.45 8.4061 0.03 391 2388 100.0 38.82 23.3508
90 94 0.0013 0.0005 100.0 518.67 642.55 1583.31 1415.2 14.62 21.61 554.13 2388.08 9057.25 1.3 47.33 521.79 2388.09 8136.08 8.41 0.03 391 2388 100.0 38.71 23.3492
90 95 0.0007 0.0003 100.0 518.67 642.11 1595.76 1407.07 14.62 21.61 552.82 2388.1 9060.79 1.3 47.33 521.5 2388.06 8134.65 8.45 0.03 393 2388 100.0 38.92 23.2792
90 96 0.0002 -0.0004 100.0 518.67 642.49 1587.71 1407.53 14.62 21.61 553.59 2388.11 9059.59 1.3 47.58 521.27 2388.07 8131.88 8.4128 0.03 394 2388 100.0 39.01 23.3206
90 97 0.0013 0.0006 100.0 518.67 641.96 1591.06 1414.76 14.62 21.61 553.99 2388.09 9056.88 1.3 47.4 521.79 2388.11 8130.78 8.4247 0.03 392 2388 100.0 38.89 23.3764
90 98 -0.0009 -0.0 100.0 518.67 642.21 1582.66 1408.32 14.62 21.61 554.35 2388.08 9052.85 1.3 47.57 522.46 2388.07 8135.16 8.4487 0.03 394 2388 100.0 38.73 23.3106
90 99 0.0005 0.0005 100.0 518.67 642.76 1585.87 1397.45 14.62 21.61 553.8 2388.08 9044.64 1.3 47.39 521.83 2388.07 8131.94 8.4219 0.03 393 2388 100.0 39.02 23.3959
90 100 0.0053 0.0 100.0 518.67 642.25 1591.09 1400.81 14.62 21.61 553.99 2388.07 9053.44 1.3 47.44 521.79 2388.08 8132.09 8.4266 0.03 392 2388 100.0 38.89 23.2809
90 101 0.0014 0.0005 100.0 518.67 642.53 1588.48 1405.43 14.62 21.61 553.7 2388.09 9055.24 1.3 47.52 521.21 2388.09 8132.82 8.4326 0.03 393 2388 100.0 38.86 23.2612
90 102 0.0014 -0.0002 100.0 518.67 642.6 1589.53 1406.13 14.62 21.61 553.32 2388.1 9050.13 1.3 47.5 521.44 2388.05 8132.06 8.4374 0.03 394 2388 100.0 38.83 23.4159
90 103 -0.0012 -0.0001 100.0 518.67 642.12 1589.92 1404.3 14.62 21.61 553.1 2388.11 9046.42 1.3 47.18 521.44 2388.14 8135.96 8.4545 0.03 393 2388 100.0 38.74 23.2361
90 104 0.0026 0.0002 100.0 518.67 642.2 1583.49 1406.61 14.62 21.61 553.37 2388.03 9054.37 1.3 47.48 521.32 2388.16 8138.19 8.4399 0.03 394 2388 100.0 38.72 23.3941
90 105 0.0015 -0.0001 100.0 518.67 642.58 1587.01 1405.73 14.62 21.61 552.96 2388.05 9051.69 1.3 47.47 521.16 2388.11 8134.74 8.4222 0.03 393 2388 100.0 38.91 23.31
90 106 -0.003 -0.0002 100.0 518.67 642.3 1582.62 1415.06 14.62 21.61 553.49 2388.09 9051.41 1.3 47.59 521.13 2388.18 8137.62 8.4311 0.03 394 2388 100.0 38.83 23.2623
90 107 0.0003 0.0005 100.0 518.67 641.99 1596.56 1406.53 14.62 21.61 553.36 2388.13 9048.76 1.3 47.51 521.59 2388.11 8131.23 8.4319 0.03 392 2388 100.0 38.72 23.2547
90 108 -0.0004 0.0002 100.0 518.67 642.51 1586.34 1409.45 14.62 21.61 553.53 2388.08 9050.73 1.3 47.49 521.75 2388.1 8130.2 8.4464 0.03 394 2388 100.0 38.85 23.2631
90 109 -0.0004 0.0001 100.0 518.67 642.65 1582.95 1406.44 14.62 21.61 553.59 2388.12 9044.89 1.3 47.5 521.02 2388.15 8131.04 8.451 0.03 393 2388 100.0 38.91 23.4541
90 110 0.0018 0.0002 100.0 518.67 643.06 1585.43 1411.78 14.62 21.61 554.28 2388.14 9056.83 1.3 47.57 520.75 2388.12 8124.81 8.4318 0.03 394 2388 100.0 38.76 23.2692
90 111 -0.002 -0.0002 100.0 518.67 642.49 1584.94 1401.74 14.62 21.61 553.38 2388.16 9052.68 1.3 47.45 521.61 2388.1 8131.6 8.4647 0.03 392 2388 100.0 38.96 23.2853
90 112 0.0001 0.0006 100.0 518.67 642.8 1593.94 1405.98 14.62 21.61 552.94 2388.1 9056.33 1.3 47.52 521.01 2388.13 8136.97 8.4622 0.03 395 2388 100.0 38.77 23.2492
90 113 -0.0003 -0.0003 100.0 518.67 642.59 1591.1 1407.6 14.62 21.61 553.57 2388.06 9053.73 1.3 47.52 521.86 2388.1 8129.48 8.4438 0.03 392 2388 100.0 38.9 23.2765
90 114 0.0015 -0.0001 100.0 518.67 643.25 1591.16 1407.1 14.62 21.61 553.14 2388.13 9050.01 1.3 47.64 521.29 2388.12 8128.76 8.4594 0.03 393 2388 100.0 38.7 23.2862
90 115 0.0016 0.0 100.0 518.67 642.85 1582.97 1413.08 14.62 21.61 553.76 2388.13 9044.5 1.3 47.56 521.45 2388.13 8126.44 8.4443 0.03 393 2388 100.0 38.78 23.3268
90 116 -0.0005 -0.0002 100.0 518.67 642.68 1590.98 1403.74 14.62 21.61 552.82 2388.11 9054.78 1.3 47.7 521.0 2388.09 8129.61 8.4557 0.03 392 2388 100.0 38.77 23.2287
90 117 0.0047 -0.0003 100.0 518.67 642.6 1598.13 1408.12 14.62 21.61 554.02 2388.15 9054.15 1.3 47.58 521.51 2388.14 8131.52 8.4777 0.03 392 2388 100.0 38.93 23.2715
90 118 -0.0007 0.0002 100.0 518.67 642.46 1592.9 1409.57 14.62 21.61 553.58 2388.12 9042.39 1.3 47.4 520.99 2388.14 8128.83 8.4669 0.03 394 2388 100.0 38.78 23.2855
90 119 -0.0008 -0.0002 100.0 518.67 642.75 1591.07 1406.44 14.62 21.61 552.8 2388.16 9046.09 1.3 47.67 521.41 2388.15 8127.93 8.4786 0.03 393 2388 100.0 38.83 23.2515
90 120 -0.0035 -0.0001 100.0 518.67 643.56 1591.64 1417.51 14.62 21.61 553.19 2388.13 9047.97 1.3 47.65 521.68 2388.18 8126.75 8.439 0.03 393 2388 100.0 38.86 23.3218
90 121 0.0056 0.0004 100.0 518.67 642.33 1593.26 1410.16 14.62 21.61 553.77 2388.16 9051.85 1.3 47.48 521.58 2388.17 8121.04 8.4522 0.03 394 2388 100.0 38.78 23.2137
90 122 0.0033 0.0004 100.0 518.67 642.57 1597.06 1411.62 14.62 21.61 553.14 2388.13 9053.83 1.3 47.54 521.5 2388.16 8132.55 8.4617 0.03 394 2388 100.0 38.65 23.3402
90 123 -0.0043 -0.0003 100.0 518.67 642.45 1592.91 1411.66 14.62 21.61 552.79 2388.11 9051.17 1.3 47.51 520.84 2388.12 8131.69 8.4221 0.03 393 2388 100.0 38.77 23.203
90 124 0.0025 0.0006 100.0 518.67 642.51 1593.37 1411.91 14.62 21.61 552.21 2388.13 9043.21 1.3 47.8 520.84 2388.13 8129.72 8.4538 0.03 393 2388 100.0 38.8 23.2979
90 125 0.0037 0.0005 100.0 518.67 642.93 1588.73 1411.49 14.62 21.61 552.48 2388.14 9048.11 1.3 47.66 521.23 2388.16 8129.92 8.4446 0.03 393 2388 100.0 38.76 23.1758
90 126 0.0006 0.0 100.0 518.67 643.28 1592.31 1410.46 14.62 21.61 552.61 2388.14 9044.67 1.3 47.65 521.41 2388.17 8125.22 8.4516 0.03 394 2388 100.0 38.85 23.1828
90 127 -0.001 0.0003 100.0 518.67 642.82 1589.29 1411.92 14.62 21.61 553.45 2388.16 9053.16 1.3 47.7 521.52 2388.14 8122.81 8.4608 0.03 395 2388 100.0 38.87 23.2754
90 128 -0.001 0.0001 100.0 518.67 643.28 1591.68 1410.35 14.62 21.61 552.6 2388.16 9049.49 1.3 47.72 520.4 2388.17 8125.37 8.4913 0.03 392 2388 100.0 38.68 23.2754
90 129 -0.0002 0.0006 100.0 518.67 642.78 1589.55 1414.24 14.62 21.61 552.07 2388.16 9044.15 1.3 47.78 520.56 2388.2 8124.69 8.5086 0.03 393 2388 100.0 38.89 23.3033
90 130 -0.0006 -0.0 100.0 518.67 643.3 1591.33 1415.28 14.62 21.61 552.59 2388.16 9045.56 1.3 47.89 521.13 2388.19 8122.64 8.4506 0.03 394 2388 100.0 38.7 23.1657
90 131 0.0003 0.0001 100.0 518.67 643.2 1592.49 1415.12 14.62 21.61 552.8 2388.19 9044.29 1.3 47.81 521.35 2388.16 8124.27 8.4329 0.03 395 2388 100.0 38.74 23.2359
90 132 0.0006 0.0004 100.0 518.67 642.98 1598.45 1408.18 14.62 21.61 553.0 2388.23 9047.8 1.3 47.75 520.44 2388.17 8127.13 8.4751 0.03 394 2388 100.0 38.55 23.1293
90 133 0.0002 0.0004 100.0 518.67 642.87 1599.03 1408.64 14.62 21.61 551.96 2388.2 9046.04 1.3 47.72 520.55 2388.14 8124.93 8.4902 0.03 394 2388 100.0 38.66 23.2031
90 134 -0.0008 0.0004 100.0 518.67 643.57 1596.94 1416.61 14.62 21.61 552.4 2388.2 9051.81 1.3 47.93 520.53 2388.19 8122.43 8.52 0.03 394 2388 100.0 38.62 23.1819
90 135 0.0024 0.0003 100.0 518.67 643.18 1596.82 1421.16 14.62 21.61 552.47 2388.18 9051.61 1.3 47.74 520.71 2388.15 8120.88 8.4828 0.03 394 2388 100.0 38.65 23.2876
90 136 0.0001 -0.0001 100.0 518.67 642.67 1593.41 1420.16 14.62 21.61 552.26 2388.21 9050.05 1.3 47.94 520.19 2388.17 8117.47 8.5022 0.03 394 2388 100.0 38.74 23.2477
90 137 0.0023 -0.0001 100.0 518.67 643.24 1598.25 1416.45 14.62 21.61 552.18 2388.2 9044.15 1.3 47.71 520.6 2388.24 8115.81 8.4928 0.03 395 2388 100.0 38.77 23.2155
90 138 -0.0001 0.0002 100.0 518.67 643.0 1594.14 1413.53 14.62 21.61 552.33 2388.23 9045.81 1.3 47.82 520.5 2388.15 8118.03 8.4638 0.03 393 2388 100.0 38.57 23.1419
90 139 0.0008 0.0001 100.0 518.67 643.37 1591.83 1422.74 14.62 21.61 552.2 2388.27 9044.32 1.3 47.96 520.45 2388.23 8121.7 8.474 0.03 394 2388 100.0 38.52 23.0225
90 140 -0.0031 -0.0004 100.0 518.67 642.9 1596.24 1416.95 14.62 21.61 552.91 2388.25 9045.94 1.3 47.89 520.55 2388.24 8115.52 8.4654 0.03 394 2388 100.0 38.61 23.0919
90 141 -0.0011 0.0005 100.0 518.67 643.79 1594.18 1417.43 14.62 21.61 551.64 2388.23 9042.52 1.3 48.05 520.67 2388.23 8120.13 8.479 0.03 394 2388 100.0 38.64 23.2223
90 142 -0.0027 0.0001 100.0 518.67 643.16 1601.23 1422.81 14.62 21.61 551.58 2388.22 9039.18 1.3 48.03 520.13 2388.29 8113.21 8.4693 0.03 395 2388 100.0 38.7 23.1361
90 143 0.0023 -0.0004 100.0 518.67 644.01 1597.86 1421.25 14.62 21.61 551.8 2388.23 9038.96 1.3 47.88 520.24 2388.26 8117.63 8.4907 0.03 395 2388 100.0 38.54 23.1976
90 144 0.0018 0.0004 100.0 518.67 643.35 1592.96 1413.4 14.62 21.61 552.22 2388.21 9039.33 1.3 47.93 520.2 2388.24 8121.79 8.4807 0.03 396 2388 100.0 38.75 23.1841
90 145 -0.0001 -0.0003 100.0 518.67 643.45 1598.26 1419.19 14.62 21.61 552.2 2388.21 9040.38 1.3 47.94 520.41 2388.28 8116.91 8.4987 0.03 396 2388 100.0 38.49 23.0567
90 146 -0.0012 0.0003 100.0 518.67 643.35 1601.97 1419.16 14.62 21.61 552.49 2388.25 9041.72 1.3 48.06 519.87 2388.2 8116.64 8.5034 0.03 395 2388 100.0 38.79 23.1561
90 147 0.0014 -0.0004 100.0 518.67 643.61 1599.66 1419.91 14.62 21.61 551.76 2388.32 9035.42 1.3 48.02 519.72 2388.23 8117.75 8.4767 0.03 396 2388 100.0 38.64 23.142
90 148 -0.0003 -0.0002 100.0 518.67 643.24 1595.13 1421.9 14.62 21.61 551.9 2388.23 9036.56 1.3 48.05 520.3 2388.26 8112.84 8.5025 0.03 394 2388 100.0 38.6 23.1667
90 149 0.0007 -0.0003 100.0 518.67 643.12 1596.89 1425.79 14.62 21.61 550.95 2388.26 9038.68 1.3 48.02 520.32 2388.29 8115.22 8.5015 0.03 395 2388 100.0 38.52 23.1019
90 150 0.003 -0.0001 100.0 518.67 643.6 1600.75 1420.57 14.62 21.61 551.07 2388.27 9037.76 1.3 48.11 519.95 2388.33 8104.46 8.4861 0.03 395 2388 100.0 38.36 23.1885
90 151 0.0019 0.0001 100.0 518.67 643.64 1594.85 1426.44 14.62 21.61 550.62 2388.24 9035.23 1.3 47.8 520.31 2388.29 8106.06 8.4937 0.03 397 2388 100.0 38.59 23.0981
90 152 -0.0005 0.0 100.0 518.67 644.0 1602.68 1422.35 14.62 21.61 551.75 2388.32 9033.32 1.3 48.09 519.35 2388.35 8113.55 8.5124 0.03 395 2388 100.0 38.4 23.0969
90 153 0.0023 0.0002 100.0 518.67 643.44 1609.33 1429.5 14.62 21.61 551.24 2388.3 9041.11 1.3 48.26 519.73 2388.36 8113.53 8.549 0.03 396 2388 100.0 38.32 22.9678
90 154 -0.001 -0.0002 100.0 518.67 643.6 1598.79 1434.02 14.62 21.61 550.77 2388.32 9032.34 1.3 48.4 519.31 2388.34 8110.86 8.5637 0.03 395 2388 100.0 38.44 23.0727
222 1 10.0028 0.25 100.0 489.05 604.62 1495.69 1308.38 10.52 15.49 394.39 2318.87 8782.85 1.26 45.5 371.85 2388.07 8140.25 8.6356 0.03 369 2319 100.0 28.5 17.1454
222 2 0.0001 0.0 100.0 518.67 642.32 1591.03 1403.09 14.62 21.61 554.15 2388.07 9059.47 1.3 47.54 522.23 2388.03 8143.12 8.4156 0.03 392 2388 100.0 38.75 23.289
222 3 42.0053 0.8415 100.0 445.0 549.01 1350.27 1127.26 3.91 5.71 138.46 2212.0 8323.43 1.02 42.16 131.24 2388.13 8089.51 9.376 0.02 331 2212 100.0 10.37 6.4091
222 4 0.0022 0.0 100.0 518.67 642.55 1591.52 1405.36 14.62 21.61 553.35 2388.04 9060.42 1.3 47.5 521.48 2388.05 8148.98 8.3984 0.03 393 2388 100.0 39.06 23.1869
222 5 42.0069 0.8416 100.0 445.0 549.33 1352.13 1123.64 3.91 5.71 139.43 2212.02 8322.82 1.02 42.16 130.1 2388.14 8091.62 9.3644 0.02 331 2212 100.0 10.52 6.3243
222 6 25.0021 0.6217 60.0 462.54 536.98 1260.85 1054.74 7.05 9.03 175.48 1915.46 8010.55 0.94 36.6 164.83 2028.33 7874.15 10.9089 0.02 307 1915 84.93 14.31 8.533
222 7 42.0077 0.84 100.0 445.0 549.35 1355.63 1127.8 3.91 5.72 138.98 2211.93 8322.58 1.02 42.18 130.63 2388.15 8088.92 9.3439 0.02 330 2212 100.0 10.52 6.4121
222 8 0.002 0.0009 100.0 518.67 642.31 1592.02 1409.71 14.62 21.61 553.72 2388.1 9069.47 1.3 47.48 521.73 2388.02 8146.01 8.4125 0.03 392 2388 100.0 38.89 23.3888
222 9 42.0018 0.8416 100.0 445.0 549.44 1351.8 1128.59 3.91 5.71 138.17 2211.99 8328.62 1.02 41.83 130.7 2388.1 8089.03 9.3992 0.02 330 2212 100.0 10.55 6.2372
222 10 24.9991 0.62 60.0 462.54 536.75 1258.09 1042.29 7.05 9.03 175.75 1915.45 8022.55 0.94 36.8 164.89 2028.37 7879.77 10.8807 0.02 308 1915 84.93 14.32 8.528
222 11 42.0036 0.8416 100.0 445.0 549.06 1347.68 1125.36 3.91 5.71 138.78 2212.07 8327.93 1.02 41.85 130.7 2388.13 8092.27 9.375 0.02 331 2212 100.0 10.62 6.5074
222 12 24.9981 0.6207 60.0 462.54 536.98 1255.86 1045.7 7.05 9.02 175.03 1915.48 8017.25 0.94 36.69 164.49 2028.36 7882.58 10.9037 0.02 307 1915 84.93 14.18 8.5865
222 13 25.0031 0.6201 60.0 462.54 536.75 1268.22 1044.68 7.05 9.03 175.98 1915.37 8014.32 0.94 36.48 164.96 2028.34 7875.21 10.8764 0.02 305 1915 84.93 14.16 8.64
222 14 20.0023 0.7011 100.0 491.19 607.67 1485.28 1249.47 9.35 13.66 335.43 2323.99 8727.39 1.08 44.51 314.97 2388.18 8068.65 9.204 0.02 364 2324 100.0 24.54 14.6852
222 15 35.0006 0.8418 100.0 449.44 555.31 1366.99 1126.97 5.48 8.0 194.39 2223.06 8361.25 1.02 41.82 183.2 2388.19 8075.35 9.3167 0.02 332 2223 100.0 14.85 8.9489
222 16 35.0013 0.8416 100.0 449.44 555.06 1361.78 1133.63 5.48 8.0 194.82 2223.09 8355.32 1.02 41.83 183.68 2388.19 8073.96 9.2897 0.02 334 2223 100.0 14.71 8.8933
222 17 35.004 0.8411 100.0 449.44 555.39 1364.52 1124.37 5.48 8.0 194.39 2223.06 8359.62 1.02 41.97 183.17 2388.2 8084.87 9.3122 0.02 333 2223 100.0 15.04 8.8763
222 18 0.0006 0.0001 100.0 518.67 642.15 1586.6 1405.99 14.62 21.61 553.99 2388.02 9069.01 1.3 47.48 522.22 2388.09 8146.87 8.4226 0.03 394 2388 100.0 38.95 23.3493
222 19 19.9995 0.7017 100.0 491.19 607.59 1482.16 1253.98 9.35 13.65 334.95 2323.94 8726.98 1.08 44.34 315.11 2388.14 8066.95 9.2264 0.02 363 2324 100.0 24.54 14.7471
222 20 10.0041 0.25 100.0 489.05 604.84 1499.99 1310.26 10.52 15.49 394.73 2318.98 8785.73 1.26 45.3 371.55 2388.14 8137.65 8.6566 0.03 369 2319 100.0 28.51 17.1602
222 21 42.0058 0.84 100.0 445.0 549.22 1345.57 1130.22 3.91 5.71 138.3 2212.01 8328.91 1.02 42.11 130.58 2388.09 8089.99 9.3462 0.02 330 2212 100.0 10.59 6.5186
222 22 10.0075 0.25 100.0 489.05 605.19 1496.96 1308.59 10.52 15.49 394.51 2318.89 8789.25 1.26 45.29 371.74 2388.09 8136.36 8.6718 0.03 368 2319 100.0 28.58 17.2326
222 23 42.0031 0.8418 100.0 445.0 549.23 1348.06 1122.49 3.91 5.72 139.09 2212.05 8335.23 1.02 42.03 130.9 2388.17 8092.44 9.3566 0.02 331 2212 100.0 10.52 6.3908
222 24 25.0017 0.62 60.0 462.54 537.12 1259.29 1049.06 7.05 9.02 175.26 1915.41 8024.7 0.94 36.58 164.37 2028.38 7883.74 10.8966 0.02 307 1915 84.93 14.28 8.5997
222 25 35.0019 0.84 100.0 449.44 555.53 1368.64 1132.91 5.48 8.0 194.71 2223.1 8358.77 1.02 41.75 182.59 2388.16 8076.57 9.3061 0.02 333 2223 100.0 14.77 8.9225
222 26 42.0067 0.84 100.0 445.0 550.4 1352.53 1129.47 3.91 5.71 139.73 2212.08 8321.95 1.02 42.17 130.65 2388.15 8094.3 9.3378 0.02 329 2212 100.0 10.76 6.3445
222 27 20.0046 0.7014 100.0 491.19 607.25 1483.32 1253.7 9.35 13.65 334.53 2323.98 8731.08 1.08 44.47 315.37 2388.15 8065.15 9.2126 0.02 364 2324 100.0 24.56 14.7369
222 28 9.9982 0.25 100.0 489.05 604.37 1492.71 1317.28 10.52 15.49 394.5 2318.97 8790.73 1.26 45.4 371.82 2388.15 8143.08 8.6533 0.03 369 2319 100.0 28.62 17.1052
222 29 20.0054 0.7 100.0 491.19 607.36 1480.18 1254.69 9.35 13.66 335.51 2324.0 8736.1 1.08 44.37 314.9 2388.15 8066.1 9.2217 0.02 365 2324 100.0 24.58 14.7326
222 30 42.0017 0.84 100.0 445.0 549.55 1356.29 1119.77 3.91 5.71 138.06 2212.06 8330.52 1.02 42.18 130.42 2388.12 8097.5 9.3425 0.02 330 2212 100.0 10.54 6.4181
222 31 9.998 0.25 100.0 489.05 604.74 1500.08 1307.53 10.52 15.49 394.93 2318.91 8789.63 1.26 45.4 372.22 2388.09 8137.48 8.6754 0.03 368 2319 100.0 28.48 17.1271
222 32 42.0015 0.8413 100.0 445.0 549.44 1355.38 1125.17 3.91 5.71 138.26 2212.05 8324.58 1.02 41.91 130.78 2388.12 8091.25 9.3524 0.02 332 2212 100.0 10.6 6.4309
222 33 42.0008 0.84 100.0 445.0 549.96 1348.86 1126.12 3.91 5.72 139.08 2212.05 8323.88 1.02 42.15 130.98 2388.15 8095.56 9.3575 0.02 330 2212 100.0 10.55 6.3511
222 34 20.0054 0.7 100.0 491.19 607.78 1486.06 1248.66 9.35 13.65 335.4 2324.04 8737.84 1.08 44.24 315.37 2388.11 8066.15 9.2267 0.02 365 2324 100.0 24.49 14.7897
222 35 24.9989 0.6219 60.0 462.54 536.97 1257.26 1052.77 7.05 9.02 175.49 1915.54 8017.31 0.94 36.59 164.99 2028.36 7883.17 10.9251 0.02 305 1915 84.93 14.35 8.616
222 36 0.0017 0.0 100.0 518.67 642.36 1587.58 1402.94 14.62 21.61 554.61 2388.01 9057.3 1.3 47.45 522.44 2388.08 8150.0 8.4154 0.03 393 2388 100.0 39.0 23.3282
222 37 10.0008 0.2518 100.0 489.05 604.55 1499.32 1304.12 10.52 15.49 394.51 2318.85 8789.86 1.26 45.2 372.27 2388.08 8135.74 8.6144 0.03 369 2319 100.0 28.51 17.0934
222 38 0.0006 0.0014 100.0 518.67 642.67 1584.02 1407.29 14.62 21.61 553.07 2388.01 9064.71 1.3 47.35 521.52 2388.08 8148.94 8.4255 0.03 392 2388 100.0 38.88 23.2546
222 39 42.0046 0.8403 100.0 445.0 549.88 1354.12 1133.42 3.91 5.72 139.0 2212.08 8335.14 1.02 42.01 130.76 2388.17 8089.54 9.3982 0.02 330 2212 100.0 10.6 6.3619
222 40 10.0073 0.2501 100.0 489.05 604.43 1498.5 1297.7 10.52 15.49 395.15 2318.95 8793.81 1.26 45.22 371.89 2388.14 8141.89 8.6533 0.03 370 2319 100.0 28.62 17.1958
222 41 42.0002 0.84 100.0 445.0 549.83 1358.99 1129.21 3.91 5.72 138.55 2212.02 8329.53 1.02 42.15 130.37 2388.11 8095.46 9.3848 0.02 331 2212 100.0 10.54 6.3278
222 42 25.0054 0.62 60.0 462.54 537.05 1255.91 1050.73 7.05 9.03 175.62 1915.43 8022.21 0.94 36.75 165.06 2028.43 7881.34 10.9181 0.02 306 1915 84.93 14.33 8.4991
222 43 20.0049 0.7003 100.0 491.19 607.5 1481.21 1251.02 9.35 13.66 334.95 2324.0 8735.55 1.08 44.16 315.01 2388.13 8071.57 9.2221 0.02 365 2324 100.0 24.62 14.6938
222 44 25.0033 0.6211 60.0 462.54 536.76 1255.23 1049.57 7.05 9.03 176.01 1915.44 8022.58 0.94 36.67 164.8 2028.35 7877.11 10.896 0.02 308 1915 84.93 14.23 8.5804
222 45 42.0017 0.8418 100.0 445.0 549.84 1352.93 1128.22 3.91 5.71 138.27 2212.05 8331.93 1.02 41.99 130.45 2388.15 8090.7 9.3537 0.02 329 2212 100.0 10.6 6.3514
222 46 10.0002 0.25 100.0 489.05 605.02 1487.7 1311.47 10.52 15.49 394.69 2318.93 8788.22 1.26 45.37 372.05 2388.05 8137.79 8.6708 0.03 370 2319 100.0 28.46 17.0563
222 47 42.0062 0.84 100.0 445.0 549.77 1349.84 1125.75 3.91 5.71 139.3 2212.03 8320.1 1.02 42.19 130.83 2388.16 8093.59 9.3596 0.02 331 2212 100.0 10.47 6.4415
222 48 10.0049 0.25 100.0 489.05 605.47 1495.87 1311.93 10.52 15.49 394.16 2318.84 8789.66 1.26 45.31 371.6 2388.13 8140.43 8.634 0.03 370 2319 100.0 28.51 17.1008
222 49 10.0046 0.25 100.0 489.05 604.95 1500.16 1311.77 10.52 15.49 394.94 2318.86 8785.81 1.26 45.39 371.97 2388.12 8140.45 8.6617 0.03 369 2319 100.0 28.67 17.0868
222 50 9.9984 0.25 100.0 489.05 605.39 1499.91 1311.95 10.52 15.49 394.59 2318.93 8784.93 1.26 45.42 371.35 2388.12 8137.86 8.6665 0.03 370 2319 100.0 28.62 17.0962
222 51 35.0048 0.8415 100.0 449.44 555.69 1363.15 1125.05 5.48 8.0 194.7 2223.1 8355.17 1.02 41.87 183.07 2388.19 8075.45 9.3248 0.02 334 2223 100.0 14.75 8.806
222 52 35.0034 0.84 100.0 449.44 555.64 1366.96 1128.73 5.48 8.0 194.01 2223.04 8361.76 1.02 41.93 183.5 2388.18 8076.84 9.3191 0.02 336 2223 100.0 14.92 8.9492
222 53 19.9987 0.7003 100.0 491.19 607.19 1490.85 1249.44 9.35 13.65 334.43 2324.06 8730.15 1.08 44.28 315.3 2388.07 8063.36 9.2356 0.02 365 2324 100.0 24.34 14.6918
222 54 0.0024 0.0 100.0 518.67 642.56 1586.99 1402.57 14.62 21.61 555.34 2388.1 9060.56 1.3 47.31 522.35 2388.07 8147.6 8.439 0.03 393 2388 100.0 38.96 23.3622
222 55 42.0041 0.84 100.0 445.0 549.93 1347.51 1130.06 3.91 5.72 138.21 2212.02 8318.47 1.02 42.25 131.24 2388.11 8091.56 9.3734 0.02 330 2212 100.0 10.35 6.4094
222 56 20.001 0.7 100.0 491.19 606.82 1490.83 1248.36 9.35 13.66 334.68 2323.96 8726.66 1.08 44.32 314.75 2388.12 8069.06 9.2119 0.02 367 2324 100.0 24.42 14.6747
222 57 10.0007 0.25 100.0 489.05 604.55 1496.64 1304.44 10.52 15.49 394.78 2318.95 8789.92 1.26 45.53 371.13 2388.1 8141.49 8.6622 0.03 367 2319 100.0 28.37 17.1568
222 58 20.0051 0.7 100.0 491.19 607.63 1487.27 1247.52 9.35 13.66 334.56 2323.95 8733.23 1.07 44.31 314.88 2388.12 8065.15 9.2607 0.02 366 2324 100.0 24.69 14.6898
222 59 35.0042 0.8416 100.0 449.44 555.46 1371.89 1133.32 5.48 8.0 194.4 2223.08 8357.22 1.02 41.87 183.51 2388.16 8072.03 9.2822 0.02 334 2223 100.0 14.75 8.8739
222 60 35.0006 0.84 100.0 449.44 555.73 1371.22 1125.1 5.48 8.0 194.13 2223.11 8359.67 1.02 41.95 183.32 2388.15 8074.56 9.3078 0.02 333 2223 100.0 14.9 8.8781
222 61 0.0015 0.0 100.0 518.67 642.35 1598.17 1408.24 14.62 21.61 553.19 2388.08 9061.09 1.3 47.47 521.13 2388.09 8147.19 8.4396 0.03 392 2388 100.0 38.9 23.4125
222 62 35.0075 0.842 100.0 449.44 555.68 1365.02 1130.48 5.48 8.0 194.61 2223.08 8359.23 1.02 41.96 183.02 2388.17 8076.61 9.3408 0.02 334 2223 100.0 14.85 8.8648
222 63 19.9985 0.7 100.0 491.19 607.45 1488.9 1250.12 9.35 13.66 334.09 2323.98 8728.75 1.08 44.32 315.1 2388.15 8063.15 9.2194 0.02 365 2324 100.0 24.52 14.7801
222 64 20.0059 0.7008 100.0 491.19 607.12 1486.16 1251.13 9.35 13.65 335.25 2324.03 8733.76 1.07 44.39 314.68 2388.16 8069.98 9.2245 0.02 364 2324 100.0 24.65 14.735
222 65 0.0017 0.0017 100.0 518.67 642.79 1584.11 1405.63 14.62 21.61 553.67 2388.03 9070.99 1.3 47.55 521.2 2388.01 8142.96 8.439 0.03 393 2388 100.0 38.68 23.282
222 66 0.0009 0.0 100.0 518.67 642.76 1579.56 1399.23 14.62 21.61 553.61 2388.09 9069.5 1.3 47.64 521.6 2388.12 8145.41 8.4174 0.03 394 2388 100.0 39.01 23.3675
222 67 0.0006 0.0 100.0 518.67 641.89 1591.17 1406.84 14.62 21.61 552.92 2388.07 9067.45 1.3 47.21 521.83 2388.07 8147.22 8.4497 0.03 393 2388 100.0 38.94 23.2196
222 68 41.9987 0.84 100.0 445.0 549.37 1355.12 1126.57 3.91 5.72 138.45 2211.99 8330.87 1.02 42.08 130.42 2388.09 8089.19 9.3602 0.02 330 2212 100.0 10.55 6.4331
222 69 10.0045 0.2511 100.0 489.05 604.63 1497.52 1301.36 10.52 15.49 394.21 2318.92 8787.89 1.26 45.44 371.81 2388.13 8135.8 8.6544 0.03 370 2319 100.0 28.4 17.159
222 70 0.0005 0.0 100.0 518.67 642.6 1586.95 1396.4 14.62 21.61 553.38 2388.08 9064.75 1.3 47.37 521.46 2388.06 8142.92 8.4188 0.03 392 2388 100.0 38.83 23.2873
222 71 25.0027 0.62 60.0 462.54 537.0 1261.8 1057.34 7.05 9.03 174.74 1915.51 8017.58 0.94 36.78 165.49 2028.41 7875.24 10.8959 0.02 306 1915 84.93 14.31 8.5143
222 72 9.9991 0.2516 100.0 489.05 604.63 1499.43 1308.69 10.52 15.5 393.87 2318.94 8788.29 1.26 45.37 371.87 2388.08 8137.03 8.6564 0.03 369 2319 100.0 28.44 17.1606
222 73 10.0033 0.2504 100.0 489.05 604.41 1498.53 1310.51 10.52 15.49 395.12 2318.92 8789.58 1.26 45.48 371.99 2388.12 8134.55 8.6238 0.03 368 2319 100.0 28.57 17.0769
222 74 24.9996 0.62 60.0 462.54 537.3 1259.82 1046.59 7.05 9.03 175.32 1915.5 8014.77 0.94 36.77 164.84 2028.33 7879.53 10.8897 0.02 308 1915 84.93 14.38 8.5853
222 75 0.0002 0.0 100.0 518.67 642.56 1595.54 1407.32 14.62 21.61 553.83 2388.08 9065.59 1.3 47.4 521.65 2388.07 8136.72 8.4222 0.03 393 2388 100.0 38.96 23.3007
222 76 42.0052 0.8405 100.0 445.0 549.06 1354.69 1121.54 3.91 5.72 137.9 2212.06 8330.65 1.02 42.2 130.12 2388.05 8090.78 9.4024 0.02 332 2212 100.0 10.61 6.3771
222 77 10.0063 0.2508 100.0 489.05 604.78 1499.12 1309.74 10.52 15.49 394.93 2318.95 8784.21 1.26 45.39 372.33 2388.15 8138.29 8.6513 0.03 370 2319 100.0 28.63 17.1851
222 78 25.0057 0.62 60.0 462.54 536.77 1262.69 1042.4 7.05 9.03 174.8 1915.49 8013.38 0.94 36.67 164.99 2028.41 7884.59 10.8934 0.02 307 1915 84.93 14.39 8.5976
222 79 20.0076 0.7 100.0 491.19 607.46 1487.64 1248.89 9.35 13.65 334.91 2324.0 8731.57 1.08 44.24 314.77 2388.12 8063.86 9.1986 0.02 365 2324 100.0 24.63 14.7575
222 80 42.0029 0.84 100.0 445.0 549.49 1355.29 1129.37 3.91 5.72 138.87 2212.01 8333.34 1.02 42.07 130.22 2388.08 8089.51 9.3853 0.02 331 2212 100.0 10.65 6.3323
222 81 42.0042 0.8419 100.0 445.0 549.56 1355.4 1123.7 3.91 5.72 138.34 2211.97 8328.46 1.02 42.0 130.71 2388.11 8090.67 9.3789 0.02 331 2212 100.0 10.74 6.3529
222 82 42.0055 0.8417 100.0 445.0 549.6 1360.79 1130.67 3.91 5.72 138.94 2211.99 8332.83 1.02 42.0 130.82 2388.08 8099.08 9.3814 0.02 330 2212 100.0 10.67 6.4069
222 83 10.0034 0.25 100.0 489.05 605.04 1507.67 1307.99 10.52 15.49 394.93 2318.95 8788.71 1.26 45.57 371.55 2388.12 8139.23 8.6361 0.03 369 2319 100.0 28.58 17.1281
222 84 20.0013 0.7008 100.0 491.19 607.0 1486.26 1251.27 9.35 13.66 334.98 2324.03 8736.14 1.08 44.3 315.25 2388.16 8065.98 9.2257 0.02 366 2324 100.0 24.5 14.6388
222 85 0.0018 0.0 100.0 518.67 642.02 1591.39 1409.61 14.62 21.61 553.07 2388.04 9063.03 1.3 47.55 521.39 2388.06 8145.89 8.4559 0.03 394 2388 100.0 38.91 23.333
222 86 34.9988 0.84 100.0 449.44 556.01 1359.41 1131.89 5.48 8.0 194.52 2223.12 8355.95 1.02 42.03 183.06 2388.16 8070.38 9.2635 0.02 334 2223 100.0 14.87 9.0241
222 87 19.9989 0.7002 100.0 491.19 607.57 1485.36 1251.48 9.35 13.66 333.59 2324.03 8728.31 1.08 44.33 314.61 2388.18 8071.77 9.1989 0.02 366 2324 100.0 24.5 14.6639
222 88 42.0016 0.8406 100.0 445.0 549.46 1348.76 1127.21 3.91 5.72 139.1 2211.99 8333.19 1.02 42.07 130.85 2388.1 8089.03 9.362 0.02 331 2212 100.0 10.58 6.3901
222 89 42.0009 0.84 100.0 445.0 549.46 1352.62 1127.0 3.91 5.72 138.81 2212.03 8339.25 1.02 42.26 130.54 2388.19 8093.38 9.3511 0.02 330 2212 100.0 10.48 6.2764
222 90 35.0011 0.84 100.0 449.44 555.41 1368.66 1132.22 5.48 8.0 194.27 2223.01 8363.1 1.02 42.04 182.86 2388.17 8071.52 9.3221 0.02 332 2223 100.0 14.87 8.8853
222 91 42.0009 0.8416 100.0 445.0 549.88 1349.23 1121.03 3.91 5.71 138.3 2212.02 8329.45 1.02 42.14 131.06 2388.09 8097.25 9.389 0.02 332 2212 100.0 10.63 6.4392
222 92 0.0019 0.0 100.0 518.67 642.68 1587.92 1409.31 14.62 21.61 553.64 2388.12 9058.37 1.3 47.68 521.36 2388.08 8142.47 8.4586 0.03 393 2388 100.0 39.07 23.3287
222 93 20.005 0.701 100.0 491.19 606.99 1490.79 1249.51 9.35 13.66 334.51 2324.04 8732.34 1.08 44.23 314.77 2388.14 8064.34 9.2247 0.02 365 2324 100.0 24.6 14.6796
222 94 10.0072 0.25 100.0 489.05 604.8 1501.19 1300.74 10.52 15.49 394.91 2318.93 8788.87 1.26 45.48 371.53 2388.19 8137.3 8.6278 0.03 370 2319 100.0 28.45 17.1483
222 95 24.9994 0.6206 60.0 462.54 536.8 1259.52 1056.07 7.05 9.03 175.8 1915.43 8017.8 0.94 36.8 164.48 2028.36 7878.62 10.9087 0.02 307 1915 84.93 14.26 8.6106
222 96 35.0032 0.8419 100.0 449.44 555.55 1365.49 1133.46 5.48 8.0 193.68 2223.02 8354.15 1.02 41.97 183.35 2388.17 8068.27 9.3491 0.02 333 2223 100.0 14.89 8.9022
222 97 0.003 0.0003 100.0 518.67 642.38 1580.24 1413.38 14.62 21.61 553.3 2388.09 9067.03 1.3 47.5 521.54 2388.09 8150.24 8.4426 0.03 394 2388 100.0 38.78 23.2973
222 98 0.0008 0.0005 100.0 518.67 642.73 1583.46 1409.95 14.62 21.61 554.07 2388.08 9062.23 1.3 47.56 521.04 2388.07 8144.32 8.4312 0.03 393 2388 100.0 39.03 23.2504
222 99 0.0029 0.0 100.0 518.67 642.41 1589.47 1408.2 14.62 21.61 554.05 2388.1 9052.72 1.3 47.41 521.27 2388.09 8142.07 8.4633 0.03 394 2388 100.0 38.91 23.3421
222 100 20.0016 0.7014 100.0 491.19 607.64 1487.67 1250.41 9.35 13.65 335.12 2323.96 8729.92 1.08 44.46 314.7 2388.17 8065.85 9.1854 0.02 367 2324 100.0 24.52 14.7649
222 101 0.0025 0.0 100.0 518.67 642.78 1596.31 1413.28 14.62 21.61 553.49 2388.06 9063.53 1.3 47.55 522.01 2388.13 8139.74 8.4199 0.03 392 2388 100.0 38.77 23.2558
222 102 25.0021 0.62 60.0 462.54 537.39 1258.98 1049.96 7.05 9.03 175.05 1915.48 8019.09 0.94 36.65 164.87 2028.37 7889.46 10.924 0.02 306 1915 84.93 14.32 8.542
222 103 42.008 0.84 100.0 445.0 550.33 1353.83 1126.3 3.91 5.72 138.99 2212.0 8335.85 1.02 42.2 130.38 2388.09 8093.7 9.3561 0.02 332 2212 100.0 10.68 6.3245
222 104 24.9994 0.62 60.0 462.54 536.92 1259.13 1050.09 7.05 9.03 175.04 1915.45 8018.01 0.94 36.73 164.49 2028.31 7876.43 10.9225 0.02 308 1915 84.93 14.23 8.5931
222 105 20.0003 0.7002 100.0 491.19 607.44 1487.64 1255.26 9.35 13.66 334.69 2324.07 8730.35 1.08 44.47 315.13 2388.11 8061.8 9.2312 0.02 365 2324 100.0 24.39 14.6831
222 106 35.0075 0.84 100.0 449.44 555.37 1371.43 1128.49 5.48 8.0 194.38 2223.04 8355.74 1.02 41.85 183.1 2388.15 8073.62 9.3099 0.02 332 2223 100.0 14.67 8.8897
222 107 10.0025 0.25 100.0 489.05 604.51 1504.26 1307.48 10.52 15.49 394.72 2318.9 8788.15 1.26 45.56 371.11 2388.2 8133.55 8.6631 0.03 370 2319 100.0 28.46 17.1002
222 108 10.0062 0.25 100.0 489.05 604.92 1501.93 1308.43 10.52 15.49 394.31 2318.97 8786.87 1.26 45.28 371.45 2388.12 8134.93 8.6912 0.03 370 2319 100.0 28.55 17.165
222 109 0.0025 0.0005 100.0 518.67 642.55 1580.55 1414.41 14.62 21.61 553.61 2388.12 9065.72 1.3 47.66 521.43 2388.09 8140.91 8.4229 0.03 394 2388 100.0 38.84 23.2912
222 110 34.999 0.8401 100.0 449.44 555.45 1357.22 1132.84 5.48 8.0 193.66 2223.01 8362.47 1.02 41.9 182.99 2388.18 8071.07 9.3761 0.02 334 2223 100.0 14.85 8.9425
222 111 19.9986 0.7011 100.0 491.19 607.44 1484.15 1253.82 9.35 13.66 334.59 2324.05 8728.81 1.08 44.5 314.63 2388.14 8061.59 9.2074 0.02 365 2324 100.0 24.52 14.6173
222 112 10.0075 0.25 100.0 489.05 604.5 1505.39 1318.93 10.52 15.49 394.13 2318.91 8785.38 1.26 45.27 371.8 2388.19 8136.28 8.6573 0.03 369 2319 100.0 28.74 17.1843
222 113 10.0052 0.25 100.0 489.05 604.8 1500.95 1315.09 10.52 15.49 394.67 2318.89 8786.87 1.26 45.37 371.61 2388.15 8134.2 8.6489 0.03 368 2319 100.0 28.61 17.219
222 114 10.006 0.25 100.0 489.05 604.78 1499.65 1312.87 10.52 15.49 394.27 2318.96 8779.45 1.26 45.75 371.22 2388.14 8136.1 8.6741 0.03 369 2319 100.0 28.49 17.1294
222 115 34.9996 0.84 100.0 449.44 555.75 1367.75 1127.12 5.48 8.0 193.56 2223.06 8363.71 1.02 41.98 182.63 2388.14 8073.7 9.3381 0.02 336 2223 100.0 14.83 8.7532
222 116 34.9993 0.8406 100.0 449.44 555.66 1359.12 1133.14 5.48 8.0 195.02 2223.0 8354.24 1.02 42.09 182.55 2388.1 8068.53 9.3457 0.02 333 2223 100.0 14.8 8.8477
222 117 34.9998 0.84 100.0 449.44 556.11 1373.23 1138.81 5.48 8.0 194.43 2223.04 8355.17 1.02 42.2 183.41 2388.12 8072.23 9.3707 0.02 336 2223 100.0 14.93 8.9268
222 118 0.0 0.0016 100.0 518.67 642.37 1592.48 1408.9 14.62 21.61 553.47 2388.15 9071.3 1.3 47.61 521.69 2388.09 8144.51 8.4111 0.03 394 2388 100.0 38.85 23.2548
222 119 24.9982 0.62 60.0 462.54 536.92 1255.28 1053.4 7.05 9.03 175.03 1915.38 8014.09 0.94 36.74 164.61 2028.36 7880.11 10.9258 0.02 308 1915 84.93 14.29 8.5326
222 120 19.9991 0.7 100.0 491.19 607.59 1484.68 1256.19 9.35 13.66 334.31 2324.02 8732.42 1.07 44.39 314.95 2388.14 8064.78 9.2365 0.02 366 2324 100.0 24.35 14.7064
222 121 42.0048 0.8403 100.0 445.0 549.78 1359.95 1125.71 3.91 5.72 138.88 2211.96 8330.98 1.02 42.17 130.83 2388.0 8090.94 9.3623 0.02 331 2212 100.0 10.5 6.4331
222 122 25.0029 0.62 60.0 462.54 536.69 1267.89 1056.15 7.05 9.03 175.22 1915.41 8020.63 0.94 36.81 164.7 2028.3 7877.13 10.9328 0.02 308 1915 84.93 14.3 8.4537
222 123 0.0005 0.0 100.0 518.67 643.01 1593.9 1412.68 14.62 21.61 553.55 2388.09 9064.38 1.3 47.36 521.46 2388.15 8143.5 8.4387 0.03 394 2388 100.0 38.92 23.2382
222 124 42.0057 0.8415 100.0 445.0 550.01 1357.2 1126.18 3.91 5.72 138.1 2211.97 8331.55 1.02 42.19 130.7 2388.09 8097.34 9.414 0.02 332 2212 100.0 10.67 6.3717
222 125 35.0015 0.8414 100.0 449.44 556.18 1367.2 1133.15 5.48 8.0 194.18 2223.05 8361.86 1.02 41.99 182.81 2388.14 8076.2 9.3191 0.02 334 2223 100.0 14.72 8.9734
222 126 0.0004 0.0 100.0 518.67 642.87 1588.21 1411.9 14.62 21.61 553.07 2388.05 9061.91 1.3 47.62 521.66 2388.09 8145.47 8.4641 0.03 394 2388 100.0 38.69 23.3324
222 127 41.9995 0.8403 100.0 445.0 550.0 1348.44 1124.83 3.91 5.72 139.09 2211.99 8332.15 1.02 42.25 130.41 2388.09 8090.72 9.3952 0.02 333 2212 100.0 10.55 6.2658
222 128 35.0037 0.84 100.0 449.44 555.63 1369.12 1139.22 5.48 8.0 194.43 2223.07 8356.56 1.02 41.98 182.81 2388.11 8078.59 9.3385 0.02 335 2223 100.0 14.93 9.0017
222 129 25.0021 0.6201 60.0 462.54 536.47 1262.28 1058.43 7.05 9.03 174.87 1915.41 8013.95 0.94 36.75 164.37 2028.3 7876.14 10.9076 0.02 307 1915 84.93 14.13 8.5325
222 130 10.0072 0.25 100.0 489.05 604.67 1498.3 1319.92 10.52 15.49 394.68 2318.98 8782.92 1.26 45.71 371.66 2388.2 8137.69 8.6907 0.03 370 2319 100.0 28.6 17.1262
222 131 10.004 0.2502 100.0 489.05 605.12 1503.14 1309.05 10.52 15.5 394.51 2319.01 8788.88 1.26 45.61 371.45 2388.14 8137.5 8.6753 0.03 370 2319 100.0 28.56 17.0996
222 132 20.0058 0.701 100.0 491.19 607.61 1483.7 1250.93 9.35 13.65 334.42 2324.02 8736.93 1.08 44.65 314.59 2388.16 8061.55 9.2231 0.02 366 2324 100.0 24.4 14.6571
222 133 0.0013 0.0 100.0 518.67 642.84 1594.2 1410.47 14.62 21.61 553.36 2388.11 9060.96 1.3 47.73 521.7 2388.13 8142.78 8.4387 0.03 393 2388 100.0 39.01 23.2845
222 134 42.0003 0.84 100.0 445.0 549.57 1362.41 1136.19 3.91 5.72 137.85 2211.89 8329.25 1.02 42.27 130.26 2387.95 8089.02 9.4138 0.02 333 2212 100.0 10.54 6.3298
222 135 0.0025 0.0 100.0 518.67 643.29 1596.88 1414.15 14.62 21.61 553.4 2388.15 9064.74 1.3 47.65 521.38 2388.15 8137.94 8.4507 0.03 393 2388 100.0 38.78 23.2823
222 136 35.0078 0.84 100.0 449.44 556.13 1369.69 1137.12 5.48 8.0 194.17 2223.06 8354.0 1.02 42.13 182.92 2388.08 8073.45 9.3876 0.02 335 2223 100.0 14.75 8.9981
222 137 10.0026 0.25 100.0 489.05 605.72 1496.72 1316.71 10.52 15.5 393.94 2318.99 8789.25 1.26 45.51 371.36 2388.17 8128.96 8.682 0.03 371 2319 100.0 28.42 17.1393
222 138 42.004 0.84 100.0 445.0 550.05 1359.53 1125.08 3.91 5.72 138.5 2211.98 8321.7 1.02 42.39 130.16 2388.0 8088.26 9.3903 0.02 333 2212 100.0 10.53 6.4273
222 139 25.0003 0.62 60.0 462.54 536.77 1266.97 1057.71 7.05 9.03 175.24 1915.42 8017.01 0.94 37.01 164.63 2028.3 7879.72 10.9232 0.02 310 1915 84.93 14.27 8.5718
222 140 25.006 0.62 60.0 462.54 536.7 1267.79 1048.08 7.05 9.03 175.32 1915.42 8020.57 0.94 36.95 164.31 2028.32 7879.36 10.9468 0.02 307 1915 84.93 14.28 8.5056
222 141 0.0026 0.0 100.0 518.67 642.85 1594.81 1416.33 14.62 21.61 553.29 2388.06 9070.22 1.3 47.7 521.45 2388.12 8143.67 8.4487 0.03 395 2388 100.0 38.69 23.2085
222 142 20.0017 0.7 100.0 491.19 607.39 1490.06 1250.79 9.35 13.66 334.59 2324.05 8738.78 1.08 44.6 314.45 2388.18 8063.97 9.2313 0.02 367 2324 100.0 24.4 14.5663
222 143 35.0078 0.8412 100.0 449.44 556.08 1364.37 1139.42 5.48 8.0 194.61 2223.02 8356.0 1.02 42.18 183.18 2388.15 8063.44 9.3224 0.02 335 2223 100.0 14.79 8.9157
222 144 0.0005 0.0 100.0 518.67 642.7 1596.12 1412.79 14.62 21.61 552.84 2388.12 9060.15 1.3 47.72 521.13 2388.11 8138.48 8.4706 0.03 393 2388 100.0 38.68 23.2532
222 145 25.0036 0.62 60.0 462.54 536.8 1260.43 1050.7 7.05 9.03 174.91 1915.37 8019.29 0.94 37.0 164.04 2028.28 7877.74 10.9668 0.02 308 1915 84.93 14.34 8.5459
222 146 24.9991 0.6211 60.0 462.54 536.8 1263.26 1046.6 7.05 9.03 174.81 1915.4 8018.14 0.94 36.89 164.22 2028.31 7875.62 10.9266 0.02 309 1915 84.93 14.07 8.5914
222 147 41.9998 0.8411 100.0 445.0 549.64 1354.95 1131.47 3.91 5.72 138.31 2211.91 8331.45 1.02 42.3 129.85 2388.06 8085.75 9.4069 0.02 331 2212 100.0 10.43 6.2587
222 148 34.9983 0.8407 100.0 449.44 556.23 1372.51 1135.91 5.48 8.0 193.9 2223.03 8359.09 1.02 41.97 183.23 2388.13 8074.29 9.3791 0.02 336 2223 100.0 14.78 8.9056
222 149 0.0001 0.0014 100.0 518.67 643.31 1590.37 1412.14 14.62 21.61 552.59 2388.14 9058.22 1.3 47.65 520.87 2388.14 8139.73 8.4699 0.03 395 2388 100.0 38.92 23.3021
222 150 20.0071 0.7011 100.0 491.19 607.42 1477.04 1259.07 9.35 13.66 334.69 2324.04 8718.73 1.07 44.59 315.19 2388.17 8057.06 9.2401 0.02 364 2324 100.0 24.29 14.6559
222 151 42.0058 0.84 100.0 445.0 550.29 1359.17 1140.94 3.91 5.72 138.42 2211.85 8319.23 1.02 42.41 130.75 2387.98 8090.32 9.3908 0.02 330 2212 100.0 10.46 6.3472
222 152 9.9986 0.2507 100.0 489.05 605.37 1505.25 1321.1 10.52 15.5 393.88 2319.0 8781.57 1.26 45.69 371.34 2388.19 8130.42 8.7079 0.03 370 2319 100.0 28.38 17.0021
222 153 10.0073 0.2507 100.0 489.05 605.22 1507.54 1319.34 10.52 15.5 393.68 2319.04 8784.75 1.26 45.6 370.82 2388.21 8131.11 8.6562 0.03 370 2319 100.0 28.27 17.0181
222 154 0.0015 0.0 100.0 518.67 643.1 1600.29 1409.3 14.62 21.61 553.23 2388.16 9064.47 1.3 47.83 520.96 2388.14 8139.82 8.4135 0.03 394 2388 100.0 38.84 23.202
222 155 20.0052 0.7008 100.0 491.19 607.72 1490.26 1258.85 9.35 13.66 333.97 2324.06 8723.57 1.08 44.41 314.54 2388.16 8059.14 9.2514 0.03 365 2324 100.0 24.28 14.6014
222 156 0.0027 0.0 100.0 518.67 642.58 1594.69 1405.11 14.62 21.61 553.12 2388.16 9060.14 1.3 47.57 521.05 2388.16 8139.82 8.4613 0.03 394 2388 100.0 38.78 23.2727
222 157 0.002 0.0001 100.0 518.67 643.37 1597.45 1416.93 14.62 21.61 552.27 2388.16 9054.37 1.3 47.69 520.62 2388.2 8142.18 8.4846 0.03 395 2388 100.0 38.78 23.1642
222 158 0.0016 0.0 100.0 518.67 643.42 1599.07 1419.39 14.62 21.61 552.03 2388.19 9060.76 1.3 47.73 521.14 2388.11 8137.03 8.4531 0.03 393 2388 100.0 38.81 23.2247
222 159 19.9981 0.7 100.0 491.19 607.74 1493.47 1256.67 9.35 13.66 334.08 2324.07 8725.4 1.08 44.69 314.21 2388.18 8059.85 9.2465 0.03 366 2324 100.0 24.14 14.6717
222 160 0.0014 0.001 100.0 518.67 643.29 1597.07 1415.37 14.62 21.61 552.73 2388.14 9064.2 1.3 47.79 520.8 2388.17 8133.8 8.4718 0.03 395 2388 100.0 38.52 23.3011
222 161 10.0056 0.25 100.0 489.05 605.68 1506.44 1319.4 10.52 15.5 393.37 2319.03 8779.38 1.26 45.92 371.11 2388.24 8129.36 8.7036 0.03 371 2319 100.0 28.57 17.0236
222 162 20.0053 0.7 100.0 491.19 608.23 1493.04 1263.74 9.35 13.66 334.0 2324.06 8730.0 1.08 44.64 314.13 2388.23 8059.23 9.2769 0.03 365 2324 100.0 24.24 14.5076
222 163 25.0025 0.6215 60.0 462.54 537.01 1255.42 1059.58 7.05 9.03 175.26 1915.32 8016.97 0.94 37.12 163.82 2028.24 7873.5 10.9931 0.02 310 1915 84.93 14.21 8.5289
222 164 20.0052 0.7 100.0 491.19 608.13 1486.39 1260.33 9.35 13.66 332.91 2324.02 8726.67 1.07 44.74 314.55 2388.23 8069.26 9.2568 0.03 365 2324 100.0 24.18 14.5073
222 165 0.0022 0.0012 100.0 518.67 643.82 1598.44 1413.33 14.62 21.61 552.43 2388.21 9056.42 1.3 47.73 520.73 2388.13 8141.16 8.4596 0.03 394 2388 100.0 38.58 23.2134
222 166 42.0073 0.84 100.0 445.0 549.84 1358.13 1132.42 3.91 5.72 138.53 2211.79 8319.89 1.02 42.5 130.34 2387.88 8080.95 9.411 0.02 332 2212 100.0 10.47 6.2743
222 167 42.0072 0.8412 100.0 445.0 550.23 1358.6 1137.03 3.91 5.72 138.71 2211.75 8322.2 1.02 42.43 129.92 2387.84 8085.22 9.4075 0.02 333 2212 100.0 10.45 6.317
222 168 10.0056 0.25 100.0 489.05 605.0 1506.05 1326.03 10.52 15.5 393.87 2319.03 8779.13 1.26 45.81 370.7 2388.29 8126.37 8.7212 0.03 369 2319 100.0 28.36 16.9449
222 169 35.0052 0.84 100.0 449.44 556.24 1372.76 1135.19 5.48 8.0 193.66 2222.98 8352.68 1.02 42.25 182.05 2388.12 8068.28 9.3705 0.02 336 2223 100.0 14.86 8.9776
222 170 0.0019 0.0 100.0 518.67 642.61 1594.21 1424.45 14.62 21.61 551.92 2388.13 9063.67 1.3 47.55 520.63 2388.23 8135.89 8.4889 0.03 393 2388 100.0 38.56 23.1694
222 171 10.0002 0.25 100.0 489.05 605.55 1503.56 1320.02 10.52 15.49 393.87 2319.09 8783.61 1.26 45.7 371.17 2388.28 8125.73 8.6928 0.03 372 2319 100.0 28.42 16.957
222 172 20.0018 0.7 100.0 491.19 608.2 1489.25 1266.52 9.35 13.66 333.37 2324.08 8731.92 1.07 44.62 314.42 2388.25 8063.2 9.2967 0.03 366 2324 100.0 24.39 14.5667
222 173 25.0046 0.6207 60.0 462.54 537.39 1264.8 1060.48 7.05 9.03 175.53 1915.27 8016.73 0.94 36.95 164.54 2028.17 7871.78 10.9586 0.02 309 1915 84.93 14.2 8.5696
222 174 41.998 0.84 100.0 445.0 550.2 1357.64 1130.92 3.91 5.71 138.49 2211.77 8324.89 1.02 42.63 130.56 2387.88 8083.46 9.4059 0.02 333 2212 100.0 10.4 6.1854
222 175 35.0019 0.84 100.0 449.44 556.15 1371.2 1143.22 5.48 8.0 194.33 2222.94 8351.34 1.02 42.3 182.87 2388.06 8069.67 9.3874 0.02 336 2223 100.0 14.6 8.811
222 176 35.0019 0.8406 100.0 449.44 556.19 1373.99 1127.57 5.48 8.0 193.9 2222.95 8355.4 1.02 42.24 182.87 2387.95 8066.54 9.4079 0.02 335 2223 100.0 14.76 8.8527
222 177 19.9998 0.7002 100.0 491.19 608.44 1490.57 1261.09 9.35 13.66 333.39 2324.07 8725.58 1.08 44.79 313.84 2388.24 8063.2 9.2652 0.03 369 2324 100.0 24.32 14.6746
222 178 0.0008 0.0 100.0 518.67 643.33 1598.51 1416.35 14.62 21.61 552.44 2388.2 9050.04 1.3 47.98 520.37 2388.23 8131.58 8.5038 0.03 394 2388 100.0 38.5 23.1727
222 179 35.003 0.8401 100.0 449.44 556.45 1384.17 1144.84 5.48 8.0 194.1 2222.94 8350.02 1.02 42.41 182.82 2387.98 8060.04 9.391 0.02 336 2223 100.0 14.84 8.8246
222 180 35.0029 0.84 100.0 449.44 556.81 1368.63 1144.24 5.48 8.0 193.64 2222.9 8350.74 1.02 42.43 182.25 2387.99 8059.86 9.403 0.02 335 2223 100.0 14.72 8.9267
222 181 42.0054 0.84 100.0 445.0 550.13 1355.49 1140.22 3.91 5.72 137.78 2211.73 8316.94 1.02 42.43 130.15 2387.8 8076.18 9.4519 0.02 330 2212 100.0 10.44 6.2885
222 182 42.0027 0.8407 100.0 445.0 550.24 1366.27 1145.78 3.91 5.72 137.78 2211.72 8325.08 1.02 42.64 130.03 2387.72 8086.31 9.4518 0.02 332 2212 100.0 10.49 6.3124
222 183 25.0059 0.62 60.0 462.54 537.32 1273.29 1064.81 7.05 9.03 174.63 1915.23 8008.4 0.94 37.28 164.63 2028.11 7879.14 10.9715 0.02 308 1915 84.93 14.24 8.4905
222 184 20.0036 0.7 100.0 491.19 608.38 1491.99 1262.9 9.35 13.66 333.78 2324.11 8716.16 1.08 44.96 314.95 2388.21 8057.37 9.3236 0.03 366 2324 100.0 24.32 14.4685
222 185 35.0008 0.8404 100.0 449.44 556.78 1376.93 1143.12 5.48 8.0 193.71 2222.85 8347.19 1.02 42.39 182.36 2387.94 8060.72 9.3955 0.02 336 2223 100.0 14.86 8.8924
222 186 42.0014 0.8404 100.0 445.0 550.79 1363.64 1143.67 3.91 5.72 138.77 2211.69 8317.14 1.02 42.51 130.13 2387.75 8077.49 9.4476 0.02 332 2212 100.0 10.57 6.3302
222 187 24.9999 0.62 60.0 462.54 537.38 1275.27 1059.6 7.05 9.03 175.09 1915.25 8010.8 0.94 37.12 164.04 2028.13 7876.18 11.0335 0.02 310 1915 84.93 14.08 8.4786
222 188 42.0007 0.84 100.0 445.0 549.69 1366.89 1142.13 3.91 5.72 137.83 2211.71 8320.02 1.02 42.74 129.78 2387.73 8076.71 9.4386 0.02 332 2212 100.0 10.52 6.3288
222 189 41.9988 0.8418 100.0 445.0 550.53 1364.29 1140.82 3.91 5.72 138.09 2211.63 8318.65 1.02 42.68 130.13 2387.74 8076.89 9.4487 0.02 333 2212 100.0 10.47 6.2927
222 190 42.0007 0.8412 100.0 445.0 550.11 1362.22 1146.54 3.91 5.72 138.27 2211.64 8326.15 1.02 42.63 130.16 2387.72 8075.64 9.4269 0.02 332 2212 100.0 10.37 6.3466
222 191 35.0043 0.8414 100.0 449.44 556.32 1382.01 1151.15 5.48 8.0 193.37 2222.85 8348.17 1.02 42.55 181.56 2387.93 8061.5 9.382 0.02 336 2223 100.0 14.65 8.7961
222 192 42.0061 0.8408 100.0 445.0 550.17 1355.94 1149.29 3.91 5.72 137.89 2211.65 8322.49 1.02 42.85 129.76 2387.68 8076.22 9.4839 0.02 334 2212 100.0 10.47 6.2671
222 193 25.0021 0.6211 60.0 462.54 537.36 1264.53 1065.46 7.05 9.03 174.92 1915.21 8008.48 0.94 37.02 163.71 2028.04 7868.41 11.0084 0.02 310 1915 84.93 14.11 8.4566
222 194 0.0003 0.0 100.0 518.67 643.51 1601.75 1426.83 14.62 21.61 551.59 2388.27 9057.91 1.3 48.07 519.78 2388.24 8126.05 8.5133 0.03 395 2388 100.0 38.35 23.034
222 195 10.0017 0.2508 100.0 489.05 605.6 1513.31 1331.59 10.52 15.5 392.88 2319.17 8781.19 1.26 46.06 370.34 2388.43 8117.85 8.735 0.03 374 2319 100.0 28.25 17.053
