250 1 0.0016 0.0 100.0 518.67 642.56 1584.64 1400.7 14.62 21.61 553.67 2388.03 9042.12 1.3 47.2 521.84 2388.06 8132.06 8.4497 0.03 391 2388 100.0 39.08 23.3724
250 2 20.0003 0.7 100.0 491.19 606.92 1483.33 1247.49 9.35 13.66 335.36 2323.92 8713.0 1.08 44.13 316.36 2388.03 8057.71 9.1844 0.02 365 2324 100.0 24.58 14.6704
250 3 0.0016 0.0015 100.0 518.67 642.32 1577.58 1401.09 14.62 21.61 553.54 2388.11 9048.3 1.3 47.23 522.16 2388.06 8127.53 8.3755 0.03 393 2388 100.0 38.98 23.2845
250 4 42.0025 0.8419 100.0 445.0 549.41 1346.1 1116.03 3.91 5.72 138.46 2211.83 8316.83 1.02 42.13 130.73 2387.92 8071.65 9.3288 0.02 330 2212 100.0 10.62 6.5176
250 5 0.0013 0.0 100.0 518.67 642.79 1586.36 1400.12 14.62 21.61 553.91 2388.06 9048.3 1.3 47.49 521.66 2388.05 8140.01 8.3797 0.03 392 2388 100.0 38.99 23.2962
250 6 25.0056 0.622 60.0 462.54 536.48 1259.93 1047.21 7.05 9.02 175.84 1915.26 8010.96 0.94 36.62 164.91 2028.1 7874.31 10.8739 0.02 306 1915 84.93 14.34 8.6346
250 7 24.9998 0.62 60.0 462.54 536.32 1261.3 1042.53 7.05 9.02 175.61 1915.29 8006.98 0.94 36.69 164.58 2028.2 7873.36 10.8571 0.02 306 1915 84.93 14.26 8.5603
250 8 9.9985 0.2503 100.0 489.05 604.67 1501.03 1300.91 10.52 15.49 394.94 2318.86 8772.22 1.26 45.42 371.63 2388.04 8124.17 8.5978 0.03 370 2319 100.0 28.69 17.1278
250 9 35.0034 0.8407 100.0 449.44 555.66 1365.49 1129.78 5.48 8.0 194.4 2222.88 8349.53 1.02 41.78 183.32 2387.95 8065.86 9.2511 0.02 334 2223 100.0 14.9 8.9198
250 10 42.0063 0.84 100.0 445.0 549.62 1347.09 1124.16 3.91 5.71 138.68 2211.91 8320.25 1.02 41.96 130.9 2387.94 8081.04 9.3483 0.02 331 2212 100.0 10.78 6.3554
250 11 9.9982 0.2519 100.0 489.05 603.63 1494.01 1305.5 10.52 15.49 395.38 2318.93 8772.75 1.26 45.11 371.36 2388.09 8122.45 8.6136 0.03 369 2319 100.0 28.85 17.1137
250 12 0.0006 0.0 100.0 518.67 642.44 1586.64 1407.54 14.62 21.61 554.02 2388.06 9050.34 1.3 47.08 521.66 2388.1 8136.73 8.4116 0.03 393 2388 100.0 38.91 23.3513
250 13 42.0078 0.8418 100.0 445.0 549.43 1349.95 1121.76 3.91 5.72 138.75 2211.81 8315.33 1.02 41.89 130.62 2387.88 8077.81 9.333 0.02 332 2212 100.0 10.68 6.2984
250 14 20.0066 0.7 100.0 491.19 607.66 1485.44 1251.89 9.35 13.65 334.68 2323.88 8724.07 1.08 44.17 315.07 2388.09 8056.22 9.1831 0.02 364 2324 100.0 24.62 14.7771
250 15 0.0008 0.0014 100.0 518.67 642.31 1585.51 1396.64 14.62 21.61 553.91 2388.06 9048.37 1.3 47.32 521.91 2388.05 8135.14 8.3962 0.03 392 2388 100.0 39.0 23.3388
250 16 41.9989 0.84 100.0 445.0 549.35 1350.05 1121.22 3.91 5.72 138.86 2211.84 8313.14 1.02 41.82 130.78 2387.91 8080.74 9.3477 0.02 330 2212 100.0 10.61 6.3993
250 17 0.0013 0.0012 100.0 518.67 642.32 1581.8 1407.03 14.62 21.61 554.67 2388.07 9054.36 1.3 47.27 521.82 2388.11 8134.75 8.4174 0.03 395 2388 100.0 39.14 23.4274
250 18 42.0067 0.8409 100.0 445.0 549.58 1352.11 1112.44 3.91 5.71 138.87 2211.79 8310.36 1.02 42.11 130.45 2387.91 8080.67 9.3575 0.02 330 2212 100.0 10.57 6.3659
250 19 10.0059 0.25 100.0 489.05 604.52 1498.44 1307.33 10.52 15.49 394.62 2318.89 8775.59 1.26 45.3 372.16 2388.08 8123.74 8.6304 0.03 368 2319 100.0 28.6 17.2604
250 20 41.9985 0.84 100.0 445.0 549.04 1347.53 1127.69 3.91 5.71 139.01 2211.87 8317.49 1.02 42.11 130.27 2387.91 8079.38 9.3665 0.02 329 2212 100.0 10.43 6.3461
250 21 35.0 0.8407 100.0 449.44 555.28 1358.99 1124.89 5.48 8.0 194.42 2222.83 8337.14 1.02 42.04 183.13 2388.03 8063.89 9.3337 0.02 334 2223 100.0 14.94 8.8606
250 22 41.9989 0.84 100.0 445.0 549.28 1352.47 1114.22 3.91 5.71 138.89 2211.8 8318.6 1.02 41.88 131.03 2387.9 8079.03 9.351 0.02 328 2212 100.0 10.64 6.2289
250 23 0.0017 0.0 100.0 518.67 642.4 1591.35 1407.39 14.62 21.61 553.57 2388.04 9051.06 1.3 47.2 521.82 2388.08 8131.29 8.4174 0.03 391 2388 100.0 38.97 23.4384
250 24 35.007 0.8407 100.0 449.44 555.19 1353.24 1126.42 5.48 8.0 194.67 2222.9 8338.83 1.02 41.83 183.47 2387.95 8061.33 9.2687 0.02 334 2223 100.0 14.82 8.8839
250 25 34.9998 0.84 100.0 449.44 555.58 1357.59 1122.45 5.48 8.0 194.63 2222.85 8347.65 1.02 41.88 182.64 2387.9 8066.94 9.3072 0.02 332 2223 100.0 14.68 8.914
250 26 20.0055 0.7 100.0 491.19 606.88 1486.96 1245.72 9.35 13.65 335.38 2323.9 8720.85 1.08 44.35 315.26 2388.04 8054.0 9.2005 0.02 364 2324 100.0 24.45 14.7801
250 27 25.0012 0.62 60.0 462.54 536.64 1265.26 1039.34 7.05 9.03 175.7 1915.21 8009.95 0.94 36.76 164.19 2028.17 7871.67 10.8772 0.02 308 1915 84.93 14.35 8.5439
250 28 9.9998 0.25 100.0 489.05 604.36 1504.81 1301.5 10.52 15.49 394.38 2318.88 8766.45 1.26 45.32 372.05 2388.08 8124.57 8.6767 0.03 368 2319 100.0 28.64 17.1701
250 29 19.9991 0.7002 100.0 491.19 607.15 1479.3 1248.48 9.35 13.66 334.86 2323.96 8721.21 1.08 44.36 315.38 2388.05 8054.84 9.2152 0.02 365 2324 100.0 24.64 14.7283
250 30 10.0012 0.2511 100.0 489.05 605.2 1502.66 1303.31 10.52 15.49 394.8 2318.84 8776.91 1.26 45.23 372.08 2388.07 8130.59 8.6372 0.03 368 2319 100.0 28.62 17.1237
250 31 25.0021 0.62 60.0 462.54 536.49 1252.97 1045.32 7.05 9.02 175.23 1915.22 8007.29 0.94 36.61 165.09 2028.17 7872.05 10.8706 0.02 307 1915 84.93 14.31 8.549
250 32 10.0002 0.25 100.0 489.05 604.2 1500.04 1303.19 10.52 15.49 395.59 2318.87 8772.53 1.26 45.41 371.66 2388.08 8127.78 8.6332 0.03 368 2319 100.0 28.69 17.1877
250 33 10.002 0.25 100.0 489.05 604.44 1501.07 1306.35 10.52 15.49 394.22 2318.86 8767.71 1.26 45.35 371.97 2388.08 8122.43 8.657 0.03 369 2319 100.0 28.67 17.1672
250 34 25.0017 0.62 60.0 462.54 536.56 1250.13 1049.78 7.05 9.02 175.91 1915.27 8008.66 0.93 36.6 164.66 2028.18 7872.16 10.908 0.02 308 1915 84.93 14.27 8.6052
250 35 35.0068 0.84 100.0 449.44 555.21 1365.19 1126.54 5.48 8.0 194.68 2222.92 8344.18 1.03 41.7 183.49 2387.97 8058.89 9.3176 0.02 332 2223 100.0 14.86 8.9104
250 36 25.0071 0.6203 60.0 462.54 536.99 1263.84 1046.63 7.05 9.02 175.55 1915.27 8009.24 0.94 36.55 164.94 2028.21 7876.15 10.8649 0.02 308 1915 84.93 14.3 8.5734
250 37 42.0006 0.84 100.0 445.0 549.49 1349.19 1125.94 3.91 5.71 138.79 2211.91 8321.27 1.02 42.04 130.85 2387.96 8085.19 9.3372 0.02 329 2212 100.0 10.55 6.3659
250 38 20.0005 0.7 100.0 491.19 607.2 1479.21 1242.11 9.35 13.66 334.54 2323.9 8719.61 1.08 44.25 315.46 2388.03 8053.32 9.1719 0.02 363 2324 100.0 24.42 14.7924
250 39 42.0004 0.8413 100.0 445.0 549.31 1354.94 1127.11 3.91 5.71 138.78 2211.81 8316.99 1.02 41.65 130.3 2387.84 8072.99 9.3596 0.02 329 2212 100.0 10.56 6.2638
250 40 20.0061 0.7 100.0 491.19 607.01 1487.71 1251.89 9.35 13.66 334.77 2323.87 8723.15 1.08 44.43 315.15 2388.04 8053.39 9.2092 0.02 363 2324 100.0 24.54 14.7468
250 41 19.9999 0.7 100.0 491.19 607.32 1488.57 1241.06 9.35 13.66 334.97 2323.89 8712.77 1.07 44.23 314.78 2388.01 8054.07 9.2022 0.02 363 2324 100.0 24.43 14.7433
250 42 25.0033 0.6218 60.0 462.54 536.7 1265.96 1047.41 7.05 9.03 175.6 1915.21 7999.18 0.94 36.58 164.39 2028.14 7860.55 10.8633 0.02 305 1915 84.93 14.44 8.5681
250 43 35.0041 0.8412 100.0 449.44 555.1 1362.1 1131.37 5.48 8.0 194.97 2222.87 8339.3 1.02 41.91 182.79 2387.94 8059.06 9.3317 0.02 332 2223 100.0 14.92 8.8737
250 44 10.0055 0.2507 100.0 489.05 604.33 1491.84 1301.97 10.52 15.49 394.26 2318.88 8780.02 1.26 45.29 371.39 2388.06 8128.98 8.6145 0.03 370 2319 100.0 28.65 17.3044
250 45 10.0023 0.25 100.0 489.05 603.91 1501.13 1300.5 10.52 15.49 395.6 2318.9 8773.65 1.26 45.29 371.95 2388.09 8128.13 8.6245 0.03 370 2319 100.0 28.63 17.073
250 46 25.0014 0.6207 60.0 462.54 536.56 1260.74 1044.76 7.05 9.02 175.42 1915.31 8005.71 0.94 36.64 165.13 2028.18 7866.93 10.8978 0.02 305 1915 84.93 14.33 8.581
250 47 10.0063 0.25 100.0 489.05 604.33 1500.76 1309.8 10.52 15.49 394.83 2318.89 8778.35 1.26 45.14 371.7 2388.06 8128.2 8.6528 0.03 368 2319 100.0 28.74 17.0846
250 48 35.0059 0.84 100.0 449.44 555.56 1355.14 1129.24 5.48 8.0 194.62 2222.89 8347.94 1.02 41.85 183.38 2387.95 8069.38 9.3399 0.02 333 2223 100.0 14.87 8.8952
250 49 25.0067 0.62 60.0 462.54 536.7 1258.07 1045.88 7.05 9.03 175.03 1915.27 8005.5 0.94 36.77 164.81 2028.16 7871.0 10.8729 0.02 307 1915 84.93 14.31 8.5443
250 50 42.0002 0.8401 100.0 445.0 549.0 1354.1 1119.35 3.91 5.71 139.06 2211.78 8318.5 1.02 42.0 130.97 2387.91 8084.82 9.3186 0.02 332 2212 100.0 10.73 6.4001
250 51 9.999 0.25 100.0 489.05 604.92 1493.24 1311.81 10.52 15.49 393.97 2318.93 8775.55 1.26 45.43 371.88 2388.1 8130.33 8.644 0.03 368 2319 100.0 28.85 17.2169
250 52 42.0048 0.8418 100.0 445.0 549.55 1347.3 1125.28 3.91 5.72 138.31 2211.79 8315.57 1.02 41.83 130.67 2387.9 8078.91 9.3289 0.02 331 2212 100.0 10.68 6.323
250 53 35.0043 0.84 100.0 449.44 555.43 1361.5 1128.75 5.48 8.0 194.8 2222.84 8339.76 1.02 41.83 183.39 2387.95 8053.24 9.2887 0.02 332 2223 100.0 14.77 8.8784
250 54 42.0049 0.84 100.0 445.0 549.29 1358.04 1116.97 3.91 5.72 138.12 2211.76 8311.9 1.02 42.03 130.21 2387.86 8075.7 9.3342 0.02 329 2212 100.0 10.54 6.4145
250 55 25.0056 0.6203 60.0 462.54 536.82 1259.42 1045.04 7.05 9.02 175.02 1915.33 8007.48 0.94 36.8 164.5 2028.2 7866.74 10.8582 0.02 308 1915 84.93 14.18 8.6467
250 56 0.0028 0.0 100.0 518.67 642.61 1586.2 1395.5 14.62 21.61 554.0 2388.06 9043.36 1.3 47.36 521.91 2388.03 8127.36 8.3739 0.03 391 2388 100.0 38.91 23.4333
250 57 41.9989 0.84 100.0 445.0 549.9 1353.62 1123.45 3.91 5.71 138.8 2211.83 8313.06 1.02 41.92 130.31 2387.87 8078.8 9.3521 0.02 329 2212 100.0 10.47 6.4313
250 58 0.0003 0.0 100.0 518.67 642.12 1585.55 1401.93 14.62 21.61 553.69 2388.04 9056.58 1.3 47.29 521.88 2388.06 8131.41 8.4115 0.03 392 2388 100.0 39.05 23.4255
250 59 0.0016 0.0 100.0 518.67 642.14 1578.92 1394.67 14.62 21.61 553.8 2388.04 9054.93 1.3 47.3 522.21 2388.07 8133.66 8.4027 0.03 392 2388 100.0 38.89 23.363
250 60 10.0031 0.2501 100.0 489.05 604.32 1496.0 1304.04 10.52 15.49 394.05 2318.86 8767.19 1.26 45.33 371.78 2388.03 8122.79 8.6383 0.03 369 2319 100.0 28.47 17.1016
250 61 42.0013 0.84 100.0 445.0 549.16 1343.75 1126.0 3.91 5.71 138.65 2211.78 8312.57 1.02 41.89 130.92 2387.84 8081.7 9.3871 0.02 330 2212 100.0 10.56 6.4835
250 62 0.0011 0.0006 100.0 518.67 642.85 1586.89 1395.95 14.62 21.61 554.32 2388.12 9039.28 1.3 47.52 521.85 2388.12 8133.85 8.3778 0.03 393 2388 100.0 38.95 23.2787
250 63 25.0044 0.6208 60.0 462.54 536.51 1266.09 1042.23 7.05 9.02 175.1 1915.3 8001.28 0.94 36.65 164.47 2028.13 7871.67 10.8685 0.02 306 1915 84.93 14.23 8.6135
250 64 19.9989 0.7 100.0 491.19 606.8 1485.72 1250.84 9.35 13.65 334.44 2323.94 8716.42 1.08 44.35 315.2 2388.13 8061.32 9.2378 0.02 364 2324 100.0 24.43 14.8181
250 65 10.0024 0.25 100.0 489.05 604.88 1498.62 1301.44 10.52 15.49 395.04 2318.87 8773.16 1.26 45.37 372.06 2388.14 8126.51 8.6185 0.03 368 2319 100.0 28.63 17.1027
250 66 20.0001 0.7008 100.0 491.19 607.2 1481.43 1254.96 9.35 13.65 334.57 2323.88 8721.14 1.08 44.18 315.5 2388.04 8059.91 9.1923 0.02 364 2324 100.0 24.68 14.7624
250 67 25.0067 0.6217 60.0 462.54 536.71 1263.08 1047.55 7.05 9.03 175.38 1915.24 8005.5 0.94 36.53 164.87 2028.09 7869.6 10.8435 0.02 307 1915 84.93 14.28 8.5137
250 68 20.0064 0.7 100.0 491.19 607.42 1487.33 1250.01 9.35 13.65 335.38 2323.94 8717.27 1.08 44.19 315.64 2388.07 8056.95 9.1934 0.02 366 2324 100.0 24.55 14.6901
250 69 20.0056 0.7 100.0 491.19 607.17 1485.11 1245.13 9.35 13.65 335.11 2323.89 8715.84 1.08 44.25 315.0 2388.02 8056.35 9.1974 0.02 364 2324 100.0 24.58 14.6958
250 70 35.0039 0.84 100.0 449.44 555.9 1362.72 1128.94 5.48 8.0 194.88 2222.83 8345.4 1.02 41.81 182.6 2387.94 8065.04 9.2869 0.02 333 2223 100.0 14.92 8.8039
250 71 42.0006 0.8403 100.0 445.0 549.19 1349.02 1116.33 3.91 5.72 139.17 2211.85 8316.81 1.02 42.16 130.31 2387.91 8083.74 9.3649 0.02 330 2212 100.0 10.51 6.3464
250 72 0.0027 0.0 100.0 518.67 642.05 1586.72 1398.3 14.62 21.61 554.17 2388.13 9049.02 1.3 47.4 521.66 2388.05 8125.22 8.4228 0.03 393 2388 100.0 38.81 23.4058
250 73 25.0011 0.62 60.0 462.54 536.77 1263.58 1045.8 7.05 9.02 175.46 1915.2 8006.08 0.94 36.76 165.3 2028.15 7871.96 10.8689 0.02 305 1915 84.93 14.44 8.6495
250 74 25.0033 0.62 60.0 462.54 537.37 1253.06 1039.65 7.05 9.03 175.46 1915.26 8010.88 0.94 36.58 164.24 2028.15 7874.72 10.9012 0.02 306 1915 84.93 14.1 8.6072
250 75 24.999 0.62 60.0 462.54 536.53 1261.97 1046.29 7.05 9.02 175.97 1915.31 8006.28 0.94 36.71 164.27 2028.18 7871.36 10.8834 0.02 308 1915 84.93 14.29 8.5068
250 76 0.0009 0.0015 100.0 518.67 641.94 1584.84 1400.31 14.62 21.61 553.29 2388.0 9053.15 1.3 47.29 521.4 2388.11 8137.56 8.4254 0.03 393 2388 100.0 38.87 23.3381
250 77 0.0027 0.0 100.0 518.67 642.08 1589.76 1402.57 14.62 21.61 554.13 2388.09 9053.52 1.3 47.35 522.36 2388.05 8133.17 8.4118 0.03 394 2388 100.0 39.1 23.4618
250 78 10.0036 0.25 100.0 489.05 604.16 1500.4 1301.45 10.52 15.49 394.74 2318.91 8769.41 1.26 45.26 371.8 2388.08 8123.75 8.6744 0.03 368 2319 100.0 28.6 17.0187
250 79 34.9997 0.8405 100.0 449.44 556.09 1366.93 1129.43 5.48 8.0 194.44 2222.83 8343.87 1.02 41.91 183.81 2387.91 8058.04 9.2961 0.02 334 2223 100.0 14.9 8.8264
250 80 24.9989 0.6213 60.0 462.54 537.19 1260.25 1046.77 7.05 9.02 175.73 1915.24 8008.45 0.94 36.6 164.99 2028.14 7875.45 10.9039 0.02 306 1915 84.93 14.23 8.5757
250 81 25.007 0.6209 60.0 462.54 536.72 1252.97 1049.65 7.05 9.02 175.8 1915.29 8004.02 0.94 36.65 165.33 2028.14 7873.44 10.8637 0.02 306 1915 84.93 14.52 8.5675
250 82 10.0066 0.2513 100.0 489.05 604.77 1500.75 1304.3 10.52 15.49 394.82 2318.85 8767.8 1.26 45.16 371.77 2388.14 8124.48 8.6308 0.03 368 2319 100.0 28.67 17.014
250 83 0.002 0.0002 100.0 518.67 642.97 1588.48 1399.85 14.62 21.61 553.52 2388.0 9048.39 1.3 47.3 521.59 2388.06 8133.9 8.4329 0.03 392 2388 100.0 38.79 23.3327
250 84 10.0043 0.2514 100.0 489.05 604.5 1494.1 1306.16 10.52 15.49 394.5 2318.93 8771.7 1.26 45.45 371.56 2388.1 8125.14 8.6476 0.03 371 2319 100.0 28.57 17.1187
250 85 10.0046 0.25 100.0 489.05 604.47 1500.13 1309.02 10.52 15.49 394.27 2318.94 8776.03 1.26 45.43 371.53 2388.06 8129.42 8.6641 0.03 368 2319 100.0 28.92 17.1119
250 86 42.006 0.8417 100.0 445.0 549.8 1350.24 1130.37 3.91 5.72 139.41 2211.74 8314.0 1.02 42.06 130.75 2387.91 8076.73 9.3496 0.02 331 2212 100.0 10.5 6.3959
250 87 42.0032 0.8403 100.0 445.0 549.09 1355.75 1122.13 3.91 5.71 138.6 2211.74 8324.24 1.02 42.09 130.52 2387.81 8076.87 9.3745 0.02 331 2212 100.0 10.73 6.3725
250 88 20.0064 0.7012 100.0 491.19 607.53 1484.94 1248.29 9.35 13.65 335.51 2323.96 8718.27 1.08 44.08 315.63 2388.07 8052.11 9.186 0.02 364 2324 100.0 24.42 14.7378
250 89 20.0061 0.7001 100.0 491.19 607.22 1488.47 1254.71 9.35 13.65 333.72 2323.92 8719.73 1.08 44.4 314.92 2388.04 8058.49 9.2215 0.02 363 2324 100.0 24.47 14.7115
250 90 20.0054 0.7 100.0 491.19 607.45 1490.05 1253.4 9.35 13.65 334.73 2323.89 8714.71 1.08 44.39 315.32 2388.06 8058.7 9.2255 0.02 366 2324 100.0 24.64 14.6609
250 91 9.9994 0.2519 100.0 489.05 604.83 1494.32 1310.59 10.52 15.5 394.97 2318.97 8771.94 1.26 45.39 371.85 2388.11 8120.25 8.6257 0.03 369 2319 100.0 28.47 17.1403
250 92 34.9981 0.84 100.0 449.44 555.68 1361.21 1130.44 5.48 8.0 194.54 2222.79 8349.04 1.02 42.03 182.95 2387.86 8058.81 9.3259 0.02 334 2223 100.0 14.86 8.9284
250 93 35.0055 0.8403 100.0 449.44 555.55 1364.62 1130.39 5.48 8.0 194.89 2222.89 8347.18 1.02 42.0 183.29 2387.99 8059.04 9.314 0.02 333 2223 100.0 14.98 8.901
250 94 0.0004 0.0015 100.0 518.67 642.24 1588.88 1409.87 14.62 21.61 553.97 2388.1 9041.0 1.3 47.27 521.45 2388.09 8128.74 8.4653 0.03 392 2388 100.0 38.88 23.3578
250 95 42.0024 0.8416 100.0 445.0 549.44 1354.51 1124.99 3.91 5.71 138.52 2211.78 8303.08 1.02 42.01 130.53 2387.79 8082.24 9.3614 0.02 333 2212 100.0 10.58 6.3873
250 96 10.0024 0.2508 100.0 489.05 604.87 1501.56 1306.68 10.52 15.49 394.64 2318.91 8769.54 1.26 45.52 371.68 2388.1 8125.44 8.6539 0.03 368 2319 100.0 28.55 17.0837
250 97 0.0021 0.0019 100.0 518.67 642.67 1586.38 1407.17 14.62 21.61 554.26 2388.05 9050.39 1.3 47.36 521.57 2388.09 8132.94 8.4155 0.03 392 2388 100.0 39.02 23.3053
250 98 10.0048 0.25 100.0 489.05 604.9 1502.01 1307.5 10.52 15.49 394.2 2318.89 8766.16 1.26 45.24 372.26 2388.13 8125.2 8.6214 0.03 370 2319 100.0 28.64 17.1716
250 99 0.0022 0.0002 100.0 518.67 642.6 1596.03 1410.55 14.62 21.61 553.69 2388.09 9051.29 1.3 47.44 522.04 2388.08 8135.49 8.4756 0.03 393 2388 100.0 39.06 23.16
250 100 9.999 0.25 100.0 489.05 604.81 1505.76 1304.46 10.52 15.49 394.49 2318.94 8767.67 1.26 45.43 371.01 2388.14 8119.97 8.6614 0.03 368 2319 100.0 28.57 17.0224
250 101 35.0042 0.8404 100.0 449.44 556.08 1363.13 1128.06 5.48 8.0 194.48 2222.84 8345.35 1.02 41.75 182.97 2387.99 8060.49 9.3458 0.02 335 2223 100.0 14.9 8.9705
250 102 20.0064 0.7 100.0 491.19 608.01 1479.24 1246.59 9.35 13.65 334.5 2323.92 8715.58 1.08 44.3 314.77 2388.02 8057.07 9.2239 0.02 367 2324 100.0 24.67 14.7634
250 103 42.0069 0.8403 100.0 445.0 549.76 1354.64 1128.3 3.91 5.72 139.07 2211.77 8311.93 1.02 41.97 130.88 2387.74 8075.42 9.3762 0.02 330 2212 100.0 10.68 6.4361
250 104 25.0072 0.6204 60.0 462.54 536.78 1258.82 1046.43 7.05 9.02 175.5 1915.23 8009.03 0.94 36.92 165.09 2028.11 7870.82 10.8702 0.02 308 1915 84.93 14.39 8.5856
250 105 42.0068 0.8419 100.0 445.0 549.39 1352.33 1130.8 3.91 5.72 138.87 2211.75 8311.93 1.02 42.16 130.01 2387.83 8076.22 9.3553 0.02 331 2212 100.0 10.61 6.3837
250 106 41.9994 0.84 100.0 445.0 549.92 1348.17 1125.24 3.91 5.72 139.18 2211.74 8312.28 1.02 42.1 130.47 2387.85 8073.93 9.3688 0.02 331 2212 100.0 10.52 6.2967
250 107 0.0001 0.0008 100.0 518.67 642.24 1589.33 1398.4 14.62 21.61 554.11 2388.09 9053.63 1.3 47.38 521.53 2388.1 8128.72 8.4181 0.03 392 2388 100.0 38.78 23.1867
250 108 25.005 0.6201 60.0 462.54 536.83 1255.84 1052.64 7.05 9.02 175.17 1915.24 8009.11 0.94 36.81 164.92 2028.14 7869.55 10.9094 0.02 308 1915 84.93 14.18 8.6198
250 109 20.0011 0.7 100.0 491.19 607.43 1482.2 1257.42 9.35 13.65 333.8 2323.95 8714.69 1.08 44.38 315.0 2388.08 8053.76 9.1931 0.02 364 2324 100.0 24.61 14.7018
250 110 42.0023 0.8412 100.0 445.0 549.31 1355.83 1124.39 3.91 5.71 138.39 2211.76 8312.96 1.02 42.16 130.43 2387.83 8079.41 9.3993 0.02 330 2212 100.0 10.64 6.3983
250 111 41.9985 0.84 100.0 445.0 549.95 1356.15 1126.67 3.91 5.71 138.26 2211.7 8305.26 1.02 42.01 130.92 2387.78 8077.67 9.393 0.02 331 2212 100.0 10.7 6.3746
250 112 42.0016 0.8416 100.0 445.0 549.62 1353.75 1120.26 3.91 5.72 139.0 2211.77 8316.25 1.02 41.91 130.82 2387.77 8073.13 9.3806 0.02 331 2212 100.0 10.71 6.3323
250 113 42.0037 0.8415 100.0 445.0 549.79 1353.13 1126.82 3.91 5.71 137.76 2211.76 8313.39 1.02 42.06 130.51 2387.76 8075.76 9.3823 0.02 331 2212 100.0 10.6 6.5294
250 114 20.0042 0.7 100.0 491.19 606.94 1482.03 1254.2 9.35 13.66 334.19 2323.96 8716.57 1.08 44.23 314.81 2388.06 8051.95 9.2351 0.02 364 2324 100.0 24.55 14.6428
250 115 35.0077 0.842 100.0 449.44 556.09 1367.42 1128.15 5.48 8.0 194.46 2222.84 8342.24 1.02 41.84 182.55 2387.97 8060.35 9.3407 0.02 334 2223 100.0 14.78 8.887
250 116 35.0007 0.84 100.0 449.44 555.21 1365.5 1131.06 5.48 8.0 194.54 2222.83 8342.19 1.02 42.03 182.96 2387.88 8058.23 9.2771 0.02 336 2223 100.0 14.82 8.9034
250 117 42.0077 0.84 100.0 445.0 549.25 1355.54 1126.79 3.91 5.71 138.73 2211.67 8311.84 1.02 42.05 130.88 2387.76 8077.4 9.3777 0.02 328 2212 100.0 10.42 6.3445
250 118 35.0024 0.8401 100.0 449.44 555.89 1362.56 1131.99 5.48 8.0 194.22 2222.81 8344.13 1.02 41.96 183.15 2387.87 8063.63 9.3417 0.02 334 2223 100.0 14.9 8.9049
250 119 35.006 0.8416 100.0 449.44 555.55 1366.91 1124.09 5.48 8.0 194.04 2222.78 8335.54 1.02 42.02 182.94 2387.9 8060.17 9.3055 0.02 335 2223 100.0 14.9 8.8634
250 120 41.9994 0.84 100.0 445.0 549.49 1352.37 1123.44 3.91 5.72 137.9 2211.75 8309.44 1.02 42.08 130.29 2387.77 8077.58 9.3852 0.02 332 2212 100.0 10.67 6.3836
250 121 42.0066 0.84 100.0 445.0 550.18 1353.82 1119.37 3.91 5.72 138.42 2211.7 8307.32 1.02 41.95 130.31 2387.81 8073.15 9.3796 0.02 331 2212 100.0 10.6 6.3525
250 122 35.0049 0.8404 100.0 449.44 555.69 1369.26 1128.4 5.48 8.0 194.89 2222.76 8342.28 1.02 41.89 182.71 2387.86 8060.49 9.3256 0.02 335 2223 100.0 14.81 8.9873
250 123 25.0047 0.6213 60.0 462.54 536.93 1265.61 1051.94 7.05 9.03 175.33 1915.21 8004.94 0.94 36.68 164.87 2028.1 7864.73 10.9308 0.02 308 1915 84.93 14.22 8.5355
250 124 25.0028 0.6212 60.0 462.54 537.1 1261.14 1049.25 7.05 9.03 176.25 1915.15 8003.86 0.94 36.73 164.7 2028.11 7866.45 10.8606 0.02 306 1915 84.93 14.32 8.565
250 125 42.0003 0.8409 100.0 445.0 549.11 1353.65 1121.7 3.91 5.71 139.36 2211.7 8321.12 1.02 41.95 130.39 2387.77 8081.92 9.4033 0.02 332 2212 100.0 10.53 6.3688
250 126 10.0057 0.251 100.0 489.05 605.48 1505.91 1310.5 10.52 15.49 394.76 2319.01 8766.42 1.26 45.57 371.28 2388.19 8124.86 8.6752 0.03 371 2319 100.0 28.52 17.1254
250 127 25.007 0.6219 60.0 462.54 537.7 1267.49 1054.33 7.05 9.02 175.71 1915.22 8002.29 0.94 36.85 164.57 2028.1 7866.46 10.9002 0.02 307 1915 84.93 14.21 8.5382
250 128 0.0028 0.0001 100.0 518.67 642.97 1589.8 1402.24 14.62 21.61 553.31 2388.15 9043.14 1.3 47.59 521.67 2388.1 8125.58 8.4325 0.03 393 2388 100.0 38.85 23.2145
250 129 25.0056 0.62 60.0 462.54 537.58 1261.26 1051.07 7.05 9.02 174.95 1915.16 8007.96 0.94 36.89 164.11 2028.05 7869.59 10.8951 0.02 308 1915 84.93 14.32 8.4759
250 130 19.9995 0.7018 100.0 491.19 607.69 1493.01 1253.01 9.35 13.65 334.89 2323.94 8717.34 1.08 44.63 314.25 2388.09 8051.55 9.2397 0.02 364 2324 100.0 24.5 14.6514
250 131 0.0026 0.0007 100.0 518.67 642.77 1593.6 1405.99 14.62 21.61 553.47 2388.14 9053.84 1.3 47.53 521.43 2388.09 8123.28 8.4704 0.03 392 2388 100.0 38.65 23.2057
250 132 25.0049 0.62 60.0 462.54 536.49 1259.32 1049.92 7.05 9.02 175.92 1915.22 7998.5 0.94 36.95 164.68 2028.05 7862.76 10.8998 0.02 309 1915 84.93 14.21 8.5707
250 133 42.0032 0.8411 100.0 445.0 549.52 1360.73 1135.99 3.91 5.72 137.66 2211.69 8313.5 1.02 42.15 129.94 2387.72 8072.1 9.3894 0.02 331 2212 100.0 10.58 6.3926
250 134 42.0069 0.84 100.0 445.0 549.43 1353.62 1131.34 3.91 5.72 139.64 2211.61 8310.59 1.02 42.22 130.04 2387.72 8073.65 9.4147 0.02 331 2212 100.0 10.53 6.3748
250 135 10.0006 0.25 100.0 489.05 604.63 1504.43 1316.92 10.52 15.49 394.24 2318.98 8764.54 1.26 45.59 371.14 2388.18 8116.18 8.673 0.03 369 2319 100.0 28.43 17.1172
250 136 42.0006 0.8418 100.0 445.0 549.22 1354.21 1127.98 3.91 5.71 138.82 2211.68 8310.68 1.02 42.18 130.41 2387.7 8078.06 9.3654 0.02 331 2212 100.0 10.7 6.3078
250 137 20.0068 0.7017 100.0 491.19 607.79 1482.49 1257.8 9.35 13.66 333.85 2323.94 8713.22 1.08 44.62 314.55 2388.14 8048.12 9.2385 0.02 366 2324 100.0 24.41 14.7066
250 138 25.006 0.6217 60.0 462.54 537.02 1265.44 1049.49 7.05 9.02 175.87 1915.22 8007.67 0.94 36.89 164.54 2028.04 7867.29 10.9017 0.02 309 1915 84.93 14.3 8.5487
250 139 41.9995 0.84 100.0 445.0 549.44 1354.69 1126.16 3.91 5.71 139.08 2211.59 8312.31 1.02 42.26 130.46 2387.62 8073.38 9.4007 0.02 331 2212 100.0 10.63 6.3632
250 140 10.0023 0.2503 100.0 489.05 604.64 1506.77 1316.01 10.52 15.5 393.3 2319.01 8763.21 1.26 45.58 371.41 2388.23 8115.26 8.6732 0.03 370 2319 100.0 28.44 17.1308
250 141 42.0031 0.84 100.0 445.0 550.19 1352.15 1126.16 3.91 5.71 137.68 2211.68 8313.91 1.02 42.28 130.67 2387.7 8071.07 9.3867 0.02 333 2212 100.0 10.74 6.313
250 142 20.0013 0.7 100.0 491.19 607.74 1485.23 1254.23 9.35 13.66 334.04 2323.95 8711.03 1.08 44.51 314.89 2388.08 8051.02 9.2508 0.02 366 2324 100.0 24.45 14.7463
250 143 34.9996 0.84 100.0 449.44 555.65 1363.0 1144.64 5.48 8.0 194.05 2222.75 8345.27 1.02 42.27 182.7 2387.84 8053.08 9.3138 0.02 334 2223 100.0 14.63 8.964
250 144 9.9986 0.2505 100.0 489.05 605.03 1507.67 1316.26 10.52 15.49 394.2 2319.0 8770.22 1.26 45.52 370.75 2388.26 8114.91 8.6888 0.03 368 2319 100.0 28.43 17.1592
250 145 25.0068 0.6214 60.0 462.54 536.67 1262.72 1051.04 7.05 9.03 175.45 1915.11 8004.78 0.94 37.05 163.92 2028.13 7865.99 10.9388 0.02 308 1915 84.93 14.27 8.5114
250 146 42.0008 0.84 100.0 445.0 550.08 1355.34 1128.74 3.91 5.72 138.1 2211.6 8302.39 1.02 42.21 130.18 2387.63 8069.64 9.4053 0.02 331 2212 100.0 10.57 6.4576
250 147 25.0012 0.62 60.0 462.54 536.77 1267.41 1053.14 7.05 9.03 175.76 1915.21 8000.85 0.94 36.92 164.21 2028.02 7866.24 10.9383 0.02 306 1915 84.93 14.52 8.4587
250 148 10.0041 0.2503 100.0 489.05 604.77 1499.32 1314.61 10.52 15.5 393.88 2319.01 8766.27 1.26 45.58 371.29 2388.21 8116.85 8.6664 0.03 370 2319 100.0 28.3 17.1484
250 149 0.0002 0.0 100.0 518.67 643.0 1591.77 1413.66 14.62 21.61 553.22 2388.18 9043.5 1.3 47.8 521.44 2388.16 8124.22 8.482 0.03 395 2388 100.0 38.71 23.2364
250 150 25.0057 0.62 60.0 462.54 537.13 1273.5 1056.6 7.05 9.02 175.11 1915.1 7998.16 0.94 37.0 164.52 2027.98 7865.56 10.915 0.02 307 1915 84.93 14.35 8.5355
250 151 25.0065 0.62 60.0 462.54 537.45 1263.56 1058.05 7.05 9.03 175.11 1915.16 8005.04 0.94 36.78 164.18 2028.03 7869.01 10.9192 0.02 309 1915 84.93 14.36 8.4525
250 152 42.0033 0.84 100.0 445.0 549.02 1351.55 1135.86 3.91 5.71 138.28 2211.55 8305.42 1.02 42.3 130.56 2387.59 8066.98 9.3986 0.02 331 2212 100.0 10.65 6.3286
250 153 19.9982 0.7 100.0 491.19 607.76 1495.33 1261.93 9.35 13.66 334.06 2323.96 8707.13 1.08 44.8 314.67 2388.08 8047.34 9.2536 0.02 365 2324 100.0 24.39 14.668
250 154 10.0066 0.2507 100.0 489.05 605.45 1505.49 1316.09 10.52 15.5 393.27 2319.0 8767.32 1.26 45.64 371.44 2388.27 8117.06 8.6677 0.03 372 2319 100.0 28.4 17.0794
250 155 42.0023 0.842 100.0 445.0 549.48 1354.66 1133.41 3.91 5.71 138.25 2211.6 8311.57 1.02 42.18 129.93 2387.59 8074.4 9.3977 0.02 332 2212 100.0 10.76 6.3091
250 156 20.0009 0.7 100.0 491.19 608.28 1487.71 1259.13 9.35 13.66 333.73 2323.95 8710.97 1.07 44.66 314.78 2388.08 8045.8 9.2282 0.02 367 2324 100.0 24.27 14.6456
250 157 41.9989 0.8417 100.0 445.0 549.67 1354.82 1131.03 3.91 5.72 138.08 2211.49 8315.52 1.02 42.47 130.49 2387.59 8066.79 9.4005 0.02 332 2212 100.0 10.48 6.2879
250 158 42.0058 0.8401 100.0 445.0 550.14 1354.61 1131.92 3.91 5.71 138.61 2211.55 8301.45 1.02 42.24 130.34 2387.57 8062.57 9.4228 0.02 331 2212 100.0 10.6 6.2549
250 159 25.0075 0.62 60.0 462.54 537.18 1265.66 1055.01 7.05 9.03 176.16 1915.07 8001.09 0.94 36.9 164.4 2028.0 7860.77 10.9528 0.02 307 1915 84.93 14.14 8.5669
250 160 25.0007 0.62 60.0 462.54 536.98 1267.53 1053.8 7.05 9.03 175.12 1915.08 8005.33 0.94 37.0 164.95 2027.97 7865.06 10.9286 0.02 308 1915 84.93 14.23 8.4985
250 161 20.0013 0.7 100.0 491.19 607.43 1484.67 1258.44 9.35 13.66 333.93 2323.93 8712.61 1.08 44.96 314.22 2388.04 8044.83 9.2532 0.03 367 2324 100.0 24.44 14.5184
250 162 0.0028 0.0 100.0 518.67 643.26 1589.82 1424.02 14.62 21.61 552.27 2388.21 9042.07 1.3 48.02 520.85 2388.24 8120.05 8.4599 0.03 395 2388 100.0 38.59 23.1426
250 163 0.0001 0.0 100.0 518.67 642.99 1593.57 1419.51 14.62 21.61 552.33 2388.29 9041.82 1.3 47.72 520.06 2388.22 8117.23 8.51 0.03 393 2388 100.0 38.53 23.1582
250 164 35.0052 0.84 100.0 449.44 555.9 1370.66 1136.59 5.48 8.0 194.41 2222.64 8334.43 1.02 42.53 182.75 2387.73 8049.85 9.3692 0.02 336 2223 100.0 14.72 8.7877
250 165 41.9983 0.84 100.0 445.0 549.91 1360.13 1134.28 3.91 5.71 138.26 2211.46 8308.15 1.02 42.37 130.11 2387.54 8067.66 9.4439 0.02 332 2212 100.0 10.38 6.3108
250 166 10.0034 0.2504 100.0 489.05 605.17 1509.67 1318.8 10.52 15.5 393.48 2319.08 8758.8 1.26 45.85 370.53 2388.29 8110.87 8.7433 0.03 371 2319 100.0 28.54 16.9901
250 167 42.0003 0.84 100.0 445.0 550.32 1360.97 1133.87 3.91 5.72 137.95 2211.46 8306.0 1.02 42.32 130.37 2387.47 8065.24 9.4499 0.02 332 2212 100.0 10.56 6.2467
250 168 35.007 0.84 100.0 449.44 556.28 1365.12 1139.41 5.48 8.0 194.65 2222.62 8339.64 1.02 42.33 182.68 2387.69 8047.69 9.3714 0.02 336 2223 100.0 14.78 8.9019
250 169 0.0023 0.0012 100.0 518.67 643.45 1589.9 1427.17 14.62 21.61 551.81 2388.28 9037.7 1.3 47.96 520.04 2388.27 8117.15 8.4834 0.03 395 2388 100.0 38.71 23.0672
250 170 20.0014 0.7 100.0 491.19 608.01 1488.43 1267.71 9.35 13.66 333.36 2324.02 8719.74 1.07 44.9 313.88 2388.08 8045.55 9.3146 0.03 367 2324 100.0 24.14 14.5855
250 171 42.0014 0.8405 100.0 445.0 550.14 1357.94 1132.6 3.91 5.71 139.04 2211.45 8305.39 1.02 42.33 130.27 2387.45 8065.78 9.4078 0.02 332 2212 100.0 10.57 6.369
250 172 10.0043 0.25 100.0 489.05 605.69 1504.82 1326.0 10.52 15.5 393.11 2319.1 8771.25 1.26 45.9 370.39 2388.34 8110.23 8.7205 0.03 371 2319 100.0 28.34 16.9635
250 173 35.0054 0.8407 100.0 449.44 556.76 1379.66 1134.53 5.48 8.0 193.96 2222.55 8335.2 1.02 42.15 182.74 2387.6 8048.83 9.3914 0.02 335 2223 100.0 14.81 8.793
250 174 25.0019 0.62 60.0 462.54 537.24 1275.38 1064.7 7.05 9.03 174.69 1914.91 7990.09 0.94 37.19 164.64 2027.85 7860.19 10.9922 0.02 309 1915 84.93 14.22 8.5064
250 175 25.0072 0.62 60.0 462.54 537.15 1266.77 1056.15 7.05 9.03 174.45 1914.93 7997.61 0.94 37.39 163.78 2027.87 7859.6 10.9734 0.02 309 1915 84.93 14.05 8.611
250 176 25.0066 0.62 60.0 462.54 537.06 1268.89 1069.49 7.05 9.03 175.39 1914.95 8005.57 0.94 37.33 164.37 2027.8 7858.28 10.9797 0.02 310 1915 84.93 14.02 8.3924
250 177 42.0045 0.84 100.0 445.0 549.89 1357.72 1141.55 3.91 5.71 137.83 2211.38 8304.68 1.02 42.62 130.38 2387.33 8059.88 9.4538 0.02 332 2212 100.0 10.46 6.2407
250 178 42.0055 0.84 100.0 445.0 550.02 1361.31 1134.32 3.91 5.72 138.31 2211.34 8297.69 1.02 42.65 129.97 2387.3 8059.9 9.4685 0.02 333 2212 100.0 10.62 6.3598
250 179 42.0007 0.8403 100.0 445.0 550.02 1358.43 1143.83 3.91 5.71 137.8 2211.28 8307.25 1.02 42.68 130.44 2387.31 8064.46 9.4407 0.02 334 2212 100.0 10.49 6.2882
250 180 42.0017 0.84 100.0 445.0 550.25 1365.1 1144.47 3.91 5.72 138.02 2211.26 8306.0 1.02 42.53 129.51 2387.26 8053.16 9.4861 0.02 332 2212 100.0 10.33 6.3172
250 181 0.0017 0.0 100.0 518.67 643.57 1596.21 1430.57 14.62 21.61 551.27 2388.32 9037.62 1.3 48.23 519.34 2388.26 8119.75 8.5004 0.03 395 2388 100.0 38.45 22.9794
250 182 24.9989 0.6217 60.0 462.54 537.25 1271.81 1075.23 7.05 9.03 174.98 1914.87 7993.88 0.94 37.32 163.76 2027.72 7854.73 11.0131 0.02 309 1915 84.93 14.16 8.4471
250 183 9.9989 0.2507 100.0 489.05 606.07 1510.46 1328.26 10.52 15.5 392.91 2319.18 8752.08 1.26 46.16 370.49 2388.35 8106.19 8.7034 0.03 373 2319 100.0 28.28 17.004
250 184 25.0051 0.62 60.0 462.54 537.39 1266.45 1068.75 7.05 9.03 175.19 1914.87 7992.62 0.94 37.37 164.24 2027.74 7850.96 10.9845 0.02 309 1915 84.93 14.16 8.3303
258 1 35.0073 0.84 100.0 449.44 555.88 1367.16 1130.22 5.48 8.0 193.94 2222.65 8337.36 1.02 41.85 182.98 2387.75 8048.69 9.3475 0.02 334 2223 100.0 14.71 8.8524
258 2 20.0027 0.7014 100.0 491.19 607.74 1486.34 1251.67 9.35 13.66 335.14 2323.88 8709.48 1.08 44.6 314.64 2388.08 8047.64 9.2028 0.02 367 2324 100.0 24.42 14.6569
258 3 20.0022 0.7 100.0 491.19 607.71 1484.75 1255.5 9.35 13.65 334.42 2323.92 8716.64 1.08 44.52 315.14 2387.96 8046.78 9.1959 0.02 366 2324 100.0 24.49 14.6711
258 4 10.0063 0.25 100.0 489.05 604.72 1500.11 1317.31 10.52 15.49 394.05 2318.95 8764.6 1.26 45.4 371.36 2388.18 8114.81 8.6704 0.03 371 2319 100.0 28.56 17.0965
258 5 20.0008 0.7 100.0 491.19 607.68 1488.67 1254.71 9.35 13.66 333.94 2323.9 8707.99 1.08 44.46 315.07 2388.06 8044.62 9.2278 0.02 367 2324 100.0 24.41 14.6425
258 6 19.9991 0.7 100.0 491.19 607.11 1489.21 1255.1 9.35 13.65 334.6 2323.9 8707.39 1.08 44.46 314.77 2388.04 8049.08 9.2634 0.02 364 2324 100.0 24.42 14.6733
258 7 25.0054 0.6202 60.0 462.54 537.04 1262.49 1046.64 7.05 9.02 175.49 1915.1 7999.57 0.94 36.63 164.21 2027.99 7861.6 10.899 0.02 306 1915 84.93 14.08 8.5858
258 8 10.0029 0.2509 100.0 489.05 604.76 1503.86 1306.3 10.52 15.49 394.7 2318.9 8765.74 1.26 45.45 371.58 2388.19 8115.29 8.6788 0.03 369 2319 100.0 28.47 17.1906
258 9 0.0009 0.0 100.0 518.67 642.48 1585.62 1404.54 14.62 21.61 553.59 2388.16 9038.36 1.3 47.53 521.45 2388.12 8120.44 8.4335 0.03 393 2388 100.0 38.78 23.2105
258 10 42.0073 0.84 100.0 445.0 549.97 1356.11 1120.6 3.91 5.71 138.26 2211.51 8303.12 1.02 42.12 130.56 2387.49 8071.54 9.3963 0.02 329 2212 100.0 10.66 6.2127
258 11 25.0028 0.62 60.0 462.54 536.4 1251.03 1054.34 7.05 9.02 175.59 1915.06 8002.94 0.94 36.82 164.87 2027.97 7861.41 10.9178 0.02 307 1915 84.93 14.13 8.554
258 12 20.0032 0.7 100.0 491.19 607.06 1488.35 1254.08 9.35 13.65 334.36 2323.94 8713.88 1.08 44.35 315.5 2387.97 8046.72 9.2708 0.02 365 2324 100.0 24.46 14.6784
258 13 10.0006 0.25 100.0 489.05 604.59 1501.43 1312.36 10.52 15.5 394.58 2318.98 8764.53 1.26 45.38 371.25 2388.16 8111.58 8.6433 0.03 371 2319 100.0 28.55 17.1238
258 14 35.0002 0.842 100.0 449.44 555.66 1360.6 1134.45 5.48 8.0 194.49 2222.73 8335.45 1.02 42.21 182.44 2387.76 8056.75 9.3357 0.02 334 2223 100.0 14.64 8.9101
258 15 42.0018 0.84 100.0 445.0 549.73 1356.34 1122.01 3.91 5.71 138.95 2211.61 8302.38 1.02 42.3 130.47 2387.61 8072.83 9.3971 0.02 331 2212 100.0 10.61 6.259
258 16 35.0055 0.8404 100.0 449.44 555.45 1362.25 1129.49 5.48 8.0 194.53 2222.67 8345.79 1.02 41.99 182.48 2387.74 8053.8 9.3681 0.02 333 2223 100.0 14.82 8.8175
258 17 35.0002 0.841 100.0 449.44 555.6 1373.57 1119.72 5.48 8.0 195.37 2222.66 8332.14 1.02 41.97 182.51 2387.73 8054.75 9.3403 0.02 334 2223 100.0 14.9 8.907
258 18 0.0015 0.0 100.0 518.67 642.96 1591.79 1409.65 14.62 21.61 552.77 2388.11 9035.78 1.3 47.64 520.97 2388.1 8125.35 8.4488 0.03 392 2388 100.0 38.98 23.2969
258 19 42.0065 0.84 100.0 445.0 550.11 1352.62 1132.02 3.91 5.71 138.81 2211.58 8304.33 1.02 42.2 130.39 2387.59 8071.62 9.4155 0.02 331 2212 100.0 10.71 6.2874
258 20 0.0024 0.0 100.0 518.67 642.35 1593.24 1404.09 14.62 21.61 553.12 2388.21 9038.16 1.3 47.57 521.07 2388.16 8117.07 8.457 0.03 394 2388 100.0 38.9 23.2968
258 21 42.0013 0.84 100.0 445.0 549.39 1355.35 1127.73 3.91 5.72 138.49 2211.53 8299.4 1.02 42.2 130.98 2387.63 8067.77 9.3762 0.02 331 2212 100.0 10.5 6.2986
258 22 20.0025 0.7002 100.0 491.19 607.37 1480.85 1248.44 9.35 13.66 334.82 2323.94 8708.29 1.08 44.62 314.54 2388.02 8044.14 9.228 0.02 365 2324 100.0 24.5 14.535
258 23 0.0018 0.0 100.0 518.67 642.82 1591.25 1413.67 14.62 21.61 553.36 2388.16 9044.1 1.3 47.5 521.2 2388.13 8121.56 8.4527 0.03 392 2388 100.0 38.66 23.3456
258 24 25.0002 0.62 60.0 462.54 537.09 1262.68 1047.51 7.05 9.03 175.64 1915.05 8002.21 0.94 36.81 164.35 2028.01 7858.87 10.8802 0.02 308 1915 84.93 14.33 8.4679
258 25 42.0025 0.84 100.0 445.0 549.43 1348.87 1127.21 3.91 5.71 138.24 2211.55 8307.58 1.02 42.26 130.21 2387.58 8066.14 9.3851 0.02 329 2212 100.0 10.63 6.3093
258 26 34.9997 0.84 100.0 449.44 555.77 1367.47 1126.39 5.48 8.0 194.8 2222.73 8336.15 1.02 41.93 183.53 2387.77 8050.6 9.3038 0.02 333 2223 100.0 14.95 8.8747
258 27 35.0037 0.84 100.0 449.44 555.67 1368.91 1137.32 5.48 8.0 194.61 2222.64 8337.43 1.02 41.99 182.73 2387.73 8056.35 9.3505 0.02 336 2223 100.0 14.87 8.8687
258 28 25.0027 0.62 60.0 462.54 536.74 1265.24 1048.35 7.05 9.03 175.21 1915.06 8001.92 0.94 36.8 164.62 2027.96 7864.65 10.8981 0.02 308 1915 84.93 14.35 8.7166
258 29 0.0022 0.0 100.0 518.67 642.82 1588.29 1407.27 14.62 21.61 552.71 2388.15 9040.0 1.3 47.55 520.94 2388.17 8122.22 8.4126 0.03 392 2388 100.0 38.83 23.2561
258 30 25.0046 0.62 60.0 462.54 536.95 1259.56 1047.66 7.05 9.03 174.81 1915.14 8003.0 0.94 36.77 164.86 2027.99 7860.39 10.9279 0.02 306 1915 84.93 14.18 8.5091
258 31 42.0011 0.8402 100.0 445.0 549.94 1352.23 1128.89 3.91 5.72 138.94 2211.54 8295.07 1.02 42.09 130.34 2387.61 8065.18 9.3856 0.02 332 2212 100.0 10.54 6.3885
258 32 20.0038 0.7001 100.0 491.19 607.32 1490.56 1255.86 9.35 13.66 335.36 2323.92 8710.82 1.08 44.52 314.73 2388.04 8047.07 9.2537 0.02 365 2324 100.0 24.54 14.6069
258 33 10.0071 0.2509 100.0 489.05 605.51 1498.29 1310.38 10.52 15.5 394.54 2318.9 8764.43 1.26 45.5 371.76 2388.21 8112.32 8.6732 0.03 367 2319 100.0 28.57 17.0243
258 34 35.0015 0.8409 100.0 449.44 555.33 1361.36 1128.98 5.48 8.0 194.46 2222.64 8333.6 1.02 41.78 183.43 2387.7 8051.58 9.3282 0.02 334 2223 100.0 14.73 8.9091
258 35 24.9997 0.62 60.0 462.54 537.02 1261.53 1049.56 7.05 9.02 176.17 1915.05 7999.32 0.94 36.92 164.94 2028.0 7860.42 10.9435 0.02 309 1915 84.93 14.22 8.5955
258 36 0.0003 0.0 100.0 518.67 642.95 1592.16 1405.57 14.62 21.61 553.04 2388.15 9041.95 1.3 47.63 521.6 2388.12 8122.76 8.441 0.03 392 2388 100.0 38.87 23.3676
258 37 41.9993 0.8404 100.0 445.0 549.36 1351.35 1130.68 3.91 5.71 138.34 2211.65 8307.89 1.02 42.08 130.2 2387.64 8069.66 9.3787 0.02 331 2212 100.0 10.55 6.3511
258 38 10.0039 0.2504 100.0 489.05 604.88 1498.56 1305.18 10.52 15.49 394.36 2318.99 8765.85 1.26 45.54 372.34 2388.15 8115.67 8.6453 0.03 371 2319 100.0 28.68 17.1133
258 39 10.0007 0.25 100.0 489.05 604.73 1509.54 1307.55 10.52 15.49 394.08 2318.96 8762.35 1.26 45.55 371.3 2388.16 8109.57 8.6993 0.03 370 2319 100.0 28.36 17.1958
258 40 0.0029 0.001 100.0 518.67 642.42 1593.87 1417.29 14.62 21.61 553.78 2388.12 9044.13 1.3 47.58 521.47 2388.14 8122.62 8.452 0.03 394 2388 100.0 38.66 23.2702
258 41 20.0025 0.7 100.0 491.19 607.89 1488.08 1243.3 9.35 13.65 334.43 2323.92 8713.31 1.08 44.34 314.59 2388.04 8050.57 9.2312 0.02 365 2324 100.0 24.47 14.6943
258 42 35.0077 0.8416 100.0 449.44 555.52 1366.16 1132.0 5.48 8.0 194.21 2222.63 8333.77 1.02 41.99 182.75 2387.79 8049.3 9.3498 0.02 336 2223 100.0 14.72 8.7334
258 43 24.9991 0.6219 60.0 462.54 536.4 1252.04 1051.85 7.05 9.02 175.02 1915.1 7996.09 0.94 36.91 164.23 2028.01 7858.62 10.9257 0.02 307 1915 84.93 14.23 8.6588
258 44 42.0071 0.84 100.0 445.0 550.02 1354.18 1134.0 3.91 5.71 138.48 2211.49 8307.1 1.02 42.21 130.92 2387.57 8070.08 9.4096 0.02 333 2212 100.0 10.48 6.2414
258 45 19.9995 0.7004 100.0 491.19 607.48 1484.59 1256.02 9.35 13.66 334.22 2323.9 8712.43 1.08 44.47 314.65 2388.02 8051.45 9.2507 0.02 363 2324 100.0 24.54 14.7184
258 46 42.0038 0.84 100.0 445.0 550.02 1353.24 1124.48 3.91 5.72 138.75 2211.55 8313.95 1.02 42.2 130.54 2387.6 8072.49 9.3884 0.02 330 2212 100.0 10.5 6.2915
258 47 10.0037 0.25 100.0 489.05 605.42 1502.83 1308.36 10.52 15.49 393.88 2319.06 8762.72 1.26 45.37 371.61 2388.19 8118.67 8.7009 0.03 369 2319 100.0 28.63 17.1115
258 48 0.0002 0.0 100.0 518.67 642.8 1595.73 1409.48 14.62 21.61 552.91 2388.15 9040.07 1.3 47.5 521.53 2388.17 8125.23 8.4564 0.03 392 2388 100.0 38.88 23.291
258 49 20.0021 0.7006 100.0 491.19 607.09 1489.68 1251.13 9.35 13.66 333.85 2323.93 8704.99 1.08 44.52 314.59 2388.05 8049.26 9.2329 0.02 367 2324 100.0 24.3 14.6355
258 50 20.0024 0.7 100.0 491.19 607.0 1480.9 1260.79 9.35 13.66 333.74 2323.91 8706.36 1.08 44.62 314.81 2388.03 8048.59 9.2162 0.02 366 2324 100.0 24.46 14.6721
258 51 42.0072 0.84 100.0 445.0 549.72 1351.89 1123.41 3.91 5.72 138.81 2211.56 8310.55 1.02 42.07 130.48 2387.6 8069.43 9.3949 0.02 331 2212 100.0 10.57 6.2771
258 52 35.0079 0.84 100.0 449.44 555.57 1364.12 1135.16 5.48 8.0 193.95 2222.76 8335.91 1.02 42.19 182.79 2387.77 8050.62 9.3605 0.02 333 2223 100.0 14.75 8.9013
258 53 25.004 0.622 60.0 462.54 536.55 1260.5 1050.0 7.05 9.02 175.53 1915.13 7998.81 0.94 36.95 164.24 2027.99 7859.49 10.9307 0.02 308 1915 84.93 14.34 8.5791
258 54 20.0017 0.7 100.0 491.19 607.17 1485.09 1259.31 9.35 13.66 334.42 2323.88 8720.2 1.08 44.38 314.71 2388.05 8045.26 9.2561 0.02 366 2324 100.0 24.29 14.5676
258 55 35.0067 0.84 100.0 449.44 556.01 1362.97 1135.58 5.48 8.0 194.43 2222.66 8333.4 1.02 42.06 182.38 2387.74 8054.17 9.3503 0.02 335 2223 100.0 14.83 8.7894
258 56 35.0029 0.84 100.0 449.44 555.64 1366.93 1129.34 5.48 8.0 194.1 2222.69 8339.29 1.02 42.15 182.95 2387.76 8056.37 9.3411 0.02 334 2223 100.0 14.82 8.9071
258 57 20.0054 0.7 100.0 491.19 607.56 1487.48 1253.99 9.35 13.66 334.36 2323.92 8707.83 1.08 44.37 314.73 2388.08 8053.09 9.228 0.02 364 2324 100.0 24.5 14.6891
258 58 35.0059 0.84 100.0 449.44 555.89 1362.8 1131.27 5.48 8.0 194.39 2222.63 8333.76 1.02 41.85 182.44 2387.74 8050.5 9.3708 0.02 334 2223 100.0 14.64 8.7077
258 59 0.0008 0.0 100.0 518.67 642.58 1589.57 1409.11 14.62 21.61 554.1 2388.16 9039.41 1.3 47.68 520.84 2388.18 8116.69 8.4571 0.03 394 2388 100.0 38.5 23.21
258 60 42.0069 0.84 100.0 445.0 550.21 1345.21 1129.43 3.91 5.71 138.72 2211.57 8303.92 1.02 42.25 130.78 2387.63 8066.94 9.4021 0.02 332 2212 100.0 10.66 6.2965
258 61 42.0054 0.84 100.0 445.0 549.6 1348.43 1138.92 3.91 5.72 138.4 2211.57 8307.98 1.02 42.09 130.42 2387.63 8066.44 9.3733 0.02 331 2212 100.0 10.4 6.4472
258 62 42.0064 0.8419 100.0 445.0 550.76 1356.86 1128.43 3.91 5.71 138.06 2211.56 8306.19 1.02 42.03 130.1 2387.63 8062.1 9.3753 0.02 330 2212 100.0 10.59 6.3277
258 63 41.9992 0.8404 100.0 445.0 549.58 1350.87 1129.64 3.91 5.72 138.63 2211.6 8301.52 1.02 42.26 129.82 2387.63 8067.23 9.3832 0.02 332 2212 100.0 10.45 6.3234
258 64 42.0034 0.8402 100.0 445.0 549.37 1358.36 1130.2 3.91 5.71 138.35 2211.6 8304.59 1.02 42.22 130.54 2387.63 8071.63 9.357 0.02 331 2212 100.0 10.64 6.4012
258 65 0.001 0.0009 100.0 518.67 643.2 1593.09 1415.49 14.62 21.61 552.69 2388.19 9037.37 1.3 47.45 520.93 2388.14 8117.82 8.4691 0.03 394 2388 100.0 38.73 23.3021
258 66 9.9996 0.25 100.0 489.05 605.69 1504.31 1316.32 10.52 15.5 394.29 2319.02 8762.18 1.26 45.55 371.41 2388.17 8113.82 8.6677 0.03 372 2319 100.0 28.42 17.0176
258 67 24.9993 0.62 60.0 462.54 537.2 1261.11 1047.2 7.05 9.03 175.52 1915.07 8006.41 0.94 36.9 164.54 2027.97 7863.0 10.9603 0.02 308 1915 84.93 14.17 8.5008
258 68 42.0075 0.8418 100.0 445.0 549.86 1357.85 1125.63 3.91 5.71 137.97 2211.63 8309.91 1.02 42.32 130.42 2387.64 8073.18 9.4217 0.02 331 2212 100.0 10.71 6.3397
258 69 20.0049 0.7009 100.0 491.19 607.97 1494.56 1259.09 9.35 13.66 334.01 2323.93 8710.1 1.08 44.42 314.37 2388.09 8048.45 9.2331 0.02 363 2324 100.0 24.54 14.7073
258 70 25.0029 0.62 60.0 462.54 536.65 1253.17 1051.95 7.05 9.03 175.39 1915.08 8013.09 0.94 36.97 164.71 2028.04 7868.93 10.923 0.02 308 1915 84.93 14.21 8.5654
258 71 20.0026 0.7 100.0 491.19 608.24 1482.32 1252.55 9.35 13.66 334.09 2323.93 8713.63 1.08 44.56 314.44 2388.1 8049.14 9.259 0.02 365 2324 100.0 24.61 14.667
258 72 0.0014 0.0 100.0 518.67 642.78 1591.62 1410.64 14.62 21.61 552.85 2388.17 9040.21 1.3 47.78 521.19 2388.14 8121.45 8.464 0.03 394 2388 100.0 38.85 23.2234
258 73 0.0025 0.0003 100.0 518.67 643.05 1588.95 1409.18 14.62 21.61 553.43 2388.13 9034.3 1.3 47.66 521.12 2388.19 8121.74 8.4583 0.03 394 2388 100.0 38.81 23.3166
258 74 10.0055 0.251 100.0 489.05 605.11 1500.6 1321.13 10.52 15.5 394.64 2319.01 8769.32 1.26 45.49 370.8 2388.22 8114.95 8.6806 0.03 371 2319 100.0 28.57 17.0354
258 75 0.0002 0.0 100.0 518.67 642.4 1588.03 1418.22 14.62 21.61 552.42 2388.17 9037.98 1.3 47.74 521.05 2388.17 8119.77 8.4577 0.03 393 2388 100.0 38.75 23.2272
258 76 19.9999 0.7007 100.0 491.19 607.4 1483.0 1253.54 9.35 13.66 334.64 2323.96 8707.15 1.08 44.68 314.9 2388.09 8042.51 9.2456 0.02 366 2324 100.0 24.53 14.7551
258 77 24.9995 0.6218 60.0 462.54 536.8 1260.97 1049.23 7.05 9.02 175.86 1915.11 8002.61 0.94 36.75 164.01 2028.06 7862.44 10.9528 0.02 308 1915 84.93 14.28 8.5707
258 78 35.0008 0.84 100.0 449.44 556.22 1373.18 1136.56 5.48 8.0 194.33 2222.72 8338.28 1.02 42.1 182.97 2387.78 8051.37 9.3298 0.02 334 2223 100.0 14.73 8.9471
258 79 42.0055 0.84 100.0 445.0 549.72 1358.6 1129.65 3.91 5.72 139.22 2211.54 8309.15 1.02 42.16 129.96 2387.63 8066.93 9.3758 0.02 332 2212 100.0 10.52 6.3946
258 80 20.0049 0.7016 100.0 491.19 607.72 1487.22 1256.76 9.35 13.66 333.92 2323.98 8712.27 1.08 44.68 314.76 2388.15 8050.27 9.2633 0.02 364 2324 100.0 24.31 14.6347
258 81 25.0041 0.6214 60.0 462.54 536.92 1262.77 1044.24 7.05 9.03 175.27 1915.08 8006.57 0.94 36.97 164.79 2028.0 7865.94 10.9054 0.02 306 1915 84.93 14.21 8.4822
258 82 35.0056 0.84 100.0 449.44 555.91 1367.94 1139.94 5.48 8.0 194.59 2222.72 8344.74 1.02 42.12 183.14 2387.75 8049.17 9.3625 0.02 335 2223 100.0 14.74 8.8209
258 83 10.0043 0.2518 100.0 489.05 604.96 1501.53 1315.07 10.52 15.49 394.51 2319.02 8760.02 1.26 45.66 370.96 2388.19 8116.92 8.6875 0.03 371 2319 100.0 28.39 17.1117
258 84 42.0079 0.8413 100.0 445.0 550.26 1343.09 1135.25 3.91 5.72 137.78 2211.61 8307.37 1.02 42.41 130.27 2387.65 8070.8 9.4356 0.02 332 2212 100.0 10.7 6.3591
258 85 42.0047 0.8414 100.0 445.0 549.99 1352.03 1124.68 3.91 5.72 139.21 2211.6 8314.91 1.02 42.36 130.35 2387.71 8074.27 9.4039 0.02 331 2212 100.0 10.56 6.334
258 86 25.004 0.6207 60.0 462.54 537.28 1268.45 1053.37 7.05 9.03 175.18 1915.2 8006.76 0.94 37.03 164.26 2028.0 7861.43 10.9783 0.02 307 1915 84.93 14.19 8.5309
258 87 25.002 0.6218 60.0 462.54 536.65 1272.69 1047.59 7.05 9.03 175.83 1915.11 8003.03 0.94 36.86 164.34 2027.97 7860.97 10.9396 0.02 308 1915 84.93 14.32 8.4914
258 88 19.9992 0.7 100.0 491.19 607.76 1491.75 1263.42 9.35 13.65 333.86 2323.93 8715.53 1.08 44.51 314.62 2388.08 8047.2 9.2793 0.03 364 2324 100.0 24.4 14.5566
258 89 25.0058 0.62 60.0 462.54 536.0 1262.37 1053.39 7.05 9.02 175.59 1915.13 8003.31 0.94 36.9 164.06 2027.99 7860.57 10.9173 0.02 307 1915 84.93 14.26 8.5249
258 90 0.0018 0.0 100.0 518.67 642.67 1592.59 1411.67 14.62 21.61 552.48 2388.13 9044.07 1.3 47.71 520.86 2388.17 8121.31 8.4679 0.03 394 2388 100.0 38.63 23.2047
258 91 42.003 0.84 100.0 445.0 550.48 1353.46 1130.37 3.91 5.72 138.79 2211.59 8309.7 1.02 42.27 130.39 2387.7 8071.21 9.398 0.02 331 2212 100.0 10.73 6.3255
258 92 10.001 0.25 100.0 489.05 605.25 1509.06 1310.22 10.52 15.5 394.18 2319.02 8767.2 1.26 45.75 371.69 2388.26 8120.55 8.6573 0.03 370 2319 100.0 28.4 17.0984
258 93 0.0017 0.0011 100.0 518.67 643.07 1598.69 1416.43 14.62 21.61 553.15 2388.2 9046.9 1.3 47.78 520.86 2388.18 8125.12 8.4504 0.03 394 2388 100.0 38.89 23.2934
258 94 19.9993 0.7 100.0 491.19 607.59 1491.33 1259.86 9.35 13.66 333.83 2323.99 8713.37 1.07 44.63 314.37 2388.12 8056.3 9.2586 0.02 367 2324 100.0 24.35 14.6308
258 95 9.9999 0.2518 100.0 489.05 605.22 1498.56 1315.45 10.52 15.49 393.86 2319.05 8767.42 1.26 45.9 370.78 2388.24 8111.56 8.6938 0.03 370 2319 100.0 28.3 17.1012
258 96 35.0038 0.8415 100.0 449.44 555.57 1371.46 1140.94 5.48 8.0 194.42 2222.76 8341.01 1.02 42.2 183.06 2387.78 8054.16 9.3815 0.02 335 2223 100.0 14.69 8.8223
258 97 10.0034 0.25 100.0 489.05 605.45 1513.89 1320.92 10.52 15.49 393.72 2319.03 8765.04 1.26 45.71 370.89 2388.26 8113.09 8.6997 0.03 371 2319 100.0 28.45 17.2256
258 98 0.0012 0.0 100.0 518.67 643.23 1600.94 1416.07 14.62 21.61 553.19 2388.18 9053.26 1.3 47.54 520.35 2388.15 8123.48 8.4744 0.03 393 2388 100.0 38.66 23.221
258 99 0.0011 0.0 100.0 518.67 643.36 1593.32 1414.87 14.62 21.61 553.42 2388.2 9043.96 1.3 47.68 520.7 2388.17 8127.56 8.4903 0.03 393 2388 100.0 38.71 23.2783
258 100 10.0022 0.25 100.0 489.05 605.2 1505.75 1321.61 10.52 15.49 393.36 2319.05 8767.31 1.26 45.57 370.69 2388.24 8119.67 8.7295 0.03 372 2319 100.0 28.43 17.0587
258 101 35.0016 0.8412 100.0 449.44 555.64 1373.76 1133.09 5.48 8.0 194.13 2222.82 8341.23 1.02 41.99 182.9 2387.82 8059.73 9.3799 0.02 335 2223 100.0 14.72 8.8333
258 102 35.0034 0.8401 100.0 449.44 556.28 1364.19 1137.92 5.48 8.0 194.28 2222.78 8346.41 1.02 42.06 182.88 2387.83 8050.61 9.4033 0.02 334 2223 100.0 14.87 8.8468
258 103 41.9995 0.8407 100.0 445.0 549.8 1357.97 1136.36 3.91 5.72 138.08 2211.64 8316.44 1.02 42.44 129.72 2387.72 8075.03 9.4171 0.02 331 2212 100.0 10.55 6.282
258 104 24.9987 0.6202 60.0 462.54 537.15 1269.74 1048.35 7.05 9.03 175.24 1915.18 8006.93 0.94 36.94 164.36 2028.04 7866.24 10.9222 0.02 308 1915 84.93 14.27 8.5616
258 105 20.0025 0.7 100.0 491.19 607.68 1481.38 1260.3 9.35 13.66 333.95 2324.03 8718.57 1.08 44.73 314.55 2388.14 8043.25 9.2423 0.02 368 2324 100.0 24.38 14.6224
258 106 0.0017 0.0 100.0 518.67 643.34 1592.82 1417.77 14.62 21.61 552.06 2388.17 9043.98 1.3 47.9 521.15 2388.21 8121.45 8.4622 0.03 395 2388 100.0 38.71 23.2142
258 107 35.0063 0.8409 100.0 449.44 556.56 1364.01 1144.13 5.48 8.0 194.35 2222.78 8335.04 1.02 42.19 182.91 2387.79 8049.93 9.3747 0.02 334 2223 100.0 14.57 8.7902
258 108 25.0052 0.62 60.0 462.54 536.51 1259.66 1060.03 7.05 9.03 175.86 1915.13 8003.09 0.94 37.04 164.33 2028.13 7865.97 10.9163 0.02 310 1915 84.93 14.18 8.55
258 109 24.9994 0.62 60.0 462.54 536.88 1266.6 1053.96 7.05 9.03 175.48 1915.19 8011.65 0.94 36.98 164.19 2027.96 7868.99 10.9942 0.02 309 1915 84.93 14.26 8.5218
258 110 0.0013 0.0 100.0 518.67 642.76 1595.94 1422.28 14.62 21.61 552.9 2388.24 9051.49 1.3 47.75 520.7 2388.15 8125.32 8.481 0.03 394 2388 100.0 38.58 23.177
258 111 0.0005 0.0006 100.0 518.67 643.18 1601.66 1418.5 14.62 21.61 552.24 2388.2 9054.12 1.3 47.78 520.58 2388.23 8127.06 8.4703 0.03 393 2388 100.0 38.74 23.1406
258 112 25.003 0.62 60.0 462.54 537.14 1261.15 1059.67 7.05 9.03 175.41 1915.15 8005.84 0.94 37.1 163.76 2028.02 7861.25 10.9338 0.02 308 1915 84.93 14.04 8.5361
258 113 0.0003 0.0006 100.0 518.67 643.69 1597.58 1415.72 14.62 21.61 552.16 2388.18 9053.52 1.3 47.97 520.65 2388.23 8126.82 8.5257 0.03 395 2388 100.0 38.41 23.1637
258 114 0.003 0.0 100.0 518.67 643.06 1597.34 1414.23 14.62 21.61 552.08 2388.24 9044.56 1.3 48.01 520.32 2388.26 8123.92 8.5153 0.03 394 2388 100.0 38.51 23.1554
258 115 35.0019 0.8419 100.0 449.44 556.18 1372.6 1140.86 5.48 8.0 193.75 2222.79 8345.97 1.02 42.28 182.83 2387.88 8059.58 9.4043 0.02 336 2223 100.0 14.77 8.792
258 116 0.0026 0.0 100.0 518.67 644.05 1597.39 1414.27 14.62 21.61 552.18 2388.2 9050.11 1.3 47.96 520.33 2388.21 8131.61 8.492 0.03 395 2388 100.0 38.74 23.1121
258 117 20.0025 0.7 100.0 491.19 608.18 1493.11 1262.43 9.35 13.66 333.42 2324.09 8722.06 1.08 44.91 314.54 2388.2 8051.69 9.2651 0.03 366 2324 100.0 24.4 14.6082
258 118 42.0042 0.8406 100.0 445.0 549.53 1359.83 1138.85 3.91 5.72 138.42 2211.6 8305.06 1.02 42.35 130.07 2387.69 8070.63 9.4351 0.02 333 2212 100.0 10.59 6.2538
258 119 42.0031 0.84 100.0 445.0 550.34 1358.9 1141.31 3.91 5.72 138.25 2211.6 8312.75 1.02 42.38 130.48 2387.67 8074.98 9.4399 0.02 333 2212 100.0 10.53 6.3453
258 120 20.005 0.7014 100.0 491.19 608.3 1485.59 1260.51 9.35 13.66 334.18 2324.04 8718.35 1.08 44.8 314.01 2388.12 8051.11 9.3405 0.03 367 2324 100.0 24.4 14.4926
258 121 24.9982 0.62 60.0 462.54 537.05 1266.96 1055.82 7.05 9.03 175.14 1915.13 8006.65 0.94 37.1 164.35 2028.03 7862.84 11.0076 0.02 309 1915 84.93 14.08 8.5267
258 122 25.0067 0.62 60.0 462.54 537.02 1271.16 1056.69 7.05 9.03 175.13 1915.16 8011.7 0.94 37.14 164.06 2028.1 7869.11 10.9881 0.02 309 1915 84.93 14.16 8.4608
258 123 35.0062 0.84 100.0 449.44 556.54 1367.32 1129.4 5.48 8.0 193.94 2222.77 8343.62 1.02 42.39 182.54 2387.89 8056.0 9.3885 0.02 336 2223 100.0 14.71 8.85
258 124 0.0013 0.0017 100.0 518.67 643.62 1600.02 1426.85 14.62 21.61 551.88 2388.22 9054.34 1.3 48.0 520.33 2388.17 8125.3 8.4929 0.03 394 2388 100.0 38.58 23.0859
258 125 20.0025 0.7011 100.0 491.19 607.75 1493.41 1258.11 9.35 13.66 333.84 2324.04 8722.33 1.07 44.96 314.42 2388.16 8053.7 9.2889 0.03 366 2324 100.0 24.21 14.5411
258 126 42.0005 0.8414 100.0 445.0 550.04 1358.55 1139.82 3.91 5.72 138.08 2211.59 8313.17 1.02 42.65 130.11 2387.66 8076.07 9.4366 0.02 333 2212 100.0 10.34 6.3031
258 127 41.9986 0.84 100.0 445.0 549.99 1363.94 1142.95 3.91 5.72 137.6 2211.69 8321.36 1.02 42.57 130.33 2387.65 8075.86 9.4202 0.02 333 2212 100.0 10.47 6.2157
258 128 0.0008 0.0001 100.0 518.67 643.49 1594.14 1422.73 14.62 21.61 552.16 2388.27 9053.85 1.3 47.94 520.73 2388.21 8131.38 8.5175 0.03 395 2388 100.0 38.61 23.1878
258 129 35.0031 0.84 100.0 449.44 556.61 1368.47 1137.73 5.48 8.0 193.46 2222.81 8348.45 1.02 42.35 182.53 2387.95 8055.2 9.3835 0.02 337 2223 100.0 14.83 8.7444
258 130 9.9993 0.2519 100.0 489.05 605.81 1514.2 1328.05 10.52 15.5 393.35 2319.12 8777.02 1.26 46.05 370.77 2388.35 8120.03 8.7 0.03 372 2319 100.0 28.3 17.0374
258 131 35.0015 0.84 100.0 449.44 556.65 1377.97 1146.54 5.48 8.0 193.93 2222.82 8348.72 1.02 42.48 182.54 2387.91 8056.14 9.3783 0.02 336 2223 100.0 14.71 8.8355
258 132 35.0078 0.8402 100.0 449.44 555.98 1371.43 1148.89 5.48 8.0 194.38 2222.87 8354.72 1.02 42.3 182.68 2387.9 8060.9 9.4297 0.02 336 2223 100.0 14.63 8.8471
258 133 0.0019 0.0 100.0 518.67 643.72 1598.75 1433.47 14.62 21.61 551.72 2388.21 9046.39 1.3 47.87 519.92 2388.23 8126.16 8.4504 0.03 397 2388 100.0 38.6 23.0957
258 134 10.004 0.2514 100.0 489.05 605.1 1507.26 1329.36 10.52 15.5 392.61 2319.21 8779.16 1.26 46.02 370.02 2388.4 8126.77 8.7415 0.03 372 2319 100.0 28.32 16.9358
258 135 19.9997 0.7 100.0 491.19 608.75 1490.47 1267.03 9.35 13.66 333.68 2324.07 8724.81 1.07 44.98 314.07 2388.23 8059.48 9.2877 0.03 369 2324 100.0 24.2 14.5264
258 136 42.0041 0.8405 100.0 445.0 550.28 1365.36 1145.98 3.91 5.71 138.22 2211.7 8320.11 1.02 42.59 130.47 2387.73 8073.13 9.4588 0.02 333 2212 100.0 10.52 6.221
258 137 41.9989 0.84 100.0 445.0 550.67 1365.86 1147.77 3.91 5.71 138.14 2211.64 8321.93 1.02 42.64 129.69 2387.67 8077.91 9.476 0.02 334 2212 100.0 10.34 6.3251
258 138 0.0001 0.0003 100.0 518.67 643.22 1599.8 1428.25 14.62 21.61 551.03 2388.32 9060.45 1.3 48.14 519.67 2388.24 8130.86 8.5041 0.03 397 2388 100.0 38.56 23.1281
258 139 20.0065 0.7017 100.0 491.19 607.98 1490.51 1265.98 9.35 13.66 332.25 2324.11 8724.77 1.08 44.97 313.61 2388.22 8058.84 9.2858 0.03 367 2324 100.0 24.13 14.5601
258 140 41.9993 0.84 100.0 445.0 550.3 1360.81 1142.61 3.91 5.72 138.53 2211.66 8322.98 1.02 42.74 130.17 2387.73 8078.21 9.4714 0.02 333 2212 100.0 10.39 6.4016
258 141 35.0052 0.8408 100.0 449.44 556.43 1375.7 1148.86 5.48 8.0 193.71 2222.93 8352.97 1.02 42.37 182.46 2388.0 8060.44 9.4353 0.02 337 2223 100.0 14.72 8.8607
258 142 35.0032 0.84 100.0 449.44 556.6 1370.08 1138.94 5.48 8.0 193.74 2222.99 8350.09 1.02 42.33 182.6 2388.04 8065.15 9.4378 0.02 336 2223 100.0 14.63 8.7607
258 143 9.9984 0.25 100.0 489.05 606.05 1513.93 1326.79 10.52 15.5 393.03 2319.17 8783.4 1.26 46.08 370.55 2388.46 8124.16 8.7392 0.03 372 2319 100.0 28.32 16.9473
